    0.0650    0.3555    0.1905    0.1332    0.0325    0.1026    0.0001    0.3220    0.1028        0.0745    0.0116  -17.6573
    0.0652    0.3350    0.1913    0.1336    0.0326    0.1027    0.0001    0.3238    0.1031        0.0747    0.0116  -13.7159
    0.0672    0.3453    0.1205    0.1373    0.0336    0.0929    0.0001    0.4711    0.2973        0.1049    0.0096  -18.6467
    0.0787    0.3453    0.0960    0.1604    0.0393    0.0930    0.0001    0.7802    0.2814        0.0720    0.0032  -19.5657
    0.1026    0.3090    0.0254    0.0785    0.0513    0.0315    0.0001    0.3972    0.2227        0.0333    0.0070   -7.0006
    0.0978    0.3269    0.0219    0.1329    0.0489    0.0301    0.0001    0.3464    0.3344       -0.0138   -0.0056   -8.4461
    0.0697    0.3696    0.2670    0.1404    0.0349    0.1148    0.0001    0.3456    0.2209        0.0938    0.0119  -10.1815
    0.0807    0.3696    0.1991    0.1638    0.0404    0.1148    0.0001    0.3963    0.2835        0.0381    0.0148  -11.3050
    0.0978    0.3398    0.1471    0.2009    0.0489    0.0431    0.0001    0.5547    0.1146        0.0752    0.0080   -5.6444
    0.0972    0.3398    0.1399    0.1998    0.0486    0.0431    0.0001    0.4668    0.1216        0.0714    0.0087   -5.8021
    0.0650    0.3736    0.1760    0.1302    0.0325    0.1507    0.0001    0.3636    0.2724        0.1474    0.0128  -23.3050
    0.0667    0.3839    0.1496    0.1336    0.0334    0.1526    0.0001    0.4145    0.3448        0.0777    0.0170  -23.9056
    0.1161    0.3210    0.1991    0.0796    0.0580    0.1107    0.0001    0.4270    0.1429        0.0579    0.0116    0.6094
    0.1039    0.3139    0.0100    0.0143    0.0519    0.1092    0.0001    0.3047    0.0902        0.0265   -0.0303   -2.9133
    0.0842    0.3489    0.0396    0.1710    0.0421    0.1303    0.0001    0.1248    0.3019        0.1365    0.0169    4.6035
    0.0873    0.3663    0.0470    0.1769    0.0436    0.1304    0.0001    0.1191    0.2493        0.1214    0.0188    3.0795
    0.0816    0.3474    0.3000    0.1633    0.0408    0.0832    0.0001    0.3734    0.2189        0.0922    0.0182  -12.8438
    0.0887    0.3419    0.2688    0.1804    0.0443    0.0832    0.0001    0.3657    0.2386        0.0979    0.0021  -12.8035
    0.0827    0.3634    0.1938    0.1631    0.0413    0.1142    0.0001    0.2665    0.1414        0.0895    0.0127   -4.8534
    0.0776    0.3575    0.1740    0.1605    0.0388    0.1160    0.0001    0.2933    0.1441        0.0894    0.0119   -6.7962
    0.0986    0.3609    0.2635    0.2041    0.0493    0.1236    0.0001    0.8932    0.2840       -0.0400    0.0065   -7.7512
    0.1003    0.3560    0.1261    0.2061    0.0502    0.1270    0.0001    0.7244    0.4278       -0.0457    0.0048  -11.0454
    0.0877    0.3453    0.1537    0.1382    0.0438    0.0989    0.0001    0.4092    0.2200        0.1063    0.0140   -9.7852
    0.0853    0.3541    0.1544    0.1713    0.0426    0.1086    0.0001    0.4258    0.2505        0.1295    0.0194  -12.6964
    0.0650    0.3637    0.3000    0.1321    0.0325    0.0843    0.0001    0.3753    0.1879        0.1041    0.0120  -22.9014
    0.0872    0.3572    0.0100    0.1723    0.0436    0.0859    0.0001    0.8402    0.7367        0.0210   -0.0264  -39.8559
    0.0703    0.3678    0.0241    0.1414    0.0351    0.0930    0.0001    0.3859    0.1189        0.0627    0.0020  -13.1388
    0.0720    0.3678    0.0247    0.1456    0.0360    0.0930    0.0001    0.3772    0.1190        0.0640    0.0018  -13.3511
    0.0677    0.3580    0.2982    0.1368    0.0339    0.1014    0.0001    0.3974    0.3108        0.0934    0.0094  -25.9781
    0.0732    0.3534    0.2886    0.1484    0.0366    0.1009    0.0001    0.3962    0.3395        0.0505    0.0126  -24.4162
    0.0835    0.3327    0.0367    0.1695    0.0418    0.0300    0.0001    0.3218    0.1156        0.0681    0.0027  -12.6574
    0.0787    0.3327    0.0351    0.1595    0.0393    0.0300    0.0001    0.3217    0.1185        0.0758    0.0028  -12.8241
    0.0731    0.3651    0.0854    0.1150    0.0366    0.0941    0.0001    0.7256    0.2315        0.0733   -0.0085  -15.8949
    0.0748    0.3670    0.0886    0.1512    0.0374    0.0786    0.0001    0.8129    0.1349        0.0695   -0.0094  -20.5355
    0.0830    0.3364    0.0125    0.0010    0.0415    0.1414    0.0001    0.3847    0.1968        0.0380    0.0041  -18.8651
    0.0814    0.3401    0.0125    0.0010    0.0407    0.1429    0.0001    0.3814    0.1949       -0.0001    0.0052  -19.0035
    0.0834    0.3724    0.0100    0.1706    0.0417    0.1050    0.0001    0.7546    0.2311        0.0045    0.0110  -17.9048
    0.0871    0.3724    0.0100    0.1799    0.0436    0.1050    0.0001    0.7610    0.2369        0.0041    0.0110  -18.5769
    0.0858    0.3572    0.0100    0.0735    0.0429    0.1216    0.0001    0.3312    0.2599        0.0532   -0.0027  -13.0233
    0.0754    0.3744    0.0105    0.1546    0.0377    0.1285    0.0001    0.3222    0.3211        0.0699   -0.0019  -17.6549
    0.0859    0.3434    0.1384    0.1777    0.0430    0.0365    0.0001    0.5154   -0.0037        0.0150    0.0041   -2.2991
    0.0941    0.3434    0.1377    0.1949    0.0471    0.0366    0.0001    0.5674   -0.0036        0.0162    0.0043   -2.6392
    0.0702    0.3618    0.2655    0.1430    0.0351    0.1078    0.0001    0.3278    0.2140        0.0933    0.0103   -8.7649
    0.0768    0.3582    0.2623    0.1586    0.0384    0.1082    0.0001    0.3132    0.2373        0.0954    0.0103   -8.2928
    0.0945    0.3559    0.0681    0.1091    0.0473    0.1159    0.0001    0.5501    0.3004        0.1611    0.0040  -17.9755
    0.0964    0.3545    0.0609    0.1326    0.0482    0.0951    0.0001    0.5406    0.2924        0.1779    0.0034  -18.1371
    0.0690    0.3712    0.1015    0.1380    0.0345    0.0834    0.0001    0.4089    0.2520        0.1238    0.0115  -12.0825
    0.0699    0.3651    0.0538    0.1428    0.0349    0.0798    0.0001    0.4893    0.2277        0.1069    0.0166  -13.4099
    0.0713    0.3653    0.2703    0.1450    0.0356    0.1057    0.0001    0.4213    0.1702        0.1042    0.0103  -12.5041
    0.0833    0.3653    0.1027    0.1691    0.0416    0.1057    0.0001    0.4826    0.1380        0.0871    0.0069  -15.1864
    0.1004    0.3144    0.0217    0.0573    0.0502    0.0947    0.0001    0.3361    0.0139        0.1027    0.0185   -1.6245
    0.0840    0.3604    0.0204    0.1708    0.0420    0.1057    0.0001    0.3497    0.0310        0.0651    0.0012   -7.3173
    0.0796    0.3794    0.0104    0.1514    0.0398    0.1126    0.0001    0.8208    0.1685        0.1570    0.0078  -21.2841
    0.0793    0.3798    0.0101    0.1629    0.0397    0.1134    0.0001    0.7911    0.1586        0.1396    0.0081  -22.5841
    0.0764    0.3513    0.1960    0.1560    0.0382    0.1113    0.0001    0.2434    0.2141        0.1059    0.0067   -9.8187
    0.0763    0.3517    0.1507    0.1551    0.0382    0.1125    0.0001    0.2814    0.1762        0.0958    0.0075   -9.5955
    0.0747    0.3562    0.0100    0.0991    0.0373    0.0643    0.0001    0.2993    0.3017        0.0860    0.0101  -22.6058
    0.0834    0.3641    0.0116    0.1378    0.0417    0.0523    0.0001    0.3575    0.3506        0.0901    0.0162  -24.2533
    0.0775    0.3401    0.0485    0.1576    0.0388    0.0818    0.0001    0.4450    0.2320        0.1807    0.0084  -15.5993
    0.0804    0.3401    0.0543    0.1640    0.0402    0.0818    0.0001    0.5187    0.2405        0.1809    0.0060  -15.8560
    0.0922    0.3535    0.2440    0.1882    0.0461    0.0762    0.0001    0.2790    0.2993        0.0892    0.0076  -14.1517
    0.0788    0.3535    0.2349    0.1601    0.0394    0.0762    0.0001    0.2828    0.3066        0.0930    0.0080  -14.7288
    0.1530    0.3225    0.2981    0.0323    0.0765    0.1337    0.0001    0.9786    0.5995        0.1307    0.0315  -11.4177
    0.1521    0.3216    0.2982    0.0004    0.0761    0.1340    0.0001    0.9426    0.5961        0.1663    0.0152  -11.5288
    0.0708    0.3694    0.1455    0.1427    0.0354    0.1650    0.0001    0.6524    0.7200        0.4097    0.0112  -23.6328
    0.0760    0.3694    0.1432    0.1555    0.0380    0.1650    0.0001    0.6160    0.6705        0.4448    0.0111  -24.2251
    0.0900    0.3415    0.0116    0.1252    0.0450    0.0797    0.0001    0.3938    0.3070        0.1755   -0.0044  -18.0953
    0.1018    0.3464    0.0131    0.1617    0.0509    0.0970    0.0001    0.4128    0.3921        0.2023   -0.0045  -20.7121
    0.0865    0.3754    0.2133    0.1759    0.0433    0.1192    0.0001    0.6211    0.2905        0.1345    0.0160  -13.6777
    0.1037    0.3754    0.2901    0.2116    0.0519    0.1192    0.0001    0.9586    0.3659        0.1607    0.0085  -14.1672
    0.0971    0.3811    0.0112    0.1301    0.0486    0.2308    0.0001    0.8661    0.3537        0.0364    0.0169  -11.9441
    0.0885    0.3788    0.0100    0.1818    0.0442    0.2079    0.0001    0.7837    0.3071       -0.0429    0.0155  -17.2867
    0.0725    0.3623    0.0463    0.1474    0.0363    0.1174    0.0001    0.4590    0.2797        0.0956    0.0079  -17.3339
    0.0766    0.3623    0.0460    0.1561    0.0383    0.1174    0.0001    0.4584    0.2550        0.1026    0.0079  -17.5179
    0.0823    0.3354    0.1884    0.1692    0.0412    0.0718    0.0001    0.1757    0.1096        0.0983    0.0074   -2.6795
    0.0977    0.3306    0.1824    0.2011    0.0489    0.0718    0.0001    0.3719    0.2573        0.1566    0.0050   -4.1627
    0.1236    0.2977    0.1568    0.1427    0.0618    0.0301    0.0001    0.4353    0.1971        0.1098    0.0093    3.7352
    0.1520    0.2717    0.2933    0.0902    0.0760    0.0305    0.0001    0.5107    0.3192        0.1836    0.1578    3.0817
    0.0963    0.3042    0.0100    0.0332    0.0481    0.0878    0.0001    0.2458    0.1620        0.0357    0.0145   -7.3911
    0.0929    0.3079    0.0100    0.0152    0.0464    0.0864    0.0001    0.3054    0.1550        0.0428    0.0417  -10.4333
    0.0976    0.3608    0.1918    0.1127    0.0488    0.1528    0.0001    0.3805    0.2035        0.1504    0.0097   -2.1616
    0.1057    0.3607    0.2972    0.1196    0.0529    0.1537    0.0001    0.4970    0.2748        0.1827   -0.0177   -2.4349
    0.0788    0.3416    0.0131    0.1416    0.0394    0.1229    0.0001    0.2262    0.1722        0.1981    0.0076   -0.0632
    0.0720    0.3590    0.0127    0.1471    0.0360    0.1233    0.0001    0.2271    0.1820        0.1915    0.0076   -4.9702
    0.0816    0.3370    0.1354    0.1633    0.0408    0.0735    0.0001    0.4190    0.2849        0.0809    0.0069  -12.7485
    0.0826    0.3370    0.1488    0.1694    0.0413    0.0735    0.0001    0.4066    0.2761        0.0818    0.0075  -13.4760
    0.0651    0.3615    0.0223    0.1306    0.0325    0.1184    0.0001    0.3467    0.1440        0.1561    0.0126  -17.6520
    0.0650    0.3609    0.0298    0.1318    0.0325    0.1169    0.0001    0.4977    0.1108        0.2769    0.0143  -19.0809
    0.0791    0.3653    0.0324    0.1617    0.0396    0.1102    0.0001    0.5066    0.0351        0.1002    0.0053  -13.6529
    0.0764    0.3653    0.0309    0.1558    0.0382    0.1102    0.0001    0.4823    0.0376        0.1066    0.0052  -13.6996
    0.1148    0.2825    0.0106    0.0388    0.0574    0.0317    0.0001    0.3226    0.1641        0.0294    0.0076   -1.9278
    0.1109    0.3202    0.0181    0.1586    0.0555    0.0390    0.0001    0.5561    0.2785        0.0078    0.0015   -3.7134
    0.0837    0.3688    0.0119    0.1418    0.0418    0.1501    0.0001    0.3862    0.1321        0.1764    0.0044   -6.9708
    0.0775    0.3684    0.0121    0.1592    0.0387    0.1488    0.0001    0.3753    0.1110        0.1879    0.0047   -9.8237
    0.0770    0.3608    0.0114    0.1509    0.0385    0.1186    0.0001    0.3604    0.3323       -0.0207   -0.0199  -19.4087
    0.0720    0.3609    0.0115    0.1479    0.0360    0.1188    0.0001    0.3582    0.3591       -0.0211   -0.0236  -22.1320
    0.0855    0.3644    0.1084    0.0433    0.0428    0.1879    0.0001    0.6252    0.5691        0.0650    0.0148  -23.0035
    0.0866    0.3812    0.2239    0.0050    0.0433    0.2012    0.0001    0.7477    1.2411        0.1024   -0.0307  -24.0603
    0.1144    0.3408    0.2932    0.2274    0.0572    0.0457    0.0001    0.6479    0.1531        0.1611    0.0280   -2.5200
    0.1028    0.3403    0.2578    0.2121    0.0514    0.0433    0.0001    0.6269    0.1385        0.1719    0.0310   -3.9658
    0.0919    0.3344    0.0185    0.0423    0.0460    0.1128    0.0001    0.4821    0.2752        0.0171    0.0148  -19.9282
    0.0868    0.3508    0.0219    0.0967    0.0434    0.1153    0.0001    0.6702    0.3441        0.0218    0.0241  -22.1894
    0.0928    0.3556    0.0411    0.1297    0.0464    0.1645    0.0001    0.6316    0.2982        0.1060    0.0006    4.6800
    0.0916    0.3630    0.0427    0.1883    0.0458    0.1566    0.0001    0.6966    0.1841        0.1133    0.0006   -0.0950
    0.0862    0.3288    0.0142    0.1733    0.0431    0.0459    0.0001    0.4316    0.1463        0.0155   -0.0066  -11.6182
    0.0904    0.3331    0.0201    0.1844    0.0452    0.0468    0.0001    0.6083    0.1771        0.0055   -0.0057  -13.8482
    0.0906    0.3530    0.0100    0.1884    0.0453    0.1187    0.0001    0.8031    0.1271        0.1133   -0.0051  -10.6964
    0.0933    0.3617    0.0103    0.1920    0.0466    0.1208    0.0001    0.7614    0.1569        0.1364   -0.0041  -13.8933
    0.0917    0.3534    0.1977    0.1898    0.0458    0.0840    0.0001    0.3929    0.0292        0.1173    0.0109   -6.3557
    0.0946    0.3500    0.1853    0.1957    0.0473    0.0818    0.0001    0.5409    0.0299        0.1067    0.0099   -6.6427
    0.0982    0.3268    0.1198    0.0720    0.0491    0.0774    0.0001    0.2913    0.3222        0.0058    0.0044   -3.1803
    0.0684    0.3664    0.0100    0.1370    0.0342    0.0904    0.0001    0.3166    0.1607        0.0075    0.0052   -9.7595
    0.0827    0.3524    0.0100    0.1021    0.0414    0.0794    0.0001    0.7936    0.0917        0.0200    0.0125  -23.1555
    0.0778    0.3578    0.0114    0.1588    0.0389    0.0853    0.0001    0.9090    0.1033       -0.0903    0.0909  -24.9734
    0.0650    0.3688    0.2968    0.1318    0.0325    0.0957    0.0001    0.4120    0.2436        0.1164    0.0083  -24.7730
    0.0650    0.3624    0.2958    0.1317    0.0325    0.0957    0.0001    0.4117    0.2435        0.1159    0.0083  -24.2699
    0.0722    0.3444    0.1266    0.1474    0.0361    0.0966    0.0001    0.5159    0.1766        0.1293    0.0145  -13.3650
    0.0756    0.3484    0.1305    0.1551    0.0378    0.0918    0.0001    0.5666    0.1777        0.1248    0.0140  -17.3289
    0.0650    0.3977    0.2140    0.1294    0.0325    0.2370    0.0001    0.4963    0.2239        0.0388    0.0195  -10.9649
    0.0761    0.3977    0.1708    0.1555    0.0380    0.2370    0.0001    0.6392    0.2910        0.0356    0.0180  -13.0457
    0.0912    0.3691    0.2869    0.1877    0.0456    0.1312    0.0001    0.5638    0.3099        0.1255    0.0110   -5.9675
    0.0957    0.3670    0.2470    0.1993    0.0478    0.1312    0.0001    0.6019    0.2826        0.1219    0.0093   -3.9828
    0.0712    0.3858    0.2782    0.1454    0.0356    0.1785    0.0001    0.3106    0.2166        0.0796    0.0145    0.3079
    0.0778    0.3862    0.0983    0.1605    0.0389    0.1818    0.0001    0.3834    0.2224        0.0393    0.0202   -3.2904
    0.0897    0.3528    0.1698    0.1847    0.0448    0.0650    0.0001    0.5656    0.2922       -0.0449    0.0279  -12.9054
    0.0916    0.3528    0.1741    0.1893    0.0458    0.0650    0.0001    0.6347    0.2353       -0.0291    0.0301  -13.1489
    0.1008    0.3250    0.0100    0.1450    0.0504    0.0537    0.0001    0.2784    0.2770        0.0119    0.0049    9.3983
    0.1004    0.3434    0.0104    0.2075    0.0502    0.0808    0.0001    0.3324    0.3160        0.0135    0.0054    5.2360
    0.0695    0.3622    0.2570    0.1399    0.0347    0.1077    0.0001    0.3173    0.2258        0.1117    0.0107   -8.7820
    0.0678    0.3611    0.0134    0.1393    0.0339    0.1033    0.0001    0.3792    0.2496        0.1219    0.0129  -13.4810
    0.0702    0.3640    0.2777    0.1428    0.0351    0.0729    0.0001    0.3307    0.1880        0.1100    0.0062  -24.6942
    0.0795    0.3592    0.2710    0.1626    0.0397    0.0729    0.0001    0.4224    0.2006        0.0955    0.0075  -24.7618
    0.0976    0.3696    0.2976    0.1987    0.0488    0.1744    0.0001    0.3636    0.1566        0.2236    0.0191   -1.9196
    0.1077    0.3696    0.2692    0.2195    0.0539    0.1743    0.0001    0.7380    0.1976        0.1114    0.0138   -4.2221
    0.0696    0.3470    0.2990    0.1421    0.0348    0.0955    0.0001    0.4139    0.3128        0.1152    0.0109   -8.9522
    0.0746    0.3451    0.1882    0.1522    0.0373    0.0915    0.0001    0.4275    0.3893        0.1043    0.0125  -11.0270
    0.0977    0.3301    0.0658    0.1267    0.0488    0.0774    0.0001    0.6168    0.0779        0.0953    0.0189   -6.5586
    0.1021    0.3433    0.1277    0.2115    0.0510    0.0718    0.0001    0.9254    0.0691        0.1772    0.0329  -10.0420
    0.1258    0.2937    0.0103    0.1416    0.0629    0.0300    0.0001    0.3249    0.3071        0.0891    0.0198   -3.6519
    0.1162    0.3213    0.0106    0.1632    0.0581    0.0922    0.0001    0.3354    0.3155        0.0947    0.0490   -4.5667
    0.0821    0.3367    0.0117    0.1242    0.0410    0.1126    0.0001    0.3543    0.1882        0.1024    0.0105   -5.7377
    0.0773    0.3397    0.0120    0.1572    0.0386    0.1133    0.0001    0.3607    0.1859        0.0857    0.0102   -8.1730
    0.0817    0.3573    0.1779    0.1550    0.0408    0.1035    0.0001    0.7357    0.0467        0.0668   -0.0121   -6.6083
    0.0853    0.3573    0.1466    0.1773    0.0426    0.1025    0.0001    0.6375    0.0516        0.0660   -0.0101   -8.0182
    0.0892    0.3559    0.2884    0.1815    0.0446    0.0744    0.0001    0.5965    0.1501        0.1364    0.0098  -18.2958
    0.0875    0.3509    0.2730    0.1779    0.0437    0.0744    0.0001    0.6129    0.1457        0.1189    0.0110  -17.5931
    0.0663    0.3474    0.2978    0.1352    0.0332    0.0831    0.0001    0.2687    0.2830        0.1123    0.0089  -18.1600
    0.0733    0.3474    0.1705    0.1492    0.0367    0.0829    0.0001    0.2749    0.2629        0.1169    0.0084  -19.3845
    0.0658    0.3533    0.1496    0.1329    0.0329    0.1126    0.0001    0.4414    0.1127        0.1492    0.0047  -27.7610
    0.0650    0.3531    0.1432    0.1293    0.0325    0.1121    0.0001    0.4640    0.1275        0.1620    0.0047  -26.9416
    0.0676    0.3627    0.0100    0.1367    0.0338    0.1195    0.0001    0.7724    0.1651        0.1363    0.0161  -25.8693
    0.0773    0.3607    0.0100    0.1556    0.0387    0.1218    0.0001    0.7893    0.1606        0.1556    0.0066  -26.8712
    0.1111    0.2917    0.0930    0.0002    0.0556    0.0524    0.0001    0.4142    0.1189        0.1032    0.0060   -7.7658
    0.1083    0.2892    0.0252    0.0002    0.0542    0.0300    0.0001    0.3933    0.1330        0.0780    0.0092   -8.8893
    0.0663    0.3652    0.0260    0.0894    0.0331    0.1487    0.0001    0.4225    0.3772        0.0999    0.0111  -28.5331
    0.0758    0.3465    0.0271    0.0012    0.0379    0.1442    0.0001    0.4419    0.4092       -0.0205   -0.0951  -30.6412
    0.0705    0.3673    0.2394    0.1452    0.0352    0.1175    0.0001    0.2606    0.1743        0.0512    0.0088   -6.0160
    0.0836    0.3688    0.2255    0.1714    0.0418    0.1116    0.0001    0.2418    0.1721        0.0611    0.0054  -10.0712
    0.0794    0.3305    0.0319    0.0945    0.0397    0.0960    0.0001    0.4919    0.2314        0.0561    0.0217  -14.1836
    0.0757    0.3354    0.0280    0.1533    0.0379    0.0845    0.0001    0.4495    0.2102        0.0711    0.0177  -17.6167
    0.0698    0.3675    0.2998    0.1411    0.0349    0.1183    0.0001    0.4856    0.1954        0.0569    0.0077  -13.8333
    0.0744    0.3672    0.2992    0.1505    0.0372    0.1172    0.0001    0.5056    0.2030        0.0593    0.0080  -13.3896
    0.0672    0.3516    0.1517    0.1355    0.0336    0.1059    0.0001    0.4384    0.1844        0.0863    0.0184  -22.9220
    0.0707    0.3540    0.1177    0.1453    0.0354    0.1007    0.0001    0.4997    0.1560        0.0878    0.0157  -22.5929
    0.1030    0.3114    0.0100    0.1026    0.0515    0.0300    0.0001    0.2998    0.1542        0.0996    0.0112   -8.4542
    0.0950    0.3394    0.0134    0.1960    0.0475    0.0382    0.0001    0.3967    0.2190        0.1279   -0.0037  -12.4302
    0.1037    0.3524    0.2681    0.2126    0.0519    0.0702    0.0001    0.6091    0.1713        0.2061    0.0115   -9.7701
    0.0926    0.3509    0.1459    0.1922    0.0463    0.0667    0.0001    0.6359    0.2008        0.2792    0.0107  -11.8652
    0.0827    0.3414    0.1120    0.0898    0.0414    0.1045    0.0001    0.4748    0.1331        0.0667    0.0081  -11.6090
    0.0777    0.3421    0.0130    0.0762    0.0389    0.0992    0.0001    0.3969    0.0663        0.0661   -0.0313  -14.4735
    0.0650    0.3524    0.2322    0.1328    0.0325    0.0978    0.0001    0.2254    0.1794        0.0856    0.0100  -14.2649
    0.0661    0.3527    0.0854    0.1278    0.0331    0.0994    0.0001    0.2334    0.3365        0.0677    0.0074  -14.2541
    0.0892    0.3118    0.0100    0.1023    0.0446    0.0300    0.0001    0.2998    0.1480        0.0902    0.0091   -7.5502
    0.0850    0.3314    0.0107    0.1750    0.0425    0.0304    0.0001    0.3327    0.1741        0.0922    0.0094  -11.0529
    0.0837    0.3353    0.0548    0.1700    0.0419    0.0856    0.0001    0.6679    0.0939        0.0528    0.0171   -4.9381
    0.0919    0.3353    0.0387    0.1861    0.0459    0.0856    0.0001    0.5987    0.1488        0.0328    0.0191   -6.5511
    0.0698    0.3565    0.0687    0.1421    0.0349    0.1204    0.0001    0.3813    0.2856        0.1397    0.0133  -15.5226
    0.0798    0.3562    0.0697    0.1622    0.0399    0.1199    0.0001    0.3933    0.2417        0.1147    0.0135  -15.4068
    0.0705    0.3424    0.2928    0.1453    0.0352    0.0780    0.0001    0.4663    0.2802        0.1208    0.0088  -15.7064
    0.0735    0.3424    0.2357    0.1513    0.0367    0.0780    0.0001    0.4157    0.2408        0.1513    0.0078  -16.2115
    0.1223    0.3239    0.0258    0.1404    0.0611    0.1088    0.0001    0.3938    0.4071        0.1534    0.0025   -2.4009
    0.1098    0.3443    0.0256    0.2297    0.0549    0.1097    0.0001    0.3958    0.4022        0.2168    0.0022   -5.0672
    0.0765    0.3682    0.0100    0.1556    0.0382    0.1653    0.0001    0.7049    0.2725        0.1058    0.0100  -20.8093
    0.0771    0.3615    0.0100    0.1547    0.0385    0.1587    0.0001    0.7990    0.2879        0.1072    0.0096  -21.4692
    0.0838    0.3544    0.1571    0.0859    0.0419    0.1304    0.0001    0.5500    0.1953        0.0746    0.0021  -13.9750
    0.0919    0.3601    0.2920    0.1434    0.0460    0.1192    0.0001    0.7446    0.3153        0.0983    0.0007  -14.1456
    0.0879    0.3654    0.3000    0.1796    0.0440    0.0788    0.0001    0.7334    0.3165        0.1645    0.0172   -9.7837
    0.0990    0.3642    0.2551    0.1997    0.0495    0.0757    0.0001    0.8816    0.1767        0.0950    0.0181   -9.6651
    0.0772    0.3582    0.2995    0.1577    0.0386    0.0923    0.0001    0.5930    0.2353        0.0686    0.0094   -7.3600
    0.0921    0.3525    0.2982    0.1866    0.0460    0.0906    0.0001    0.7831    0.2201        0.0783    0.0060   -6.5034
    0.0973    0.3377    0.2940    0.1108    0.0487    0.0825    0.0001    0.6746    0.1333       -0.2294   -0.0240  -15.5544
    0.1093    0.3170    0.2956    0.0008    0.0547    0.0675    0.0001    0.6024    0.1550       -0.2826   -0.1252  -16.3367
    0.1186    0.2895    0.0128    0.0032    0.0593    0.0462    0.0001    0.3915    0.3887        0.1423    0.0076  -13.2233
    0.1212    0.2816    0.0106    0.0023    0.0606    0.0468    0.0001    0.3289    0.3213        0.1626    0.0018  -14.4238
    0.1209    0.2965    0.1881    0.0040    0.0604    0.0549    0.0001    0.4406    0.2648        0.2722    0.0109  -15.7901
    0.1317    0.2935    0.2316    0.0051    0.0659    0.0303    0.0001    0.4836    0.4913        0.2704    0.0073  -17.6631
    0.0652    0.3658    0.2997    0.1332    0.0326    0.0888    0.0001    0.5300    0.1476        0.1141    0.0183  -26.8069
    0.0653    0.3604    0.2236    0.1326    0.0326    0.0876    0.0001    0.5038    0.1465        0.1084    0.0183  -25.5309
    0.0823    0.3539    0.2984    0.1691    0.0411    0.0807    0.0001    0.4707    0.3435        0.0994    0.0135  -19.3781
    0.0909    0.3539    0.2900    0.1875    0.0454    0.0807    0.0001    0.5495    0.2890        0.1037    0.0126  -19.7160
    0.0773    0.3564    0.2997    0.1577    0.0386    0.0975    0.0001    0.5242    0.2638        0.0730    0.0101  -13.4674
    0.0857    0.3543    0.1786    0.1704    0.0429    0.1021    0.0001    0.7628    0.3135        0.0375    0.0056  -14.4504
    0.0747    0.3484    0.0100    0.1505    0.0374    0.0953    0.0001    0.3115    0.2835        0.1188    0.0082  -20.7302
    0.0710    0.3566    0.0101    0.1429    0.0355    0.0949    0.0001    0.3148    0.3064        0.1184    0.0082  -22.1122
    0.0651    0.3589    0.0158    0.1103    0.0325    0.1236    0.0001    0.4974    0.0594        0.0937    0.0169  -14.3913
    0.0651    0.3684    0.0156    0.1311    0.0326    0.1251    0.0001    0.4783    0.0625        0.1077    0.0172  -17.8996
    0.0748    0.3264    0.0703    0.1525    0.0374    0.0405    0.0001    0.4183    0.2137        0.1136    0.0117  -15.9883
    0.0717    0.3291    0.0626    0.1458    0.0359    0.0404    0.0001    0.4129    0.2878        0.1009    0.0105  -17.9406
    0.0988    0.3531    0.2686    0.2031    0.0494    0.0904    0.0001    0.7574    0.5233        0.0218    0.0035  -16.6116
    0.0991    0.3530    0.2832    0.2017    0.0496    0.0884    0.0001    0.9305    0.4437        0.0085    0.0048  -15.3450
    0.0913    0.3550    0.1602    0.1879    0.0457    0.0837    0.0001    0.2806    0.4744        0.0350    0.0080  -14.5703
    0.0863    0.3539    0.1608    0.1780    0.0432    0.0855    0.0001    0.3114    0.4809        0.0355    0.0083  -12.7985
    0.0665    0.3611    0.0100    0.1311    0.0332    0.0929    0.0001    0.3139    0.2442        0.1883   -0.0002  -14.0211
    0.0792    0.3648    0.0108    0.1601    0.0396    0.1020    0.0001    0.3287    0.2985        0.1654   -0.0002  -20.2597
    0.1229    0.3121    0.0328    0.1260    0.0615    0.0300    0.0001    0.5159    0.2831        0.1175    0.0142   -8.5794
    0.1197    0.3035    0.0283    0.0896    0.0598    0.0300    0.0001    0.4368    0.2630        0.1006    0.0736   -9.2078
    0.0955    0.3413    0.0974    0.1573    0.0477    0.0832    0.0001    0.3179    0.1720        0.2181    0.0094    3.0407
    0.0980    0.3545    0.1075    0.2032    0.0490    0.0805    0.0001    0.3449    0.2194        0.2152    0.0104   -0.7209
    0.0655    0.3833    0.1811    0.1326    0.0327    0.1266    0.0001    0.3045    0.1080       -0.0270    0.0114  -18.9492
    0.0650    0.3816    0.2246    0.1317    0.0325    0.1309    0.0001    0.3384    0.1653       -0.0193    0.0115  -18.3303
    0.0815    0.3780    0.2672    0.1516    0.0407    0.1048    0.0001    0.8677    0.3981        0.3435    0.0266  -17.4413
    0.0816    0.3739    0.2287    0.1664    0.0408    0.1065    0.0001    0.8952    0.5790        0.3770    0.0298  -23.4348
    0.0906    0.3609    0.0695    0.1841    0.0453    0.0855    0.0001    0.3264    0.1827        0.0312    0.0088   -9.6348
    0.0873    0.3545    0.0688    0.1794    0.0436    0.0827    0.0001    0.3572    0.1937        0.0292    0.0088   -9.6436
    0.0986    0.2992    0.0100    0.0480    0.0493    0.0304    0.0001    0.3025    0.1339        0.0870    0.0550  -10.6172
    0.0994    0.2951    0.0101    0.0029    0.0497    0.0300    0.0001    0.3097    0.1553        0.0328    0.0420  -11.5554
    0.0851    0.3479    0.0100    0.0424    0.0425    0.1886    0.0001    0.3054    0.1566       -0.0163   -0.0025  -12.2871
    0.0950    0.3143    0.0109    0.0227    0.0475    0.1092    0.0001    0.3338    0.1699       -0.0631   -0.0170  -13.4468
    0.0865    0.3322    0.0105    0.1132    0.0433    0.0843    0.0001    0.3252    0.1590        0.0271    0.0090   -9.9785
    0.0894    0.3494    0.0121    0.1850    0.0447    0.0927    0.0001    0.3854    0.1603        0.0201    0.0075  -15.2882
    0.0810    0.3481    0.1539    0.1637    0.0405    0.0885    0.0001    0.4923    0.0287        0.0005    0.0073   -8.3760
    0.0773    0.3540    0.1467    0.1562    0.0386    0.0885    0.0001    0.4953    0.0296        0.0005    0.0076   -9.5292
    0.1018    0.3654    0.1499    0.1410    0.0509    0.1295    0.0001    1.3207    0.2716        0.0648    0.0226  -14.8399
    0.0922    0.3763    0.1093    0.1793    0.0461    0.1341    0.0001    1.7278    0.2737        0.1988    0.0101  -17.6549
    0.0943    0.3367    0.2496    0.1134    0.0472    0.0748    0.0001    0.3434    0.1564        0.0961    0.0082   -4.5918
    0.0797    0.3553    0.0424    0.1641    0.0399    0.0842    0.0001    0.6577    0.1590        0.1043    0.0101  -10.6221
    0.0653    0.3898    0.0688    0.1317    0.0326    0.2185    0.0001    0.2466    0.2999        0.0361    0.0193   -6.9399
    0.0769    0.3889    0.0713    0.1579    0.0385    0.2163    0.0001    0.3274    0.3366        0.0381    0.0237   -7.0633
    0.0654    0.3752    0.1245    0.1147    0.0327    0.1611    0.0001    0.5729    0.0020        0.0695    0.0105  -10.0844
    0.0651    0.3741    0.1248    0.1312    0.0325    0.1653    0.0001    0.6129    0.0019        0.0663    0.0098  -11.4049
    0.0770    0.3690    0.3000    0.1578    0.0385    0.1183    0.0001    0.4985    0.2322        0.1071    0.0070   -7.2374
    0.0810    0.3688    0.3000    0.1642    0.0405    0.1173    0.0001    0.4485    0.2524        0.1096    0.0078   -6.4756
    0.0785    0.3593    0.2345    0.1617    0.0392    0.0603    0.0001    0.4343    0.1973        0.1329    0.0074  -20.1190
    0.0802    0.3609    0.0429    0.1637    0.0401    0.0555    0.0001    0.6692    0.1825        0.1350    0.0076  -22.8331
    0.0843    0.3527    0.1081    0.1681    0.0422    0.0931    0.0001    0.5224    0.0763       -0.0340    0.0036   -5.0415
    0.0825    0.3531    0.1025    0.1708    0.0413    0.0933    0.0001    0.4965    0.0795       -0.0317    0.0034   -6.2736
    0.0900    0.3812    0.2274    0.1824    0.0450    0.1231    0.0001    0.9290   -0.1728        0.3511    0.0214  -15.4182
    0.0912    0.3812    0.2370    0.1848    0.0456    0.1230    0.0001    0.8886   -0.1682        0.2890    0.0210  -15.5933
    0.0988    0.3787    0.2070    0.2016    0.0494    0.1424    0.0001    0.4846    0.5085        0.2344   -0.0150  -14.2090
    0.0937    0.3882    0.1999    0.1921    0.0469    0.1425    0.0001    0.5108    0.4391        0.2392   -0.0162  -14.8650
    0.0878    0.3298    0.0247    0.1123    0.0439    0.0871    0.0001    0.3843    0.2113        0.1561    0.0082  -15.8618
    0.0881    0.3208    0.0219    0.0014    0.0441    0.1232    0.0001    0.3394    0.1978        0.1983   -0.0033  -16.9225
    0.0785    0.3426    0.1210    0.1590    0.0393    0.0855    0.0001    0.3581    0.2828        0.1853    0.0112  -13.0787
    0.0833    0.3418    0.1201    0.1697    0.0416    0.0825    0.0001    0.3430    0.2831        0.1571    0.0100  -13.1635
    0.0897    0.3407    0.0100    0.1824    0.0449    0.1171    0.0001    0.3375    0.2747        0.2144    0.0109   -1.2392
    0.0883    0.3410    0.0101    0.1811    0.0442    0.1166    0.0001    0.3053    0.2869        0.2084    0.0110   -2.5036
    0.0665    0.3556    0.2748    0.1367    0.0332    0.1035    0.0001    0.4211    0.2445        0.0641    0.0116  -17.9357
    0.0682    0.3560    0.2587    0.1388    0.0341    0.1044    0.0001    0.4055    0.2461        0.0686    0.0115  -16.9498
    0.0810    0.3379    0.0142    0.0847    0.0405    0.0718    0.0001    0.4362    0.1617        0.1298    0.0211  -19.6029
    0.0809    0.3435    0.0121    0.1216    0.0405    0.0666    0.0001    0.3741    0.1933        0.1780   -0.0861  -20.9563
    0.0916    0.3415    0.1568    0.1224    0.0458    0.0964    0.0001    0.3206    0.1651        0.1342    0.0110   -2.8759
    0.1155    0.3523    0.1859    0.2394    0.0577    0.0892    0.0001    0.4725    0.4892       -0.0634    0.0128   -9.2540
    0.1018    0.3115    0.0119    0.0963    0.0509    0.0867    0.0001    0.1838    0.1081        0.1042   -0.0015    4.2950
    0.1006    0.3377    0.0173    0.2067    0.0503    0.0426    0.0001    0.2835    0.1504        0.1547   -0.0017   -1.4893
    0.0786    0.3539    0.0137    0.0859    0.0393    0.1181    0.0001    0.4252    0.2054        0.0779   -0.0051  -20.4762
    0.0772    0.3620    0.0167    0.0815    0.0386    0.1497    0.0001    0.5097    0.2662        0.0769   -0.0204  -21.3213
    0.1152    0.3467    0.1641    0.2351    0.0576    0.0306    0.0001    0.5651    0.7033        0.1932   -0.0212  -17.7529
    0.1204    0.3447    0.0704    0.2487    0.0602    0.0300    0.0001    0.6024    0.6318        0.2125   -0.0133  -18.5905
    0.0855    0.3515    0.1059    0.1750    0.0427    0.1116    0.0001    0.3483    0.4731        0.0940   -0.0053  -20.6075
    0.0835    0.3532    0.1069    0.1707    0.0417    0.1159    0.0001    0.5866    0.4932        0.0897   -0.0058  -23.9864
    0.1081    0.3029    0.0118    0.0524    0.0540    0.0329    0.0001    0.3609    0.3562        0.1900   -0.0027  -25.6894
    0.1074    0.2990    0.0110    0.0289    0.0537    0.0307    0.0001    0.3386    0.3296        0.1772    0.0335  -26.0744
    0.0716    0.3493    0.2962    0.1451    0.0358    0.0995    0.0001    0.3748    0.2087        0.0535    0.0095  -17.7465
    0.0811    0.3490    0.3000    0.1640    0.0405    0.0987    0.0001    0.7006    0.1466        0.0888    0.0136  -18.8664
    0.0975    0.3139    0.2502    0.1148    0.0488    0.0951    0.0001    0.3697    0.1273        0.0236    0.0074   -3.4962
    0.0938    0.3150    0.2120    0.1174    0.0469    0.0927    0.0001    0.3437    0.1106        0.0098   -0.0181   -3.5641
    0.0793    0.3440    0.0124    0.0941    0.0397    0.0827    0.0001    0.3824    0.1917        0.1142    0.0070  -15.0562
    0.0691    0.3556    0.0109    0.1397    0.0345    0.0595    0.0001    0.3493    0.1634        0.0889    0.0052  -19.8870
    0.1061    0.3079    0.2582    0.0931    0.0530    0.0301    0.0001    0.4714    0.2389        0.2205    0.0007  -11.7360
    0.0991    0.3258    0.2472    0.1477    0.0495    0.0305    0.0001    0.4824    0.2377        0.2254    0.0015  -11.8764
    0.0953    0.3140    0.2717    0.0951    0.0477    0.0546    0.0001    0.5572    0.2829        0.0799    0.0112  -16.4114
    0.0980    0.3115    0.2913    0.0827    0.0490    0.0567    0.0001    0.5600    0.3047       -0.0077   -0.0401  -16.8262
    0.0700    0.3608    0.2435    0.1429    0.0350    0.0988    0.0001    0.2743    0.1035        0.0892    0.0081   -6.0217
    0.0810    0.3608    0.2533    0.1670    0.0405    0.0988    0.0001    0.2819    0.1077        0.0703    0.0079   -6.8896
    0.0782    0.3394    0.0128    0.1304    0.0391    0.0302    0.0001    0.3860    0.4037        0.1001    0.0087  -21.0852
    0.0847    0.3373    0.0108    0.1323    0.0423    0.0300    0.0001    0.3339    0.3281        0.0519    0.0081  -22.3691
    0.0690    0.3499    0.2955    0.1394    0.0345    0.0868    0.0001    0.3940    0.2443        0.0833    0.0128  -13.1561
    0.0682    0.3391    0.2911    0.1398    0.0341    0.0866    0.0001    0.3990    0.2442        0.0860    0.0129  -12.7206
    0.1121    0.2876    0.0150    0.0406    0.0561    0.0795    0.0001    0.4395    0.2551        0.1438    0.0009  -11.3859
    0.0931    0.3352    0.0170    0.1340    0.0465    0.1135    0.0001    0.5173    0.2673        0.1601   -0.0007  -13.3473
    0.0857    0.3323    0.0243    0.1736    0.0429    0.0535    0.0001    0.3993    0.3156        0.0454    0.0095  -15.0244
    0.0891    0.3323    0.0211    0.1811    0.0445    0.0536    0.0001    0.3370    0.3204        0.0469    0.0095  -15.6692
    0.0818    0.3501    0.0112    0.1271    0.0409    0.1047    0.0001    0.3401    0.1787        0.0814    0.0121  -13.9569
    0.0734    0.3523    0.0109    0.1487    0.0367    0.1033    0.0001    0.3278    0.1734        0.1078    0.0103  -16.2547
    0.0973    0.3403    0.0100    0.0650    0.0487    0.0803    0.0001    0.7417    0.1617        0.0751    0.0139  -16.8787
    0.0821    0.3815    0.0104    0.1664    0.0410    0.1354    0.0001    0.8413    0.1683        0.0523   -0.0006  -25.5348
    0.0840    0.3422    0.0347    0.1711    0.0420    0.0933    0.0001    0.5193    0.3752        0.1128    0.0128  -20.1336
    0.0901    0.3422    0.0376    0.1837    0.0451    0.0933    0.0001    0.5780    0.3749        0.1230    0.0100  -20.3049
    0.0905    0.3741    0.2884    0.1869    0.0452    0.0903    0.0001    0.5996    0.0844        0.1769    0.0136   -9.2357
    0.1006    0.3682    0.2749    0.2087    0.0503    0.0905    0.0001    0.7641    0.0659        0.2363    0.0030   -9.0883
    0.0738    0.3551    0.2741    0.1487    0.0369    0.1004    0.0001    0.4536    0.2646        0.0999    0.0108  -15.5783
    0.0733    0.3565    0.2183    0.1478    0.0367    0.1035    0.0001    0.4636    0.2603        0.1093    0.0096  -15.9391
    0.0908    0.3284    0.0134    0.0797    0.0454    0.0850    0.0001    0.4099    0.0644       -0.0253    0.0194   -8.8186
    0.0839    0.3606    0.0207    0.1716    0.0420    0.0933    0.0001    0.6314    0.1194        0.0125    0.0038  -13.6762
    0.0837    0.3767    0.2266    0.1707    0.0418    0.1843    0.0001    0.2898    0.1988        0.0329    0.0038   -1.7640
    0.0832    0.3703    0.2287    0.1703    0.0416    0.1833    0.0001    0.2959    0.1969        0.0330    0.0038   -1.7923
    0.0971    0.3295    0.0187    0.1074    0.0486    0.0951    0.0001    0.5755    0.1367        0.0564    0.0029   -3.7450
    0.0819    0.3558    0.0120    0.1673    0.0410    0.1236    0.0001    0.3868    0.1725       -0.0383    0.0030   -8.4847
    0.0876    0.3455    0.2291    0.1798    0.0438    0.0409    0.0001    0.4549    0.4615        0.1164    0.0133  -20.8440
    0.0902    0.3427    0.1807    0.1853    0.0451    0.0409    0.0001    0.4456    0.5225        0.1440    0.0101  -20.5918
    0.0656    0.3707    0.1424    0.1338    0.0328    0.1437    0.0001    0.5292    0.1087        0.1182    0.0145  -13.2767
    0.0653    0.3807    0.1323    0.1331    0.0327    0.1470    0.0001    0.5673    0.1078        0.1037    0.0160  -13.4336
    0.0727    0.3614    0.0326    0.1484    0.0363    0.1163    0.0001    0.4991    0.2187        0.0927    0.0075  -14.0010
    0.0749    0.3614    0.0326    0.1532    0.0374    0.1163    0.0001    0.4960    0.2153        0.0923    0.0075  -14.0652
    0.1035    0.3082    0.0133    0.0815    0.0518    0.0598    0.0001    0.4096    0.1112        0.0251    0.0079   -3.2198
    0.0893    0.3490    0.0173    0.1841    0.0446    0.0965    0.0001    0.5166    0.1522       -0.0741    0.0142   -9.9976
    0.0880    0.3650    0.0919    0.1399    0.0440    0.1680    0.0001    0.5228    0.1415        0.1535    0.0042   -7.9285
    0.0864    0.3772    0.0807    0.1784    0.0432    0.1526    0.0001    0.7753    0.2263        0.1469    0.0061  -10.6122
    0.0652    0.3476    0.2133    0.1318    0.0326    0.0990    0.0001    0.3977    0.1651        0.1840    0.0126  -23.2094
    0.0693    0.3471    0.2353    0.1373    0.0347    0.0999    0.0001    0.4160    0.2327        0.2006    0.0152  -20.7520
    0.0983    0.3361    0.0880    0.1400    0.0491    0.0531    0.0001    0.7714    0.2306        0.0290    0.0310  -10.0877
    0.0963    0.3452    0.0535    0.1975    0.0481    0.0330    0.0001    0.8268    0.1899       -0.0800   -0.0634  -14.0260
    0.0728    0.3571    0.0326    0.1496    0.0364    0.0761    0.0001    0.5479    0.1713        0.0662    0.0054  -17.1572
    0.0725    0.3553    0.0329    0.1468    0.0362    0.0743    0.0001    0.5289    0.1743        0.0680    0.0055  -15.8654
    0.0783    0.3532    0.2173    0.1601    0.0391    0.1357    0.0001    0.8401    0.4471       -0.0637    0.0002  -13.4200
    0.0871    0.3506    0.1797    0.1790    0.0435    0.1335    0.0001    0.9278    0.4464       -0.0698    0.0003  -14.7770
    0.0782    0.3498    0.2672    0.1604    0.0391    0.0805    0.0001    0.3531    0.1947        0.0853    0.0075   -3.5592
    0.0754    0.3412    0.0673    0.1543    0.0377    0.0795    0.0001    0.3328    0.2257        0.1043    0.0094   -3.7042
    0.1358    0.2854    0.1137    0.0995    0.0679    0.0358    0.0001    0.5108    0.2311        0.1181    0.0134    0.6152
    0.1330    0.2714    0.0891    0.0024    0.0665    0.0311    0.0001    0.4413    0.1944        0.1204    0.0094    0.2996
    0.0838    0.3392    0.0131    0.1181    0.0419    0.0579    0.0001    0.4041    0.0715        0.1586    0.0057   -9.3542
    0.0868    0.3337    0.0121    0.1067    0.0434    0.0646    0.0001    0.3750    0.0898        0.1846   -0.0117   -9.8937
    0.0815    0.3322    0.0123    0.1023    0.0408    0.0719    0.0001    0.3744    0.1946        0.1017    0.0104  -16.0467
    0.0804    0.3424    0.0145    0.1631    0.0402    0.0735    0.0001    0.4376    0.2303       -0.0113    0.0126  -19.5914
    0.0843    0.3374    0.1583    0.1721    0.0421    0.0527    0.0001    0.2962   -0.0315        0.0367    0.0113    0.8842
    0.0872    0.3371    0.1540    0.1769    0.0436    0.0524    0.0001    0.2754   -0.0328        0.0364    0.0101    1.7722
    0.0835    0.3701    0.0770    0.0855    0.0417    0.1805    0.0001    0.2573    0.1898       -0.0055    0.0131   -0.6177
    0.0876    0.3651    0.0137    0.1791    0.0438    0.1033    0.0001    0.4135    0.2208       -0.0056    0.0135   -5.9849
    0.0980    0.3325    0.1640    0.0530    0.0490    0.0443    0.0001    0.4390    0.3178        0.0649    0.0021  -16.0265
    0.0719    0.3686    0.0163    0.1392    0.0359    0.0553    0.0001    0.4806    0.2581        0.1091    0.0032  -24.2287
    0.0972    0.3363    0.0137    0.1517    0.0486    0.0779    0.0001    0.4217    0.1613        0.0961    0.0054   -5.6511
    0.0890    0.3467    0.0158    0.1822    0.0445    0.0885    0.0001    0.4727    0.2464        0.1281    0.0035   -9.0273
    0.0773    0.3479    0.0100    0.1324    0.0386    0.1975    0.0001    0.7441    0.0317        0.1662    0.0188  -17.3257
    0.0698    0.3770    0.0100    0.1398    0.0349    0.1334    0.0001    0.7912    0.0360        0.1527    0.0161  -23.8395
    0.0699    0.3528    0.2978    0.1409    0.0350    0.1193    0.0001    0.4740    0.4326        0.1321    0.0106  -18.2321
    0.0787    0.3608    0.2880    0.1596    0.0393    0.1193    0.0001    0.4885    0.4144        0.1396    0.0103  -18.7132
    0.0680    0.3604    0.2578    0.1377    0.0340    0.1176    0.0001    0.1889    0.2347        0.0730    0.0130   -8.6710
    0.0842    0.3603    0.0766    0.1698    0.0421    0.1172    0.0001    0.2877    0.3808        0.1210    0.0408  -11.1376
    0.1037    0.3201    0.0768    0.0371    0.0518    0.0926    0.0001    0.2966    0.1351        0.2101    0.0097   -8.1079
    0.1009    0.3215    0.0102    0.0027    0.0504    0.1088    0.0001    0.3120    0.1567        0.1594    0.0188  -12.1953
    0.1034    0.3531    0.0508    0.1448    0.0517    0.0655    0.0001    0.4433    0.2059        0.1298    0.0024   -8.6253
    0.1008    0.3555    0.0525    0.1270    0.0504    0.0856    0.0001    0.4647    0.1915        0.1286    0.0024   -8.7404
    0.1036    0.3055    0.0368    0.0769    0.0518    0.0328    0.0001    0.5758    0.2211        0.0564    0.0042  -10.3581
    0.0899    0.3422    0.0423    0.1850    0.0449    0.0307    0.0001    0.6522    0.2832        0.0673    0.0007  -13.8605
    0.0728    0.3427    0.1161    0.1477    0.0364    0.1009    0.0001    0.4719    0.1263        0.1254    0.0130  -14.6713
    0.0747    0.3427    0.1158    0.1518    0.0374    0.1009    0.0001    0.4922    0.1223        0.1251    0.0132  -14.8622
    0.0915    0.3476    0.2088    0.1113    0.0457    0.1108    0.0001    0.2606    0.2014        0.0749    0.0128   -3.1486
    0.0815    0.3602    0.0100    0.1566    0.0407    0.1093    0.0001    0.1697    0.1569        0.1592    0.0191   -6.6303
    0.0854    0.3204    0.0175    0.1731    0.0427    0.0467    0.0001    0.4945    0.1759        0.1262    0.0153  -17.6448
    0.0890    0.3232    0.0172    0.1801    0.0445    0.0477    0.0001    0.5249    0.1562        0.1318    0.0133  -17.1286
    0.0702    0.3447    0.0343    0.1389    0.0351    0.0898    0.0001    0.2979    0.3046       -0.0002    0.0111   -6.2244
    0.0760    0.3459    0.0319    0.1541    0.0380    0.0910    0.0001    0.2808    0.2775       -0.0002    0.0118   -7.8119
    0.0854    0.3427    0.1074    0.1146    0.0427    0.0873    0.0001    0.3824    0.1736        0.1041    0.0013   -8.0723
    0.0853    0.3461    0.1164    0.1358    0.0427    0.0920    0.0001    0.3767    0.1340        0.1106    0.0015   -8.2751
    0.0854    0.3249    0.0100    0.0857    0.0427    0.0982    0.0001    0.3108    0.3006        0.0876    0.0120  -23.2410
    0.0856    0.3336    0.0113    0.1290    0.0428    0.0892    0.0001    0.3538    0.3400        0.1053    0.0265  -23.6343
    0.0695    0.3587    0.3000    0.1394    0.0348    0.0776    0.0001    0.6012    0.1993        0.0866    0.0056  -23.2444
    0.0777    0.3584    0.2976    0.1596    0.0388    0.0757    0.0001    0.6562    0.2901        0.1058    0.0001  -25.4064
    0.0707    0.3692    0.1823    0.1422    0.0353    0.1543    0.0001    0.7537    0.0712        0.0332    0.0175  -12.9764
    0.0750    0.3692    0.1717    0.1522    0.0375    0.1543    0.0001    0.6894    0.0691        0.0343    0.0166  -13.3709
    0.0722    0.3615    0.2339    0.1452    0.0361    0.1300    0.0001    0.2740    0.1213        0.1280    0.0171   -3.5819
    0.0792    0.3614    0.2370    0.1601    0.0396    0.1300    0.0001    0.2779    0.1204        0.1219    0.0176   -3.9276
    0.0787    0.3629    0.3000    0.1604    0.0394    0.1141    0.0001    0.3426    0.3141        0.1329    0.0075  -17.2865
    0.0809    0.3628    0.2482    0.1606    0.0405    0.1139    0.0001    0.6253    0.6437        0.0776   -0.0203  -19.2602
    0.0650    0.3944    0.0152    0.1152    0.0325    0.1785    0.0001    0.4661    0.0086        0.0807    0.0151  -12.1323
    0.0650    0.3884    0.0201    0.1296    0.0325    0.1545    0.0001    0.6057    0.0095        0.0911    0.0190  -16.6918
    0.0991    0.3619    0.2990    0.2005    0.0495    0.1073    0.0001    0.5564    0.1275        0.2526    0.0072   -7.6705
    0.0953    0.3620    0.1284    0.1958    0.0476    0.1070    0.0001    0.6654    0.1929        0.1955    0.0140  -10.4689
    0.0769    0.3443    0.0718    0.1517    0.0384    0.1428    0.0001    0.3455    0.0250        0.0403    0.0095   -1.3325
    0.0819    0.3443    0.0875    0.1687    0.0409    0.1458    0.0001    0.4181    0.0282        0.0443    0.0087   -1.8164
    0.0686    0.3709    0.2612    0.1391    0.0343    0.0795    0.0001    0.2696    0.1232        0.0593    0.0093   -7.2826
    0.0688    0.3603    0.2646    0.1393    0.0344    0.0795    0.0001    0.2768    0.1235        0.0590    0.0093   -6.8773
    0.0941    0.3413    0.0123    0.1011    0.0471    0.0716    0.0001    0.3947    0.3733       -0.0322    0.0145  -20.7139
    0.0911    0.3468    0.0112    0.1247    0.0456    0.0885    0.0001    0.3463    0.3389       -0.0800    0.0171  -21.8966
    0.0756    0.3524    0.2748    0.1552    0.0378    0.0848    0.0001    0.3565    0.2220        0.0932    0.0106  -13.7698
    0.0829    0.3524    0.1470    0.1703    0.0414    0.0847    0.0001    0.3739    0.2012        0.1542    0.0184  -15.1062
    0.0810    0.3621    0.2951    0.1642    0.0405    0.1537    0.0001    0.6584    0.4303        0.1088    0.0005  -17.4421
    0.0859    0.3621    0.2774    0.1756    0.0429    0.1537    0.0001    0.5254    0.4713        0.0829    0.0004  -17.9346
    0.0956    0.3439    0.1605    0.1901    0.0478    0.0376    0.0001    0.5519    0.4597        0.0545    0.0066  -16.7313
    0.0930    0.3441    0.1607    0.1914    0.0465    0.0375    0.0001    0.5566    0.4649        0.0542    0.0067  -17.7979
    0.0654    0.3664    0.2282    0.1311    0.0327    0.1119    0.0001    0.1127    0.3483        0.1089    0.0088  -14.3093
    0.0708    0.3666    0.2339    0.1434    0.0354    0.1125    0.0001    0.1049    0.3650        0.0887    0.0089  -15.0936
    0.0695    0.3471    0.0583    0.1378    0.0348    0.1106    0.0001    0.5130    0.2112        0.2649    0.0089   -4.4340
    0.0756    0.3630    0.0595    0.1518    0.0378    0.1138    0.0001    0.5756    0.1672        0.2503    0.0114   -7.9951
    0.0758    0.3691    0.2196    0.1522    0.0379    0.1104    0.0001    0.5328    0.1374        0.1140   -0.0158  -13.8671
    0.0840    0.3691    0.2326    0.1729    0.0420    0.1103    0.0001    0.4872    0.1650        0.1231   -0.0121  -15.3461
    0.0957    0.3516    0.2346    0.1817    0.0478    0.0916    0.0001    0.6517    0.0882        0.2338    0.0133  -12.4393
    0.0905    0.3459    0.2316    0.1859    0.0453    0.0922    0.0001    0.6249    0.0908        0.2403    0.0139  -14.1040
    0.0785    0.3391    0.2959    0.1593    0.0392    0.0836    0.0001    0.3577    0.3141        0.1312    0.0123  -11.2694
    0.0803    0.3335    0.2710    0.1644    0.0402    0.0846    0.0001    0.3525    0.3265        0.1482    0.0120  -10.4043
    0.0942    0.3481    0.0192    0.1311    0.0471    0.1037    0.0001    0.5886    0.1684        0.0525    0.0107   -6.6392
    0.0913    0.3519    0.0205    0.1434    0.0456    0.0981    0.0001    0.6271    0.1909        0.0445   -0.0244   -6.8290
    0.1177    0.3555    0.1075    0.2437    0.0589    0.0731    0.0001    1.1652    0.2617        0.0101   -0.0104  -14.7977
    0.1222    0.3503    0.1596    0.2535    0.0611    0.0722    0.0001    1.0118    0.4447        0.0083   -0.0088  -14.0298
    0.0795    0.3622    0.1206    0.1613    0.0398    0.0755    0.0001    0.3556    0.3449        0.1450    0.0108  -15.5451
    0.0865    0.3622    0.1369    0.1762    0.0432    0.0755    0.0001    0.3516    0.2990        0.1425    0.0116  -15.9906
    0.0744    0.3816    0.1580    0.1520    0.0372    0.0843    0.0001    0.5569    0.2888       -0.0099    0.0095  -22.0228
    0.0746    0.3820    0.1591    0.1529    0.0373    0.0852    0.0001    0.5527    0.3452       -0.0099    0.0093  -23.3004
    0.1022    0.3078    0.0154    0.0609    0.0511    0.0648    0.0001    0.4715    0.0991        0.0493    0.0052  -10.7377
    0.1078    0.3051    0.0142    0.1129    0.0539    0.0300    0.0001    0.4363    0.2197        0.0809    0.0094  -13.1422
    0.0701    0.3501    0.2630    0.1439    0.0351    0.1045    0.0001    0.4075    0.1724        0.0924    0.0096   -6.1408
    0.0746    0.3501    0.2372    0.1537    0.0373    0.1045    0.0001    0.4290    0.0896        0.1388    0.0093   -6.6938
    0.0829    0.3413    0.0484    0.1015    0.0415    0.1275    0.0001    0.7474    0.0211        0.1627    0.0042    0.0468
    0.0777    0.3630    0.0420    0.1579    0.0389    0.1262    0.0001    0.6026    0.0078        0.2613    0.0047   -8.8491
    0.0909    0.3919    0.1724    0.1575    0.0455    0.1725    0.0001    0.7913    0.3882        0.0760    0.0030   -5.0836
    0.0879    0.3924    0.1724    0.1794    0.0440    0.1699    0.0001    0.8064    0.3479        0.0718    0.0028   -6.8102
    0.0650    0.3376    0.2749    0.1311    0.0325    0.1374    0.0001    0.4659    0.1604        0.0630    0.0071  -12.6933
    0.0662    0.3470    0.0161    0.1330    0.0331    0.1350    0.0001    0.4517    0.1677        0.0655    0.0070  -16.3670
    0.0875    0.3625    0.0136    0.0975    0.0437    0.1861    0.0001    0.4163    0.1231        0.1151    0.0004   -3.7086
    0.0724    0.3809    0.0152    0.1474    0.0362    0.2351    0.0001    0.4562    0.1754        0.0921    0.0003   -8.2193
    0.0704    0.3633    0.1452    0.1427    0.0352    0.0802    0.0001    0.3788    0.4646        0.1191    0.0071  -19.0856
    0.0747    0.3624    0.1397    0.1534    0.0374    0.0781    0.0001    0.3708    0.4713        0.1100    0.0073  -17.8586
    0.0825    0.3395    0.0106    0.1122    0.0412    0.0725    0.0001    0.3326    0.3243        0.1335    0.0091  -15.5462
    0.0744    0.3522    0.0102    0.1525    0.0372    0.0702    0.0001    0.3251    0.3011        0.1602    0.0061  -21.4496
    0.0744    0.3569    0.2478    0.1515    0.0372    0.0982    0.0001    0.3872    0.1863        0.1101    0.0025   -7.5553
    0.0829    0.3504    0.2088    0.1698    0.0414    0.0982    0.0001    0.3749    0.1700        0.1133    0.0023   -7.8670
    0.0740    0.3224    0.0100    0.0629    0.0370    0.0728    0.0001    0.6608   -0.0043        0.1007    0.0123  -24.5141
    0.0770    0.3238    0.0101    0.0900    0.0385    0.0805    0.0001    0.7922    0.0445        0.0816   -0.0425  -28.1927
    0.0650    0.3481    0.0145    0.1210    0.0325    0.0761    0.0001    0.4572    0.2070        0.1617    0.0083  -25.6281
    0.0652    0.3535    0.0156    0.1325    0.0326    0.0761    0.0001    0.4696    0.2413        0.1617    0.0073  -28.9032
    0.1109    0.3083    0.1397    0.0582    0.0554    0.0724    0.0001    0.5079    0.1836        0.0004    0.0136   -7.9389
    0.1090    0.3051    0.1007    0.0610    0.0545    0.0345    0.0001    0.4406    0.2055        0.0005   -0.0063   -8.6038
    0.0736    0.3054    0.0124    0.0242    0.0368    0.0584    0.0001    0.1979    0.1846        0.1153    0.0015  -26.6737
    0.0754    0.3244    0.0268    0.1479    0.0377    0.0300    0.0001    0.4140    0.4413        0.1286    0.0036  -31.4568
    0.0653    0.3598    0.1182    0.1284    0.0326    0.1473    0.0001    0.4619    0.4144        0.0281    0.0060  -22.7473
    0.0651    0.3600    0.1516    0.1318    0.0326    0.1472    0.0001    0.4220    0.3839        0.0305    0.0064  -24.1882
    0.0790    0.3406    0.1056    0.1621    0.0395    0.0345    0.0001    0.3429    0.2050        0.0713    0.0141  -13.2117
    0.0843    0.3333    0.0216    0.1217    0.0421    0.0475    0.0001    0.3339    0.1291        0.1327    0.0228  -11.8133
    0.1007    0.3467    0.1084    0.2073    0.0504    0.0690    0.0001    0.4789    0.0837        0.0090    0.0179    1.7477
    0.1044    0.3467    0.1227    0.2149    0.0522    0.0690    0.0001    0.4616    0.0862        0.0091    0.0182    1.7317
    0.0658    0.3522    0.2099    0.1320    0.0329    0.1203    0.0001    0.2288    0.2532        0.0381    0.0130   -9.8278
    0.0657    0.3606    0.1913    0.1333    0.0329    0.1192    0.0001    0.2401    0.2647        0.0380    0.0108  -11.2266
    0.0767    0.3350    0.0120    0.1569    0.0383    0.0370    0.0001    0.3557    0.1960        0.1052    0.0041   -8.6815
    0.0819    0.3397    0.0121    0.1663    0.0410    0.0351    0.0001    0.3610    0.1898        0.0894    0.0040   -8.5698
    0.0969    0.3081    0.0118    0.1143    0.0485    0.0401    0.0001    0.3618    0.3899        0.2826    0.0082  -28.1859
    0.1005    0.2959    0.0103    0.0002    0.0503    0.0323    0.0001    0.3179    0.3134        0.3170   -0.0034  -33.4276
    0.0700    0.3523    0.2798    0.1426    0.0350    0.0773    0.0001    0.3281    0.2254        0.1329    0.0077  -12.2454
    0.0757    0.3528    0.2996    0.1557    0.0378    0.0782    0.0001    0.5421    0.2314        0.0430    0.0075  -14.4891
    0.0702    0.3642    0.2992    0.1413    0.0351    0.0869    0.0001    0.3443    0.2518        0.0922    0.0093  -20.8341
    0.0672    0.3643    0.2694    0.1356    0.0336    0.0874    0.0001    0.4390    0.1099        0.1392    0.0157  -21.4465
    0.0873    0.3417    0.1092    0.1207    0.0437    0.0984    0.0001    0.4477    0.2610        0.1160    0.0060   -5.6809
    0.0893    0.3498    0.1539    0.1844    0.0447    0.0923    0.0001    0.5083    0.3184       -0.0111    0.0083  -10.6392
    0.0946    0.3356    0.2085    0.1953    0.0473    0.0682    0.0001    0.6717    0.1055        0.0453    0.0123   -4.7525
    0.1072    0.3356    0.1542    0.2220    0.0536    0.0682    0.0001    0.5985    0.1092        0.0362    0.0187   -5.6982
    0.0909    0.3178    0.0999    0.1130    0.0455    0.0679    0.0001    0.3759    0.1233        0.1375    0.0161   -1.3207
    0.0862    0.3313    0.0913    0.1762    0.0431    0.0747    0.0001    0.4054    0.0919        0.0991    0.0131   -5.3380
    0.0653    0.3502    0.2996    0.1332    0.0326    0.0771    0.0001    0.4142    0.2299        0.1004    0.0137  -24.4461
    0.0661    0.3502    0.2408    0.1340    0.0331    0.0774    0.0001    0.3961    0.1462        0.1111    0.0183  -24.7601
    0.1137    0.3265    0.1203    0.2342    0.0568    0.0306    0.0001    0.5860    0.1464        0.0838    0.0120    0.3209
    0.1087    0.3285    0.1286    0.2237    0.0543    0.0305    0.0001    0.6072    0.1748        0.0822    0.0128   -0.3130
    0.0893    0.3442    0.2313    0.1836    0.0447    0.0651    0.0001    0.5899   -0.0325        0.1044    0.0035   -4.3290
    0.0919    0.3455    0.2432    0.1881    0.0459    0.0655    0.0001    0.5702   -0.0330        0.1066    0.0036   -3.6657
    0.0756    0.3466    0.2901    0.1554    0.0378    0.0853    0.0001    0.4154    0.1959        0.0772    0.0090   -9.3900
    0.0866    0.3467    0.3000    0.1780    0.0433    0.0800    0.0001    0.3780    0.2057        0.1112    0.0078   -8.8889
    0.0932    0.3381    0.0448    0.1266    0.0466    0.0891    0.0001    0.6923    0.2283        0.0007    0.0101   -7.4836
    0.0921    0.3489    0.0411    0.1894    0.0460    0.0844    0.0001    0.6456    0.2766        0.0007    0.0112  -10.8004
    0.0650    0.3625    0.2988    0.1305    0.0325    0.1365    0.0001    0.4900    0.2726        0.1939    0.0124  -19.3138
    0.0653    0.3716    0.2366    0.1303    0.0327    0.1365    0.0001    0.5934    0.3031        0.1415    0.0107  -20.3911
    0.0822    0.3572    0.0100    0.1680    0.0411    0.0873    0.0001    0.7380    0.1508        0.0398    0.0074  -23.6256
    0.0843    0.3545    0.0100    0.1738    0.0422    0.0885    0.0001    0.7650    0.1531        0.0397    0.0075  -23.8196
    0.0977    0.3214    0.0265    0.0780    0.0488    0.1007    0.0001    0.4144    0.1382        0.0270    0.0164    0.1373
    0.0812    0.3409    0.0266    0.1665    0.0406    0.0491    0.0001    0.4289    0.1632        0.0318    0.0026   -5.2598
    0.0710    0.3784    0.2227    0.1420    0.0355    0.1349    0.0001    0.2239    0.1644        0.1151    0.0112   -5.1524
    0.0780    0.3784    0.2048    0.1569    0.0390    0.1349    0.0001    0.2153    0.1943        0.1040    0.0097   -5.5847
    0.0746    0.3481    0.1881    0.1517    0.0373    0.0323    0.0001    0.5055    0.0675        0.0953    0.0111  -20.8297
    0.0791    0.3500    0.1474    0.1612    0.0396    0.0318    0.0001    0.5880    0.0770        0.1353    0.0078  -21.3876
    0.0650    0.3757    0.1546    0.1290    0.0325    0.1908    0.0001    0.4320    0.2307        0.1111    0.0069  -19.9154
    0.0650    0.3758    0.1658    0.1298    0.0325    0.1910    0.0001    0.4501    0.2284        0.1070    0.0069  -20.0894
    0.0978    0.3545    0.2346    0.1990    0.0489    0.0889    0.0001    0.3024    0.1401        0.0674    0.0097    2.4248
    0.1125    0.3548    0.2244    0.2333    0.0562    0.0895    0.0001    0.4421    0.1255        0.1050    0.0220   -0.6603
    0.0682    0.3531    0.0659    0.1402    0.0341    0.1038    0.0001    0.3306    0.1787        0.1065    0.0140  -13.4054
    0.0707    0.3519    0.0651    0.1435    0.0354    0.1015    0.0001    0.3323    0.1773        0.1071    0.0141  -15.0827
    0.0880    0.3553    0.1379    0.1808    0.0440    0.0910    0.0001    0.3934    0.1616       -0.0243    0.0319   -5.5861
    0.0979    0.3529    0.0410    0.2024    0.0490    0.0889    0.0001    0.6354    0.2353       -0.0258    0.0312   -7.4220
    0.0950    0.3003    0.2888    0.0002    0.0475    0.0481    0.0001    0.2033    0.3345        0.1547    0.0063  -16.6005
    0.0850    0.2984    0.0121    0.0005    0.0425    0.0536    0.0001    0.1890    0.1884        0.1063    0.1020  -18.8073
    0.0678    0.3558    0.2875    0.1380    0.0339    0.0947    0.0001    0.4299    0.2221        0.1038    0.0114  -16.5744
    0.0650    0.3555    0.1926    0.1308    0.0325    0.0941    0.0001    0.3779    0.2681        0.1672    0.0112  -17.1900
    0.0660    0.3618    0.2978    0.1338    0.0330    0.0806    0.0001    0.5595    0.2708        0.1185    0.0073  -26.6038
    0.0685    0.3617    0.0181    0.1398    0.0343    0.0806    0.0001    0.5634    0.2775        0.1204    0.0076  -31.6826
    0.0650    0.3603    0.2677    0.1306    0.0325    0.0967    0.0001    0.1941    0.1942        0.0813    0.0153  -21.1888
    0.0651    0.3534    0.2764    0.1303    0.0325    0.0954    0.0001    0.2022    0.1671        0.0819    0.0126  -19.0264
    0.1025    0.3702    0.2954    0.2115    0.0513    0.1018    0.0001    1.2752    0.4561       -0.1371    0.0103   -0.0780
    0.1341    0.3702    0.2962    0.2779    0.0671    0.1034    0.0001    1.3932    0.2497       -0.1297    0.0127   -3.3945
    0.0897    0.3648    0.1583    0.1396    0.0449    0.1150    0.0001    0.6778    0.2395       -0.0119    0.0119  -15.5344
    0.0878    0.3682    0.1175    0.1801    0.0439    0.1137    0.0001    0.6204    0.2877       -0.0137    0.0127  -18.4578
    0.0859    0.3581    0.3000    0.1756    0.0430    0.0795    0.0001    0.5552    0.2290        0.0785    0.0123  -20.8300
    0.0752    0.3576    0.2978    0.1509    0.0376    0.0803    0.0001    0.5099    0.2276        0.0753    0.0082  -20.6233
    0.0651    0.3899    0.2117    0.1303    0.0326    0.1135    0.0001    0.5359    0.0081        0.1053    0.0051  -22.5335
    0.0650    0.3838    0.1869    0.1328    0.0325    0.1171    0.0001    0.6854    0.0063        0.0977    0.0054  -21.9978
    0.0940    0.3076    0.0100    0.0002    0.0470    0.0605    0.0001    0.7965    0.0175        0.0670    0.0024  -21.1082
    0.0914    0.3130    0.0101    0.0002    0.0457    0.0914    0.0001    0.7849    0.0579        0.0884   -0.0004  -21.7616
    0.1075    0.3510    0.2994    0.2233    0.0538    0.0677    0.0001    0.5156    0.2997        0.0842    0.0067   -5.8256
    0.1068    0.3500    0.2872    0.2201    0.0534    0.0648    0.0001    0.5385    0.3208        0.0818    0.0067   -4.8086
    0.0906    0.3449    0.1805    0.1428    0.0453    0.0961    0.0001    0.5775    0.3395        0.1243    0.0089  -19.4421
    0.0815    0.3439    0.0282    0.1127    0.0407    0.0961    0.0001    0.4375    0.1845        0.1413    0.0187  -20.2748
    0.0942    0.3295    0.2968    0.0824    0.0471    0.1038    0.0001    0.5667    0.2161        0.0710    0.0131  -11.1198
    0.0950    0.3284    0.2840    0.0780    0.0475    0.1088    0.0001    0.5520    0.0819        0.1298    0.0821  -11.8059
    0.0752    0.3484    0.1153    0.1520    0.0376    0.0700    0.0001    0.1833    0.1557        0.0566    0.0051   -4.5724
    0.0797    0.3490    0.0796    0.1648    0.0398    0.0689    0.0001    0.1861    0.2091        0.0733    0.0030   -6.9229
    0.0723    0.3627    0.0323    0.1061    0.0362    0.1333    0.0001    0.5008    0.1420        0.1113    0.0100  -18.3403
    0.0650    0.3764    0.0536    0.1308    0.0325    0.1588    0.0001    0.8315    0.2058        0.1293    0.0221  -22.3399
    0.1097    0.3260    0.0192    0.1157    0.0549    0.0798    0.0001    0.5958    0.2877        0.1093    0.0135  -14.5844
    0.1159    0.3662    0.0417    0.2410    0.0580    0.1256    0.0001    1.3108    0.6553        0.1932   -0.0107  -18.2635
    0.0896    0.3463    0.0778    0.1541    0.0448    0.1123    0.0001    0.3839    0.3121       -0.0380    0.0079   -7.2723
    0.0884    0.3473    0.0616    0.1822    0.0442    0.1129    0.0001    0.3251    0.3441       -0.0412    0.0071   -8.0544
    0.0947    0.3396    0.2504    0.1919    0.0474    0.0995    0.0001    0.5659    0.4207        0.1221   -0.0071   -3.8386
    0.1004    0.3396    0.2706    0.2042    0.0502    0.0994    0.0001    0.5753    0.3604        0.0727   -0.0072   -4.1803
    0.0964    0.3118    0.0204    0.0825    0.0482    0.0301    0.0001    0.3267    0.3067        0.1151    0.0113  -14.0028
    0.0897    0.3346    0.0221    0.1514    0.0449    0.0300    0.0001    0.3604    0.3170        0.1115    0.0391  -14.8003
    0.0754    0.3745    0.1702    0.1556    0.0377    0.1331    0.0001    0.1968    0.1270        0.0781    0.0127   -7.7438
    0.0754    0.3722    0.1187    0.1553    0.0377    0.1272    0.0001    0.1565    0.1606        0.1067    0.0098   -5.9601
    0.0674    0.3649    0.2971    0.0711    0.0337    0.1586    0.0001    0.2265    0.3345        0.1559    0.0076  -21.6235
    0.0650    0.3715    0.2265    0.1316    0.0325    0.1506    0.0001    0.3812    0.4019        0.2766    0.0040  -26.0796
    0.0746    0.3611    0.1192    0.1519    0.0373    0.1135    0.0001    0.2130    0.0517        0.0897    0.0186  -10.0913
    0.0698    0.3611    0.0978    0.1422    0.0349    0.1135    0.0001    0.2169    0.0370        0.0891    0.0191  -10.4727
    0.1020    0.3011    0.0100    0.0772    0.0510    0.0300    0.0001    0.3108    0.0973        0.0854    0.0090   -7.6771
    0.1029    0.3385    0.0182    0.2147    0.0515    0.0540    0.0001    0.5874    0.2696        0.0277   -0.0170  -12.9407
    0.0983    0.3085    0.0122    0.0953    0.0491    0.0913    0.0001    0.3745    0.1134        0.0982    0.0100   -6.1951
    0.1013    0.3201    0.0146    0.1666    0.0507    0.0603    0.0001    0.4432    0.1307        0.1260    0.0730   -7.3101
    0.1044    0.3368    0.2543    0.2090    0.0522    0.0321    0.0001    0.7067    0.5042        0.0846   -0.0011  -12.1928
    0.1014    0.3348    0.2380    0.2107    0.0507    0.0322    0.0001    0.6892    0.5206        0.0851   -0.0011  -13.8180
    0.0820    0.3711    0.2276    0.1674    0.0410    0.0393    0.0001    0.8409    0.4888        0.2096    0.0134  -31.3210
    0.0817    0.3711    0.2054    0.1684    0.0409    0.0393    0.0001    0.8492    0.4821        0.2125    0.0143  -31.5393
    0.0840    0.3684    0.1968    0.1446    0.0420    0.0401    0.0001    0.5959    0.3349        0.0157    0.0016  -17.2661
    0.0759    0.3699    0.1093    0.1553    0.0380    0.0397    0.0001    0.4397    0.3072        0.0198    0.0021  -20.0865
    0.0696    0.3651    0.1858    0.1376    0.0348    0.1085    0.0001    0.5223    0.2222        0.0761    0.0131   -9.5636
    0.0784    0.3649    0.1280    0.1617    0.0392    0.1072    0.0001    0.5130    0.1409        0.0582    0.0131  -12.7394
    0.0772    0.3609    0.1855    0.1577    0.0386    0.0955    0.0001    0.6568    0.3051        0.0312   -0.0009   -5.8814
    0.0793    0.3626    0.1640    0.1619    0.0397    0.0959    0.0001    0.6639    0.3108        0.0303   -0.0009   -7.3755
    0.0851    0.3670    0.0764    0.1473    0.0425    0.1391    0.0001    0.6651    0.2600        0.1055    0.0120  -18.1675
    0.0708    0.3684    0.0782    0.1444    0.0354    0.1387    0.0001    0.6941    0.2859        0.1111    0.0120  -19.8971
    0.0736    0.3775    0.0170    0.1303    0.0368    0.1943    0.0001    0.5627    0.4686        0.0816    0.0065  -26.7640
    0.0651    0.3807    0.0166    0.1296    0.0326    0.2029    0.0001    0.5135    0.5085        0.0693    0.0075  -30.0706
    0.0893    0.3591    0.1113    0.1193    0.0447    0.1380    0.0001    0.4534    0.0642        0.1833    0.0128   -6.7542
    0.0811    0.3687    0.0761    0.1666    0.0406    0.1269    0.0001    0.5817    0.0947        0.0618    0.0156  -10.6961
    0.1038    0.3447    0.0159    0.0276    0.0519    0.0817    0.0001    0.2305    0.2624        0.1262   -0.0091   -8.3207
    0.1167    0.3667    0.0203    0.2238    0.0584    0.0562    0.0001    0.3354    0.3137        0.3006   -0.1907  -12.9350
    0.0904    0.3564    0.1861    0.1843    0.0452    0.1099    0.0001    0.3006    0.4317       -0.0629    0.0241   -2.1816
    0.0976    0.3564    0.2084    0.2010    0.0488    0.1099    0.0001    0.3171    0.2605       -0.0517    0.0262   -3.5464
    0.0868    0.2971    0.0505    0.0002    0.0434    0.0353    0.0001    0.3884    0.0737        0.0601    0.0382  -18.4674
    0.0858    0.2979    0.0402    0.0005    0.0429    0.0301    0.0001    0.3602    0.0850        0.0620    0.0957  -18.9840
    0.0870    0.3506    0.0100    0.1118    0.0435    0.0314    0.0001    0.3162    0.2965        0.0139    0.0059  -14.2911
    0.0957    0.3449    0.0111    0.1060    0.0479    0.0300    0.0001    0.3453    0.3330        0.0247    0.0299  -14.8986
    0.0919    0.3401    0.2968    0.1848    0.0459    0.0702    0.0001    0.4523    0.3189        0.0668    0.0086  -10.6475
    0.0783    0.3354    0.0171    0.1608    0.0391    0.0703    0.0001    0.5247    0.2660        0.0605    0.0160  -14.8886
    0.1198    0.3258    0.2111    0.1978    0.0599    0.0453    0.0001    0.7050    0.1494        0.0289    0.0089   -2.5317
    0.1122    0.3258    0.0100    0.1896    0.0561    0.0426    0.0001    0.7638    0.1589        0.0281    0.0078  -10.1715
    0.0915    0.3303    0.0128    0.1143    0.0457    0.1025    0.0001    0.3975    0.1763        0.0336   -0.0051   -6.8575
    0.0899    0.3252    0.0148    0.1338    0.0449    0.0779    0.0001    0.4546    0.2293        0.0461   -0.0064   -7.8987
    0.0873    0.3403    0.0131    0.0364    0.0436    0.1359    0.0001    0.4075    0.1970        0.0515    0.0089  -13.4594
    0.0652    0.3957    0.0266    0.1328    0.0326    0.2303    0.0001    0.7672    0.4029       -0.0599    0.1211  -20.7068
    0.0966    0.3291    0.0112    0.1616    0.0483    0.0518    0.0001    0.3375    0.1731        0.1187    0.0290    2.1480
    0.1036    0.3416    0.0128    0.2158    0.0518    0.0505    0.0001    0.3965    0.2047        0.0233    0.0246   -3.6079
    0.0758    0.3518    0.2375    0.1279    0.0379    0.0613    0.0001    0.3481    0.3168        0.0702    0.0046  -12.7862
    0.0729    0.3533    0.2255    0.1468    0.0364    0.0625    0.0001    0.3189    0.3183        0.0795    0.0061  -15.8263
    0.0727    0.3511    0.0307    0.1456    0.0363    0.0842    0.0001    0.4787    0.1309        0.0716    0.0176   -9.5404
    0.0729    0.3564    0.0297    0.1467    0.0365    0.0852    0.0001    0.4583    0.1309        0.0821    0.0185   -9.7666
    0.0835    0.3299    0.0100    0.1640    0.0417    0.0594    0.0001    0.2942    0.1583        0.0762    0.0014   -6.6359
    0.0810    0.3303    0.0100    0.1659    0.0405    0.0604    0.0001    0.3018    0.1489        0.0572    0.0015   -8.9933
    0.1142    0.3783    0.2970    0.2319    0.0571    0.1382    0.0001    1.2328    0.1256        0.1519   -0.0001   -6.4409
    0.1206    0.3752    0.2732    0.2513    0.0603    0.1307    0.0001    1.7065    0.1299        0.2361   -0.0001  -12.2444
    0.0729    0.3608    0.2999    0.1474    0.0365    0.0818    0.0001    0.3298    0.2858        0.0971    0.0081  -10.6441
    0.0667    0.3598    0.1018    0.1332    0.0334    0.0861    0.0001    0.1868    0.3538        0.0871    0.0028  -14.0375
    0.0767    0.3629    0.0100    0.1835    0.0383    0.1656    0.0001    0.7145    0.1423        0.1684   -0.0040  -16.1240
    0.0777    0.3651    0.0100    0.1870    0.0388    0.1665    0.0001    0.7220    0.1410        0.1640   -0.0041  -17.2228
    0.1013    0.2901    0.0100    0.0044    0.0506    0.0412    0.0001    0.3345    0.0410        0.0518   -0.0137   -8.1794
    0.1022    0.3068    0.0151    0.0223    0.0511    0.0300    0.0001    0.4622    0.1232        0.0457   -0.0279  -11.1467
    0.1036    0.2949    0.0777    0.0247    0.0518    0.0325    0.0001    0.3025    0.1673        0.1631    0.0172   -9.8453
    0.1016    0.2948    0.0189    0.0234    0.0508    0.0356    0.0001    0.2926    0.1741        0.1010    0.0138  -10.7501
    0.0997    0.3360    0.0272    0.1033    0.0498    0.0802    0.0001    0.4302    0.2127       -0.0800    0.0129   -9.6476
    0.1153    0.2945    0.0233    0.0079    0.0576    0.0364    0.0001    0.3616    0.2175       -0.1071   -0.1111  -12.5787
    0.0871    0.3299    0.0100    0.1315    0.0435    0.0648    0.0001    0.7184    0.3242       -0.0662    0.0474  -19.0798
    0.0940    0.3407    0.0102    0.1954    0.0470    0.0642    0.0001    0.7727    0.3066       -0.0508    0.0625  -23.0355
    0.1079    0.2899    0.0738    0.0034    0.0540    0.0312    0.0001    0.3842    0.1976        0.1138    0.0163  -11.2921
    0.1077    0.2899    0.0686    0.0016    0.0538    0.0303    0.0001    0.3809    0.1997        0.1086   -0.0407  -11.7165
    0.0885    0.3484    0.2991    0.1667    0.0443    0.1045    0.0001    0.6306    0.1532       -0.1083   -0.0150  -11.2597
    0.0876    0.3479    0.2921    0.1782    0.0438    0.1011    0.0001    0.6401    0.1592       -0.1033   -0.0149  -12.8884
    0.0908    0.3400    0.0756    0.0958    0.0454    0.1221    0.0001    0.4047    0.1116        0.2415    0.0244   -2.8819
    0.0821    0.3522    0.0453    0.1675    0.0410    0.1311    0.0001    0.4349    0.1344        0.1974    0.0279   -6.3303
    0.0731    0.3450    0.0133    0.1081    0.0365    0.1113    0.0001    0.4100    0.2024        0.1242    0.0119  -13.6095
    0.0723    0.3410    0.0143    0.1479    0.0361    0.1121    0.0001    0.4438    0.2251        0.1049    0.0096  -16.7480
    0.0979    0.3317    0.0951    0.0700    0.0489    0.1007    0.0001    0.2828    0.3332       -0.0551    0.0125  -11.0080
    0.0849    0.3571    0.0100    0.0002    0.0424    0.1769    0.0001    0.3057    0.3065       -0.0363    0.0259  -18.0160
    0.0774    0.3606    0.2177    0.1562    0.0387    0.0845    0.0001    0.2648    0.1612        0.0324    0.0044   -9.9002
    0.0849    0.3550    0.0258    0.1734    0.0425    0.0848    0.0001    0.4055    0.1901        0.0218    0.0038  -14.1189
    0.0914    0.3431    0.0100    0.1902    0.0457    0.0873    0.0001    0.2940    0.2749        0.1162    0.0160  -12.5055
    0.0805    0.3349    0.0100    0.1653    0.0403    0.0813    0.0001    0.2934    0.2937        0.1027    0.0159  -16.7118
    0.0730    0.3526    0.2999    0.1484    0.0365    0.1130    0.0001    0.4426    0.2804        0.1235    0.0179  -17.5818
    0.0676    0.3529    0.2642    0.1390    0.0338    0.1140    0.0001    0.4753    0.3161        0.1220    0.0234  -19.2945
