    0.0886    0.3283    0.0219    0.1043    0.0443    0.0645    0.0001    0.3388    0.1975        0.1030    0.0126  -31.6138
    0.0897    0.3356    0.0261    0.1353    0.0449    0.0613    0.0001    0.4100    0.1919        0.0541    0.0174  -34.6433
    0.0764    0.3491    0.0100    0.1455    0.0382    0.1062    0.0001    0.3001    0.2373        0.1481    0.0127  -47.1041
    0.0805    0.3466    0.0101    0.1575    0.0403    0.0961    0.0001    0.3055    0.2962        0.1509    0.0129  -68.6437
    0.0808    0.3398    0.0138    0.1235    0.0404    0.0890    0.0001    0.4224    0.1302        0.0749    0.0090  -69.8067
    0.0835    0.3520    0.0141    0.1683    0.0417    0.0999    0.0001    0.4297    0.2048        0.0555    0.0071  -78.0847
    0.0884    0.3330    0.0249    0.1241    0.0442    0.0712    0.0001    0.3896    0.1947        0.1005    0.0127  -44.0363
    0.0849    0.3391    0.0244    0.1330    0.0425    0.0835    0.0001    0.3804    0.1810        0.0219    0.0142  -46.9749
    0.0893    0.3383    0.0277    0.1210    0.0446    0.0927    0.0001    0.4300    0.1778        0.1180    0.0036  -34.2653
    0.0782    0.3601    0.0280    0.1515    0.0391    0.1306    0.0001    0.4357    0.2388       -0.0113    0.0040  -48.4958
    0.0764    0.3605    0.2651    0.1553    0.0382    0.0982    0.0001    0.2788    0.2000        0.0763    0.0097  -49.5258
    0.0913    0.3606    0.2929    0.1859    0.0457    0.0984    0.0001    0.3457    0.2383        0.0867    0.0034  -52.6398
    0.0776    0.3689    0.0351    0.1405    0.0388    0.1165    0.0001    0.5559   -0.0070        0.1107    0.0233  -33.1397
    0.0796    0.3692    0.0382    0.1573    0.0398    0.1169    0.0001    0.6068   -0.0077        0.0867    0.0249  -36.7740
    0.0680    0.3677    0.1302    0.1324    0.0340    0.1392    0.0001    0.4871    0.1507        0.0583    0.0083  -58.4336
    0.0742    0.3677    0.1080    0.1462    0.0371    0.1392    0.0001    0.6119    0.1607        0.0745    0.0066  -60.8523
    0.0783    0.3488    0.0104    0.1259    0.0391    0.0894    0.0001    0.3265    0.3250        0.1417    0.0135  -69.0910
    0.0790    0.3534    0.0101    0.1583    0.0395    0.0975    0.0001    0.3123    0.3051        0.1535    0.0102  -78.4799
    0.0710    0.3559    0.1601    0.1417    0.0355    0.1048    0.0001    0.4433    0.2846        0.0663    0.0133  -70.6294
    0.0741    0.3559    0.1146    0.1486    0.0371    0.1047    0.0001    0.4379    0.2725        0.0707    0.0132  -72.0974
    0.0892    0.3462    0.1535    0.1717    0.0446    0.0820    0.0001    0.4481    0.3181        0.0819    0.0062  -37.6785
    0.0850    0.3456    0.1618    0.1724    0.0425    0.0864    0.0001    0.4540    0.3209        0.0808    0.0061  -38.4220
    0.0847    0.3445    0.0171    0.1310    0.0424    0.0879    0.0001    0.5341    0.2364        0.0817    0.0111  -74.8209
    0.0803    0.3467    0.0164    0.1577    0.0402    0.0891    0.0001    0.5029    0.2513        0.1105    0.0131  -78.3009
    0.0804    0.3478    0.0829    0.1604    0.0402    0.0888    0.0001    0.5002    0.2500        0.0723   -0.0025  -61.7034
    0.0803    0.3478    0.0848    0.1602    0.0401    0.0888    0.0001    0.4783    0.2481        0.0749   -0.0026  -61.9378
    0.0890    0.3322    0.0102    0.1150    0.0445    0.0740    0.0001    0.3132    0.1582        0.0930    0.0078  -72.2033
    0.0783    0.3472    0.0145    0.1506    0.0392    0.0969    0.0001    0.4371    0.2357        0.0765   -0.0138  -78.8067
    0.0749    0.3601    0.0123    0.0994    0.0374    0.1143    0.0001    0.3787    0.1856        0.1242    0.0106  -78.7521
    0.0774    0.3613    0.0154    0.1517    0.0387    0.0955    0.0001    0.4765    0.2383        0.0840    0.0091  -85.3573
    0.0803    0.3724    0.0554    0.1600    0.0402    0.1628    0.0001    0.4537    0.2785        0.1246    0.0004  -30.9746
    0.0825    0.3723    0.0546    0.1636    0.0412    0.1623    0.0001    0.4983    0.2833        0.1117    0.0004  -31.7556
    0.0832    0.3494    0.0336    0.1488    0.0416    0.0895    0.0001    0.4636    0.2736        0.1237   -0.0097  -39.9969
    0.0843    0.3495    0.0307    0.1590    0.0422    0.0945    0.0001    0.4782    0.2378        0.0626   -0.0083  -44.8653
    0.0689    0.3565    0.0883    0.1363    0.0345    0.1166    0.0001    0.4556    0.1283        0.1095    0.0139  -45.3456
    0.0728    0.3565    0.0743    0.1437    0.0364    0.1165    0.0001    0.4842    0.1752        0.1099    0.0139  -46.4863
    0.0918    0.3526    0.1223    0.1630    0.0459    0.0958    0.0001    0.4427    0.3475        0.0516   -0.0008  -44.9646
    0.0868    0.3536    0.0639    0.1739    0.0434    0.0970    0.0001    0.5504    0.3147        0.0564   -0.0009  -49.6763
    0.0826    0.3594    0.2759    0.1616    0.0413    0.1009    0.0001    0.4026    0.1709        0.1138    0.0096  -41.4827
    0.0824    0.3591    0.2073    0.1577    0.0412    0.1002    0.0001    0.4914    0.2074        0.0843    0.0095  -43.4077
    0.0842    0.3295    0.0134    0.1030    0.0421    0.1061    0.0001    0.4108    0.2080        0.1009    0.0096  -43.6668
    0.0853    0.3419    0.0135    0.1627    0.0426    0.0883    0.0001    0.4142    0.2102        0.0883    0.0098  -50.5076
    0.0960    0.3304    0.0141    0.1071    0.0480    0.0851    0.0001    0.4358    0.2146        0.1049    0.0108  -67.8815
    0.0819    0.3536    0.0142    0.1344    0.0410    0.0964    0.0001    0.4358    0.2186        0.1310    0.0140  -73.7139
    0.0824    0.3501    0.0170    0.1094    0.0412    0.1310    0.0001    0.5210    0.1464        0.0654    0.0064  -49.2099
    0.0858    0.3477    0.0174    0.1410    0.0429    0.1055    0.0001    0.5305    0.1698        0.0327    0.0063  -53.2795
    0.1038    0.3036    0.0719    0.0960    0.0519    0.0462    0.0001    0.3471    0.0922        0.0615    0.0062   -9.1943
    0.0974    0.3331    0.0577    0.1660    0.0487    0.0697    0.0001    0.5172    0.1691        0.0271    0.0031  -16.5398
    0.0816    0.3621    0.1485    0.1547    0.0408    0.1254    0.0001    0.5794    0.3049        0.1005    0.0048  -68.4081
    0.0808    0.3623    0.1357    0.1603    0.0404    0.1238    0.0001    0.5827    0.3134        0.1035    0.0055  -69.0617
    0.0816    0.3546    0.1053    0.1626    0.0408    0.1079    0.0001    0.4556    0.3193        0.1026    0.0141  -42.6047
    0.0867    0.3595    0.1192    0.1694    0.0434    0.1025    0.0001    0.5250    0.3214        0.0764    0.0179  -41.9228
    0.0931    0.3242    0.0685    0.1503    0.0465    0.0438    0.0001    0.3454    0.1642        0.1060    0.0091  -35.3480
    0.0907    0.3240    0.0389    0.1390    0.0453    0.0466    0.0001    0.3503    0.1699        0.0936    0.0129  -36.7999
    0.0802    0.3521    0.0738    0.1602    0.0401    0.1155    0.0001    0.4784    0.1464        0.0726    0.0009  -51.6274
    0.0806    0.3521    0.0753    0.1615    0.0403    0.1155    0.0001    0.5093    0.1612        0.0732    0.0010  -51.8354
    0.0803    0.3585    0.0165    0.1385    0.0401    0.1074    0.0001    0.5021    0.1828        0.0802    0.0057  -51.5439
    0.0807    0.3582    0.0170    0.1575    0.0404    0.1110    0.0001    0.5181    0.1603        0.0827    0.0056  -53.5311
    0.0785    0.3465    0.0100    0.0935    0.0393    0.1300    0.0001    0.3097    0.3045        0.0913    0.0022  -77.1734
    0.0786    0.3522    0.0101    0.1397    0.0393    0.1367    0.0001    0.3168    0.3029        0.0903   -0.0005  -79.1704
    0.0925    0.3272    0.0121    0.0708    0.0462    0.0923    0.0001    0.3706    0.1890        0.0922    0.0011  -62.5493
    0.0882    0.3387    0.0123    0.0606    0.0441    0.1348    0.0001    0.3748    0.1923        0.0580    0.0010  -64.1410
    0.0816    0.3469    0.2369    0.1555    0.0408    0.1030    0.0001    0.5365    0.1659        0.1173    0.0128  -65.8409
    0.0756    0.3554    0.1386    0.1475    0.0378    0.1045    0.0001    0.5305    0.1502        0.1091    0.0133  -72.4756
    0.0943    0.3508    0.1212    0.1635    0.0472    0.0919    0.0001    0.4736    0.3627        0.2179    0.0052  -48.7454
    0.0932    0.3521    0.1209    0.1877    0.0466    0.0923    0.0001    0.5127    0.3558        0.1936    0.0046  -50.4953
    0.0801    0.3439    0.0128    0.1127    0.0401    0.0983    0.0001    0.3984    0.1864        0.0712    0.0078  -58.9758
    0.0814    0.3511    0.0150    0.1404    0.0407    0.1145    0.0001    0.4623    0.2318        0.0610    0.0040  -61.9296
    0.1003    0.3394    0.2994    0.2056    0.0502    0.0922    0.0001    0.5610    0.2500        0.0379    0.0027  -26.5690
    0.1000    0.3394    0.2973    0.2049    0.0500    0.0922    0.0001    0.5300    0.2582        0.0390    0.0029  -26.6394
    0.0712    0.3469    0.0108    0.1378    0.0356    0.0973    0.0001    0.3315    0.3299        0.0705    0.0113  -79.3517
    0.0749    0.3469    0.0102    0.1489    0.0374    0.0975    0.0001    0.3147    0.3109        0.0607    0.0133  -81.0439
    0.0831    0.3508    0.1308    0.1675    0.0415    0.1052    0.0001    0.4303    0.2261        0.0843   -0.0009  -47.4662
    0.0903    0.3507    0.1490    0.1821    0.0451    0.1052    0.0001    0.6378    0.2520        0.0336   -0.0007  -51.9187
    0.0824    0.3453    0.0298    0.1356    0.0412    0.1011    0.0001    0.4700    0.2025        0.0967    0.0076  -42.6000
    0.0830    0.3467    0.0300    0.1432    0.0415    0.1075    0.0001    0.4676    0.2413        0.0508    0.0041  -44.2779
    0.0831    0.3406    0.1129    0.1639    0.0416    0.0439    0.0001    0.3685    0.1215        0.1731    0.0064  -56.4063
    0.0806    0.3408    0.1161    0.1621    0.0403    0.0443    0.0001    0.3809    0.1238        0.1812    0.0065  -57.3672
    0.1087    0.3247    0.0247    0.1398    0.0544    0.0733    0.0001    0.3852    0.2163        0.0196    0.0064  -25.5462
    0.0949    0.3508    0.0354    0.1853    0.0475    0.1039    0.0001    0.5510    0.2996        0.0311    0.0041  -32.0058
    0.0784    0.3431    0.0567    0.1341    0.0392    0.0830    0.0001    0.4854    0.2079        0.0200    0.0142  -67.3273
    0.0758    0.3442    0.0542    0.1500    0.0379    0.0831    0.0001    0.4854    0.2057        0.0210    0.0145  -68.8654
    0.0846    0.3493    0.1327    0.1225    0.0423    0.1060    0.0001    0.4413    0.2521        0.0710    0.0114  -43.4221
    0.0809    0.3521    0.0763    0.1571    0.0405    0.1053    0.0001    0.4113    0.2294        0.0560    0.0165  -46.7431
    0.0735    0.3461    0.0108    0.1389    0.0368    0.0943    0.0001    0.3515    0.3134        0.1257    0.0065  -46.6115
    0.0840    0.3476    0.0108    0.1609    0.0420    0.0983    0.0001    0.3348    0.3247        0.0454    0.0097  -58.7071
    0.0875    0.3474    0.0129    0.1625    0.0438    0.0757    0.0001    0.3964    0.1992        0.1000    0.0173  -53.4272
    0.0821    0.3458    0.0126    0.1474    0.0410    0.0759    0.0001    0.3875    0.1944        0.1087    0.0176  -54.8685
    0.0837    0.3490    0.0788    0.1674    0.0419    0.0832    0.0001    0.3853    0.2643        0.1099    0.0080  -49.3711
    0.0815    0.3439    0.0777    0.1634    0.0408    0.0823    0.0001    0.3790    0.2646        0.1059    0.0079  -47.1283
    0.1010    0.3117    0.0113    0.0594    0.0505    0.1148    0.0001    0.3512    0.1658        0.1169    0.0123  -30.3428
    0.0819    0.3720    0.0167    0.1650    0.0410    0.1523    0.0001    0.4929    0.2468        0.1314   -0.0070  -41.7411
    0.0985    0.3100    0.0122    0.1168    0.0492    0.0403    0.0001    0.3719    0.1162        0.0747    0.0144  -53.5421
    0.0902    0.3367    0.0157    0.1696    0.0451    0.0790    0.0001    0.4810    0.2471        0.0831    0.0047  -66.2961
    0.0905    0.3337    0.0147    0.1345    0.0453    0.0616    0.0001    0.4491    0.1421        0.1184    0.0024  -48.4154
    0.0873    0.3388    0.0151    0.1285    0.0436    0.0775    0.0001    0.4620    0.1410        0.0355    0.0020  -52.5525
    0.0909    0.3386    0.0142    0.1169    0.0454    0.1049    0.0001    0.4325    0.2150        0.0523   -0.0008  -55.1874
    0.0903    0.3473    0.0155    0.1392    0.0451    0.1189    0.0001    0.4738    0.2437        0.0673   -0.0005  -56.5984
    0.0704    0.3559    0.1227    0.1412    0.0352    0.0930    0.0001    0.5722    0.1902        0.0790    0.0073  -53.5115
    0.0709    0.3559    0.1248    0.1423    0.0355    0.0930    0.0001    0.5044    0.2023        0.0786    0.0072  -55.1075
    0.0817    0.3639    0.0511    0.1443    0.0408    0.1029    0.0001    0.4505    0.1438        0.1270    0.0107  -36.7938
    0.0863    0.3607    0.0632    0.1649    0.0431    0.0935    0.0001    0.5663    0.2044        0.0336    0.0080  -42.8123
    0.0841    0.3586    0.2285    0.1675    0.0421    0.1079    0.0001    0.7787    0.1011        0.1115   -0.0025  -65.8721
    0.0771    0.3586    0.1776    0.1527    0.0385    0.1080    0.0001    0.5797    0.1717        0.0946   -0.0026  -68.6608
    0.0871    0.3459    0.0151    0.1108    0.0436    0.1272    0.0001    0.4627    0.1420        0.1113    0.0073  -42.1002
    0.0860    0.3529    0.0164    0.1264    0.0430    0.1290    0.0001    0.5020    0.1500        0.0514   -0.0014  -45.0947
    0.0911    0.3425    0.0305    0.1520    0.0456    0.1052    0.0001    0.4775    0.2543        0.1405    0.0095  -50.4934
    0.0818    0.3473    0.0305    0.1661    0.0409    0.0961    0.0001    0.4834    0.2602        0.1366    0.0103  -53.9915
    0.0887    0.3542    0.1152    0.1748    0.0444    0.0987    0.0001    0.5781    0.3016        0.0632    0.0032  -34.8344
    0.0855    0.3543    0.0555    0.1711    0.0428    0.0988    0.0001    0.4988    0.2430        0.0601    0.0036  -37.1053
    0.0747    0.3618    0.0144    0.1321    0.0373    0.1275    0.0001    0.4119    0.2608        0.0765    0.0088  -55.0858
    0.0726    0.3710    0.0144    0.1445    0.0363    0.1283    0.0001    0.4533    0.2138        0.0697    0.0088  -67.9683
    0.0833    0.3544    0.1164    0.1615    0.0417    0.1010    0.0001    0.5906    0.2358        0.0583   -0.0057  -46.6813
    0.0833    0.3550    0.1129    0.1657    0.0416    0.1024    0.0001    0.4979    0.2577        0.0714   -0.0082  -50.1225
    0.0795    0.3667    0.2673    0.1515    0.0398    0.1151    0.0001    0.3931    0.1891        0.1171    0.0083  -28.6238
    0.0803    0.3668    0.0491    0.1562    0.0401    0.1152    0.0001    0.3921    0.1671        0.1472    0.0104  -36.6679
    0.0808    0.3538    0.0355    0.1142    0.0404    0.1214    0.0001    0.5575    0.1582        0.0530    0.0072  -48.2256
    0.0789    0.3604    0.0305    0.1355    0.0394    0.1280    0.0001    0.4810    0.2088        0.0846    0.0107  -50.7363
    0.0691    0.3564    0.2123    0.1302    0.0345    0.1016    0.0001    0.5385    0.2667        0.1318    0.0048  -81.8575
    0.0719    0.3565    0.1404    0.1429    0.0359    0.1008    0.0001    0.5144    0.3010        0.0754    0.0052  -84.4506
    0.0877    0.3429    0.1293    0.1251    0.0439    0.0974    0.0001    0.4296    0.2913        0.1035    0.0113  -72.2189
    0.0802    0.3429    0.0100    0.1089    0.0401    0.0972    0.0001    0.3087    0.3051        0.0894    0.0387  -99.4574
    0.0887    0.3241    0.0128    0.0997    0.0444    0.0771    0.0001    0.3936    0.1131        0.0766    0.0167  -61.3848
    0.0780    0.3474    0.0173    0.1544    0.0390    0.0999    0.0001    0.5326    0.1610        0.0651    0.0199  -67.2180
    0.1014    0.3220    0.0145    0.1332    0.0507    0.0606    0.0001    0.4438    0.1568        0.0755    0.0103  -40.0614
    0.0904    0.3392    0.0152    0.1403    0.0452    0.0910    0.0001    0.4626    0.1499        0.0389   -0.0475  -44.5007
    0.0776    0.3471    0.0271    0.1446    0.0388    0.0917    0.0001    0.4111    0.2546        0.0900   -0.0086  -51.9052
    0.0834    0.3472    0.0279    0.1624    0.0417    0.0915    0.0001    0.4374    0.2359        0.0822   -0.0095  -54.3465
    0.0805    0.3514    0.0202    0.1375    0.0402    0.0779    0.0001    0.6219    0.1382        0.1191    0.0008  -65.1109
    0.0806    0.3538    0.0177    0.1609    0.0403    0.0804    0.0001    0.5411    0.1670        0.0936    0.0009  -71.4081
    0.0979    0.3192    0.1801    0.1367    0.0489    0.0481    0.0001    0.4001    0.1268        0.0850    0.0146  -37.1516
    0.0890    0.3256    0.0121    0.1319    0.0445    0.0580    0.0001    0.3723    0.1870        0.0766    0.0155  -59.4116
    0.0977    0.3182    0.0138    0.0874    0.0489    0.0916    0.0001    0.4005    0.2376        0.0922    0.0123  -58.4501
    0.0966    0.3166    0.0120    0.0934    0.0483    0.0661    0.0001    0.3691    0.1873        0.0587    0.0616  -65.0436
    0.0759    0.3555    0.1285    0.1520    0.0380    0.0942    0.0001    0.5359    0.2554        0.1034    0.0084  -64.3179
    0.0816    0.3555    0.1260    0.1638    0.0408    0.0942    0.0001    0.5368    0.2621        0.0943    0.0086  -65.0244
    0.0730    0.3689    0.0100    0.1394    0.0365    0.1059    0.0001    0.3113    0.3077        0.1551   -0.0002  -62.0643
    0.0772    0.3691    0.0101    0.1555    0.0386    0.1059    0.0001    0.3123    0.3035        0.1473   -0.0002  -64.9967
    0.1036    0.3228    0.1671    0.1385    0.0518    0.0496    0.0001    0.3746    0.2030        0.1584    0.0083  -16.0163
    0.0941    0.3381    0.0270    0.1534    0.0470    0.0704    0.0001    0.4246    0.2491        0.0810    0.0084  -25.5764
    0.0841    0.3525    0.1785    0.1691    0.0420    0.0846    0.0001    0.5873    0.0687        0.0802    0.0042  -39.4061
    0.0852    0.3522    0.0970    0.1681    0.0426    0.0850    0.0001    0.5329    0.0671        0.0861    0.0059  -40.5520
    0.0681    0.3720    0.1329    0.1301    0.0341    0.1595    0.0001    0.6020    0.2043        0.0671    0.0183  -47.6478
    0.0712    0.3721    0.1601    0.1392    0.0356    0.1595    0.0001    0.6436    0.1831        0.0364    0.0262  -48.4915
    0.0877    0.3463    0.0310    0.1628    0.0439    0.0958    0.0001    0.4859    0.1753        0.1053    0.0175  -30.8565
    0.0844    0.3457    0.0278    0.1550    0.0422    0.0941    0.0001    0.4349    0.2355        0.0849    0.0212  -32.8493
    0.0966    0.3281    0.0318    0.1307    0.0483    0.0767    0.0001    0.4969    0.2334        0.0971    0.0066  -55.4956
    0.0816    0.3671    0.0428    0.1091    0.0408    0.1806    0.0001    0.6668    0.2732        0.0689   -0.0239  -60.3294
    0.0827    0.3564    0.0129    0.1658    0.0413    0.1166    0.0001    0.3995    0.1584        0.0871   -0.0070  -46.3635
    0.0836    0.3484    0.0140    0.1586    0.0418    0.1035    0.0001    0.4279    0.2173        0.0688   -0.0109  -50.1083
    0.0811    0.3498    0.0970    0.1630    0.0405    0.0960    0.0001    0.5263    0.1378        0.0915   -0.0000  -40.9844
    0.0776    0.3497    0.1095    0.1556    0.0388    0.0954    0.0001    0.4514    0.1526        0.0443   -0.0000  -42.9024
    0.0942    0.3387    0.0254    0.1152    0.0471    0.1057    0.0001    0.3895    0.2695        0.0346    0.0144  -36.8734
    0.0860    0.3507    0.0261    0.1279    0.0430    0.1125    0.0001    0.4065    0.2221        0.0415    0.0178  -40.1709
    0.0823    0.3360    0.0293    0.1193    0.0412    0.0705    0.0001    0.4538    0.1705        0.0706    0.0102  -57.0209
    0.0806    0.3398    0.0319    0.1240    0.0403    0.0789    0.0001    0.4969    0.1802        0.0909    0.0097  -57.7594
    0.1059    0.3037    0.1544    0.0863    0.0530    0.0300    0.0001    0.3865    0.1286        0.0970    0.0118  -15.3192
    0.0967    0.3215    0.0441    0.1185    0.0484    0.0438    0.0001    0.3936    0.1410        0.0521    0.0138  -21.2266
    0.0807    0.3507    0.1174    0.1284    0.0404    0.1097    0.0001    0.4268    0.1591        0.1115    0.0035  -50.0419
    0.0766    0.3540    0.0964    0.1538    0.0383    0.1062    0.0001    0.4430    0.2144        0.0395    0.0027  -54.4015
    0.0806    0.3367    0.0106    0.0939    0.0403    0.0965    0.0001    0.3244    0.1674        0.0982    0.0099  -77.5084
    0.0781    0.3461    0.0138    0.1232    0.0391    0.1013    0.0001    0.4306    0.2157        0.1066   -0.0068  -80.3188
    0.0855    0.3568    0.0222    0.1469    0.0428    0.1052    0.0001    0.5926    0.2513        0.1263   -0.0053  -33.5147
    0.0852    0.3544    0.0155    0.1688    0.0426    0.1132    0.0001    0.4788    0.2388        0.1012   -0.0037  -47.2018
    0.0984    0.3174    0.0126    0.0959    0.0492    0.0752    0.0001    0.3711    0.2077        0.1175    0.0126  -56.2509
    0.0868    0.3440    0.0142    0.1265    0.0434    0.0919    0.0001    0.4329    0.2234        0.0792    0.0228  -59.8483
    0.0780    0.3581    0.2742    0.1555    0.0390    0.1397    0.0001    0.4962    0.2449        0.0947    0.0153  -22.2605
    0.0822    0.3550    0.0309    0.1597    0.0411    0.1227    0.0001    0.4849    0.2699        0.0912    0.0181  -36.0570
    0.0970    0.3491    0.2938    0.1617    0.0485    0.1059    0.0001    0.5715    0.1703       -0.0886   -0.0042  -21.1149
    0.0870    0.3510    0.1233    0.1729    0.0435    0.1046    0.0001    0.4920    0.2275       -0.0790   -0.0050  -29.6526
    0.0867    0.3493    0.0856    0.1358    0.0433    0.0889    0.0001    0.4539    0.2679        0.0549    0.0162  -38.4385
    0.0889    0.3533    0.0958    0.1759    0.0445    0.1024    0.0001    0.4877    0.2634        0.0376    0.0140  -43.2562
    0.0949    0.3280    0.0116    0.1152    0.0475    0.0614    0.0001    0.3568    0.1802        0.0933    0.0100  -41.8575
    0.0865    0.3526    0.0130    0.1755    0.0432    0.0825    0.0001    0.3970    0.1963        0.0507    0.0082  -50.2639
    0.0857    0.3432    0.0963    0.1283    0.0428    0.0814    0.0001    0.4197    0.1649        0.1322    0.0060  -41.6677
    0.0811    0.3493    0.0861    0.1643    0.0406    0.0780    0.0001    0.4645    0.1629        0.0316    0.0064  -47.8113
    0.0841    0.3668    0.2991    0.1689    0.0420    0.1163    0.0001    0.6601    0.2002        0.1277    0.0118  -50.5592
    0.0899    0.3668    0.2725    0.1810    0.0449    0.1163    0.0001    0.6672    0.2083        0.1214    0.0116  -51.3435
    0.0910    0.3140    0.0773    0.0924    0.0455    0.0780    0.0001    0.3085    0.1494       -0.0167    0.0094  -24.6170
    0.0810    0.3399    0.0116    0.1330    0.0405    0.0985    0.0001    0.3553    0.1799       -0.0158    0.0101  -44.5016
    0.0921    0.3621    0.1939    0.1804    0.0460    0.1159    0.0001    0.5923    0.2983        0.1798    0.0180  -10.5558
    0.0934    0.3596    0.1842    0.1909    0.0467    0.1170    0.0001    0.6256    0.2862        0.1744    0.0173  -13.1734
    0.0854    0.3496    0.1138    0.1671    0.0427    0.0955    0.0001    0.5123    0.2974        0.1360    0.0060  -41.8654
    0.0832    0.3497    0.0941    0.1645    0.0416    0.0955    0.0001    0.5007    0.2549        0.0597    0.0118  -44.3687
    0.0894    0.3585    0.1091    0.1747    0.0447    0.1020    0.0001    0.4551    0.2731        0.1167    0.0066  -30.2166
    0.0922    0.3523    0.0839    0.1832    0.0461    0.1011    0.0001    0.4319    0.2563        0.1172    0.0051  -29.9959
    0.0866    0.3534    0.1920    0.1681    0.0433    0.0985    0.0001    0.5061    0.1831        0.0626    0.0068  -44.2006
    0.0844    0.3541    0.1239    0.1680    0.0422    0.1034    0.0001    0.5296    0.2349        0.0389    0.0068  -48.8930
    0.1108    0.2925    0.0100    0.0718    0.0554    0.0300    0.0001    0.2829    0.1822        0.0387    0.0140  -12.6095
    0.0871    0.3466    0.0109    0.1661    0.0436    0.0977    0.0001    0.3381    0.1714        0.1020    0.0140  -27.4043
    0.0890    0.3399    0.1064    0.1606    0.0445    0.0886    0.0001    0.4805    0.2391        0.0832    0.0119  -31.3775
    0.0849    0.3482    0.1006    0.1695    0.0424    0.1008    0.0001    0.4947    0.1959        0.0953    0.0114  -37.8979
    0.0928    0.3230    0.0115    0.0881    0.0464    0.0656    0.0001    0.3500    0.1766        0.0659   -0.0044  -62.3858
    0.0841    0.3517    0.0168    0.1603    0.0421    0.0837    0.0001    0.5108    0.2590       -0.0234   -0.0012  -70.9933
    0.0781    0.3455    0.0635    0.1438    0.0390    0.0855    0.0001    0.5395    0.2897        0.1430   -0.0003  -52.0906
    0.0817    0.3465    0.0560    0.1590    0.0409    0.0878    0.0001    0.4938    0.2730        0.0785   -0.0002  -56.5038
    0.0837    0.3438    0.0133    0.1226    0.0419    0.0977    0.0001    0.4068    0.1285        0.0801    0.0165  -54.9036
    0.0851    0.3476    0.0142    0.1437    0.0426    0.0897    0.0001    0.4352    0.2160        0.0617   -0.0219  -60.4784
    0.0850    0.3456    0.2048    0.1530    0.0425    0.1055    0.0001    0.2929    0.1599        0.1100    0.0106  -20.2003
    0.0985    0.3460    0.2300    0.1948    0.0492    0.1055    0.0001    0.4737    0.2527        0.1150    0.0162  -25.3403
    0.0775    0.3582    0.1109    0.1532    0.0387    0.1214    0.0001    0.8016    0.1450        0.1327    0.0139  -55.0684
    0.0781    0.3582    0.0741    0.1565    0.0391    0.1213    0.0001    0.6110    0.1179        0.0922    0.0121  -58.1262
    0.0918    0.3477    0.1935    0.1600    0.0459    0.0841    0.0001    0.4711    0.1842       -0.0243    0.0315  -28.9193
    0.0924    0.3592    0.2432    0.1831    0.0462    0.0904    0.0001    0.5708    0.2247       -0.0251    0.0110  -32.3004
    0.0931    0.3517    0.2268    0.1889    0.0465    0.0885    0.0001    0.5945    0.2271        0.1336    0.0070  -42.5531
    0.0922    0.3505    0.2380    0.1857    0.0461    0.0792    0.0001    0.5816    0.2405        0.1340    0.0070  -44.4496
    0.0849    0.3525    0.1105    0.1325    0.0425    0.1183    0.0001    0.4927    0.2460        0.0399    0.0106  -54.8600
    0.0738    0.3619    0.0294    0.1394    0.0369    0.1185    0.0001    0.4566    0.2696        0.0416    0.0129  -61.7217
    0.0931    0.3515    0.2067    0.1785    0.0465    0.0849    0.0001    0.5313    0.2524        0.0602    0.0009  -37.2560
    0.0799    0.3516    0.0726    0.1548    0.0399    0.0833    0.0001    0.4001    0.2411        0.0644    0.0015  -41.0058
    0.0812    0.3483    0.0101    0.1294    0.0406    0.0992    0.0001    0.3443    0.2624        0.0783   -0.0010  -49.3324
    0.0779    0.3493    0.0103    0.1515    0.0389    0.1091    0.0001    0.3205    0.3143        0.0677   -0.0011  -61.9016
    0.1066    0.3073    0.1549    0.0838    0.0533    0.0443    0.0001    0.3518    0.1866        0.1165    0.0140   -3.7983
    0.0954    0.3300    0.0119    0.1388    0.0477    0.0584    0.0001    0.3685    0.1809        0.0995    0.0201  -31.0872
    0.0779    0.3613    0.1092    0.1129    0.0390    0.1569    0.0001    0.6497    0.2417        0.0037    0.0105  -74.4319
    0.0754    0.3571    0.0370    0.0882    0.0377    0.1567    0.0001    0.5756    0.1798        0.0044    0.0122  -77.7603
    0.0855    0.3483    0.2088    0.1711    0.0428    0.0762    0.0001    0.4385    0.0255        0.0881    0.0076  -37.4091
    0.0806    0.3482    0.1486    0.1594    0.0403    0.0761    0.0001    0.5776    0.0259        0.0709    0.0072  -40.9883
    0.0896    0.3176    0.0100    0.0925    0.0448    0.0424    0.0001    0.3112    0.1580        0.0639    0.0245  -71.3313
    0.0832    0.3439    0.0159    0.1562    0.0416    0.0650    0.0001    0.4938    0.2520        0.1006   -0.0346  -80.4613
    0.0808    0.3531    0.1050    0.1609    0.0404    0.0849    0.0001    0.3315    0.0668        0.0943    0.0110  -27.7010
    0.0970    0.3530    0.1592    0.1937    0.0485    0.0849    0.0001    0.4929    0.1081        0.0839    0.0242  -31.2583
    0.0834    0.3480    0.0100    0.1108    0.0417    0.0928    0.0001    0.3070    0.1590        0.0699    0.0054  -62.3395
    0.0844    0.3495    0.0124    0.1253    0.0422    0.0922    0.0001    0.3766    0.1965        0.0616   -0.0057  -63.8956
    0.0923    0.3522    0.1834    0.1867    0.0462    0.1067    0.0001    0.4085    0.2510        0.1189    0.0128  -34.6033
    0.0904    0.3530    0.1687    0.1782    0.0452    0.1095    0.0001    0.5153    0.2790        0.1325    0.0150  -35.7722
    0.0909    0.3532    0.2876    0.1803    0.0455    0.0997    0.0001    0.5932    0.2323        0.1033    0.0034  -37.7436
    0.0942    0.3532    0.2233    0.1877    0.0471    0.0997    0.0001    0.5280    0.2787        0.0959    0.0026  -39.5383
    0.1099    0.2802    0.0100    0.0305    0.0550    0.0300    0.0001    0.2765    0.1761        0.0412    0.0288  -13.7253
    0.0892    0.3420    0.0146    0.1731    0.0446    0.0884    0.0001    0.4384    0.2285        0.0355   -0.0495  -29.6920
    0.0790    0.3452    0.0532    0.1251    0.0395    0.1018    0.0001    0.4643    0.2913        0.0832    0.0124  -62.4861
    0.0780    0.3464    0.0505    0.1447    0.0390    0.1000    0.0001    0.4469    0.2692        0.0139    0.0162  -65.2752
    0.0771    0.3691    0.0363    0.1165    0.0386    0.1832    0.0001    0.5110    0.2499        0.0744   -0.0052  -37.7692
    0.0761    0.3706    0.0331    0.1464    0.0381    0.1780    0.0001    0.5190    0.2578        0.0561   -0.0060  -41.6385
    0.0919    0.3455    0.1081    0.1423    0.0459    0.1003    0.0001    0.4422    0.1584        0.0522   -0.0026  -34.7651
    0.0930    0.3442    0.0148    0.1453    0.0465    0.0968    0.0001    0.4553    0.2286        0.0691   -0.0016  -57.4202
    0.0926    0.3330    0.0263    0.1268    0.0463    0.0836    0.0001    0.4102    0.2275        0.0978    0.0088  -29.0063
    0.0890    0.3438    0.0274    0.1300    0.0445    0.1097    0.0001    0.4299    0.2404        0.0164   -0.0032  -33.6068
    0.0942    0.3584    0.1674    0.1862    0.0471    0.1022    0.0001    0.4167    0.2395        0.1476    0.0033  -34.1565
    0.0983    0.3583    0.1205    0.1934    0.0492    0.1022    0.0001    0.5000    0.3034        0.1687    0.0021  -37.9831
    0.0771    0.3681    0.1627    0.1530    0.0385    0.1397    0.0001    0.5728    0.2995        0.1499    0.0092  -61.7981
    0.0848    0.3681    0.1599    0.1696    0.0424    0.1395    0.0001    0.6273    0.2700        0.1155    0.0102  -63.1731
    0.0841    0.3420    0.0127    0.1305    0.0420    0.0946    0.0001    0.3909    0.1957        0.1025    0.0112  -58.3179
    0.0810    0.3454    0.0124    0.1335    0.0405    0.1025    0.0001    0.3837    0.1917        0.1032    0.0119  -58.9166
    0.0877    0.3404    0.0105    0.1141    0.0439    0.1089    0.0001    0.3251    0.1621        0.0948    0.0136  -57.9330
    0.0827    0.3471    0.0152    0.1659    0.0413    0.0966    0.0001    0.4594    0.2411        0.1322    0.0281  -64.7301
    0.0823    0.3487    0.0177    0.1476    0.0412    0.0986    0.0001    0.5386    0.1771        0.0581    0.0079  -62.8404
    0.0844    0.3499    0.0147    0.1697    0.0422    0.0971    0.0001    0.4586    0.2230        0.0690    0.0067  -69.4031
    0.0752    0.3501    0.0118    0.1289    0.0376    0.0714    0.0001    0.3973    0.3080       -0.0051    0.0118  -60.9279
    0.0753    0.3564    0.0100    0.1460    0.0377    0.0838    0.0001    0.3123    0.3001       -0.0057    0.0118  -74.7252
    0.0863    0.3410    0.0310    0.1460    0.0432    0.0818    0.0001    0.4702    0.3123        0.1159    0.0100  -53.2649
    0.0855    0.3403    0.0301    0.1366    0.0427    0.0822    0.0001    0.4693    0.2686        0.0559   -0.0098  -55.9447
    0.0710    0.3717    0.1656    0.1423    0.0355    0.1344    0.0001    0.2772    0.2249        0.0612    0.0065  -49.4477
    0.0695    0.3716    0.1581    0.1387    0.0347    0.1344    0.0001    0.3511    0.2804        0.0587    0.0064  -52.5061
    0.0871    0.3402    0.0654    0.1641    0.0436    0.0837    0.0001    0.5345    0.1282        0.0822    0.0062  -41.1920
    0.0808    0.3413    0.0658    0.1600    0.0404    0.0865    0.0001    0.5555    0.1429        0.0457    0.0082  -43.7255
    0.0751    0.3517    0.2998    0.1516    0.0375    0.0832    0.0001    0.5559    0.3243        0.0767    0.0075  -79.7367
    0.0838    0.3517    0.1711    0.1693    0.0419    0.0831    0.0001    0.5153    0.3904        0.0517    0.0068  -86.3553
    0.0949    0.3339    0.0104    0.1118    0.0475    0.0875    0.0001    0.3345    0.2903        0.1005   -0.0061  -56.6721
    0.0857    0.3378    0.0100    0.1261    0.0429    0.0725    0.0001    0.3093    0.3018        0.0851   -0.0208  -63.3896
    0.0766    0.3618    0.1148    0.1529    0.0383    0.1281    0.0001    0.4545    0.1482        0.0873    0.0081  -48.4814
    0.0811    0.3617    0.1078    0.1601    0.0405    0.1282    0.0001    0.5109    0.2481        0.0957    0.0030  -50.8557
    0.0750    0.3559    0.1400    0.1503    0.0375    0.0968    0.0001    0.5405    0.2439        0.1041    0.0084  -47.4941
    0.0773    0.3559    0.0464    0.1548    0.0387    0.0968    0.0001    0.4030    0.1791        0.0590    0.0069  -52.4921
    0.0911    0.3472    0.2666    0.1792    0.0455    0.0983    0.0001    0.4338    0.3317        0.0494    0.0129  -54.6058
    0.0829    0.3482    0.2615    0.1673    0.0415    0.1010    0.0001    0.5086    0.3120        0.0602    0.0129  -58.3364
    0.0941    0.3471    0.2328    0.1886    0.0470    0.0967    0.0001    0.4978    0.3789        0.1295    0.0193  -19.1623
    0.0955    0.3460    0.1712    0.1903    0.0477    0.0945    0.0001    0.5484    0.2881        0.1104    0.0271  -20.3702
    0.0787    0.3674    0.1253    0.1561    0.0393    0.1385    0.0001    0.4755    0.2145        0.1020    0.0072  -30.1068
    0.0839    0.3674    0.1337    0.1666    0.0420    0.1384    0.0001    0.4723    0.2270        0.1100    0.0084  -30.9634
    0.0867    0.3509    0.1366    0.1449    0.0433    0.1077    0.0001    0.4759    0.3706        0.1275    0.0013  -51.6949
    0.0852    0.3510    0.0855    0.1416    0.0426    0.1075    0.0001    0.4242    0.3449        0.0441    0.0022  -53.6840
    0.0946    0.3134    0.0151    0.0868    0.0473    0.0737    0.0001    0.4631    0.1395        0.0932    0.0157  -42.9145
    0.0906    0.3322    0.0148    0.1536    0.0453    0.0808    0.0001    0.4531    0.1379        0.1212    0.0196  -49.8443
    0.0828    0.3528    0.2268    0.1653    0.0414    0.1310    0.0001    0.3762    0.0856        0.0828    0.0298  -19.2375
    0.0790    0.3527    0.1415    0.1589    0.0395    0.1304    0.0001    0.3219    0.0809        0.0560    0.0412  -20.5209
    0.0848    0.3168    0.0241    0.1028    0.0424    0.0399    0.0001    0.3344    0.1178        0.0334    0.0134  -44.0254
    0.0886    0.3138    0.0239    0.0997    0.0443    0.0462    0.0001    0.3722    0.1186        0.0478    0.0220  -46.5455
    0.0860    0.3348    0.0281    0.1333    0.0430    0.0721    0.0001    0.4384    0.1656        0.1085    0.0047  -44.4158
    0.0830    0.3392    0.0294    0.1259    0.0415    0.0884    0.0001    0.4585    0.1447        0.0898    0.0045  -45.8108
    0.0823    0.3485    0.0288    0.1149    0.0411    0.1086    0.0001    0.4504    0.2506        0.1074    0.0137  -54.4871
    0.0766    0.3536    0.0264    0.1511    0.0383    0.1104    0.0001    0.4109    0.2177        0.0636    0.0145  -58.2587
    0.0747    0.3535    0.1481    0.1383    0.0373    0.1151    0.0001    0.4596    0.2202        0.1030    0.0104  -53.2047
    0.0760    0.3538    0.1166    0.1529    0.0380    0.1145    0.0001    0.4851    0.2263        0.1044    0.0104  -55.3129
    0.0757    0.3529    0.0249    0.1431    0.0379    0.1098    0.0001    0.3876    0.2113        0.0952    0.0114  -66.2020
    0.0737    0.3533    0.0271    0.1363    0.0369    0.1121    0.0001    0.4245    0.2246        0.0511    0.0121  -67.2753
    0.0879    0.3415    0.0723    0.1349    0.0440    0.0773    0.0001    0.3558    0.2244        0.0485    0.0106  -35.9215
    0.0830    0.3466    0.0622    0.1684    0.0415    0.0843    0.0001    0.4113    0.1744        0.0407    0.0084  -41.9848
    0.0953    0.3080    0.0122    0.1067    0.0476    0.0672    0.0001    0.3629    0.1977        0.1246    0.0091  -50.9941
    0.0859    0.3388    0.0136    0.1410    0.0430    0.0967    0.0001    0.4183    0.2103        0.0666    0.0131  -57.1626
    0.0788    0.3597    0.0869    0.1582    0.0394    0.1174    0.0001    0.4575    0.1059        0.1045    0.0117  -20.0144
    0.0822    0.3597    0.0927    0.1647    0.0411    0.1177    0.0001    0.5192    0.1314        0.0361    0.0131  -22.0231
    0.1012    0.3440    0.1953    0.2003    0.0506    0.0780    0.0001    0.7035    0.4589        0.1817    0.0133  -67.4484
    0.1033    0.3388    0.1772    0.2041    0.0516    0.0775    0.0001    0.6682    0.4147        0.1223   -0.0017  -66.9051
    0.0825    0.3494    0.0278    0.1307    0.0413    0.1149    0.0001    0.4365    0.2224        0.1255    0.0170  -35.1555
    0.0843    0.3506    0.0290    0.1561    0.0422    0.1150    0.0001    0.4526    0.2439        0.0662    0.0409  -38.5480
    0.0981    0.3462    0.1062    0.1597    0.0490    0.0958    0.0001    0.4566    0.1833        0.1549    0.0144  -23.8618
    0.0859    0.3494    0.1134    0.1751    0.0430    0.0948    0.0001    0.4759    0.2181        0.1393    0.0145  -30.4315
    0.0944    0.3258    0.1196    0.0908    0.0472    0.0897    0.0001    0.3919    0.2408        0.1010    0.0102  -52.6386
    0.0931    0.3373    0.1512    0.1174    0.0465    0.1019    0.0001    0.4515    0.2812        0.1062   -0.0223  -53.3366
    0.0994    0.3157    0.0113    0.1116    0.0497    0.0393    0.0001    0.3443    0.1778        0.0840    0.0111  -46.4631
    0.0905    0.3405    0.0135    0.1398    0.0452    0.0802    0.0001    0.4123    0.2123        0.0560   -0.0235  -50.2816
    0.0818    0.3476    0.0190    0.1362    0.0409    0.1041    0.0001    0.5831    0.1770        0.0538   -0.0002  -43.1885
    0.0803    0.3529    0.0136    0.1547    0.0402    0.1121    0.0001    0.4213    0.2094        0.0263   -0.0003  -54.2592
    0.0745    0.3708    0.1066    0.1441    0.0373    0.1296    0.0001    0.3528    0.2458        0.1104    0.0130  -35.6688
    0.0780    0.3623    0.1111    0.1537    0.0390    0.1296    0.0001    0.4305    0.2154        0.1112    0.0082  -37.2941
    0.0753    0.3675    0.1988    0.1153    0.0377    0.1490    0.0001    0.4577    0.0763        0.1156    0.0015  -36.9179
    0.0817    0.3560    0.0195    0.1624    0.0409    0.0962    0.0001    0.6015    0.1087        0.1285    0.0016  -60.9612
    0.0879    0.3672    0.2931    0.1747    0.0440    0.1408    0.0001    0.8834    0.2792       -0.0179    0.0018  -23.4351
    0.0934    0.3672    0.2014    0.1866    0.0467    0.1406    0.0001    0.6477    0.3906       -0.0121    0.0027  -29.7411
    0.1055    0.3387    0.0100    0.1525    0.0528    0.0542    0.0001    0.7727    0.3093        0.0379    0.0077 -113.5273
    0.0917    0.3579    0.0102    0.1860    0.0459    0.0915    0.0001    0.8049    0.3145        0.0642   -0.0079 -124.8881
    0.0950    0.3191    0.0134    0.1043    0.0475    0.0993    0.0001    0.4074    0.1301        0.1315    0.0113  -32.9832
    0.0855    0.3398    0.0138    0.1694    0.0427    0.0862    0.0001    0.4286    0.0961        0.1063    0.0036  -42.9202
    0.0982    0.3328    0.1450    0.1616    0.0491    0.0674    0.0001    0.4664    0.3110        0.1075    0.0042  -40.9958
    0.0897    0.3387    0.0938    0.1798    0.0448    0.0666    0.0001    0.4795    0.3396        0.0983    0.0035  -43.6975
    0.0860    0.3537    0.2575    0.1646    0.0430    0.1082    0.0001    0.6002    0.3144        0.0135    0.0085  -55.3546
    0.0876    0.3538    0.2287    0.1767    0.0438    0.1038    0.0001    0.7081    0.3045        0.0145    0.0067  -58.8997
    0.0823    0.3503    0.0480    0.1444    0.0411    0.0957    0.0001    0.4189    0.2526        0.0761   -0.0005  -48.4373
    0.0820    0.3488    0.0485    0.1297    0.0410    0.0973    0.0001    0.4313    0.2189        0.0353   -0.0005  -49.4688
    0.0959    0.3212    0.0169    0.0721    0.0479    0.1066    0.0001    0.5211    0.1429        0.0146    0.0156  -53.7420
    0.0794    0.3481    0.0165    0.1504    0.0397    0.1025    0.0001    0.4993    0.2611        0.0443   -0.0857  -67.7621
    0.0883    0.3404    0.0347    0.1400    0.0441    0.0944    0.0001    0.5387    0.1528        0.0389    0.0083  -31.2865
    0.0845    0.3514    0.0335    0.1269    0.0422    0.1290    0.0001    0.5210    0.1613        0.0526    0.0084  -33.4465
    0.0752    0.3497    0.0224    0.1231    0.0376    0.0966    0.0001    0.3489    0.1756        0.1263    0.0110  -73.0268
    0.0736    0.3499    0.0237    0.1443    0.0368    0.0937    0.0001    0.3704    0.2036        0.1307    0.0117  -74.5643
    0.0825    0.3629    0.1342    0.1670    0.0413    0.1263    0.0001    0.3441    0.3357        0.0265    0.0130  -10.3549
    0.0886    0.3623    0.1058    0.1810    0.0443    0.1285    0.0001    0.3819    0.1831        0.0200    0.0111  -15.8328
    0.0952    0.3483    0.2732    0.1465    0.0476    0.1175    0.0001    0.4911    0.1044        0.0580   -0.0101  -17.3793
    0.0812    0.3562    0.0283    0.1598    0.0406    0.1064    0.0001    0.4406    0.1070        0.0802   -0.0092  -31.9951
    0.0859    0.3457    0.0168    0.1292    0.0429    0.0965    0.0001    0.5071    0.2677        0.0812    0.0031  -82.8770
    0.0809    0.3464    0.0170    0.1367    0.0405    0.0965    0.0001    0.5196    0.2669        0.0435    0.0035  -84.6534
    0.0883    0.3378    0.0100    0.1243    0.0442    0.0905    0.0001    0.3141    0.3065        0.1403    0.0106  -80.7751
    0.0889    0.3352    0.0101    0.1245    0.0444    0.0785    0.0001    0.3146    0.3015        0.1501    0.0463  -82.0798
    0.0886    0.3309    0.0135    0.1088    0.0443    0.0883    0.0001    0.4121    0.2164        0.1001    0.0104  -59.0741
    0.0886    0.3348    0.0131    0.1276    0.0443    0.0949    0.0001    0.3991    0.2044        0.1098   -0.0653  -62.8316
    0.0770    0.3404    0.0139    0.0775    0.0385    0.1232    0.0001    0.2222    0.2124        0.1085    0.0005  -57.7738
    0.0778    0.3432    0.0162    0.1077    0.0389    0.1109    0.0001    0.2598    0.2439        0.0878    0.0007  -59.8348
    0.0803    0.3498    0.0390    0.1603    0.0401    0.0771    0.0001    0.5932    0.1326        0.1390   -0.0082  -50.6925
    0.0849    0.3498    0.0406    0.1717    0.0424    0.0772    0.0001    0.6234    0.1629        0.0901   -0.0092  -53.6271
    0.0675    0.3607    0.0124    0.1324    0.0337    0.0943    0.0001    0.3862    0.1783        0.1128    0.0037  -75.3950
    0.0729    0.3600    0.0131    0.1398    0.0364    0.0942    0.0001    0.4041    0.2034        0.0483    0.0078  -77.6255
    0.0863    0.3424    0.0149    0.1260    0.0431    0.0991    0.0001    0.4525    0.2375        0.1036   -0.0008  -57.1124
    0.0849    0.3456    0.0130    0.1203    0.0424    0.1040    0.0001    0.3992    0.2043        0.0663   -0.0008  -58.8141
    0.0920    0.3256    0.0135    0.1356    0.0460    0.0538    0.0001    0.4202    0.2045        0.0131    0.0078  -41.1590
    0.0853    0.3447    0.0145    0.1612    0.0426    0.0975    0.0001    0.4457    0.2259        0.0347   -0.0059  -46.5940
    0.0875    0.3398    0.0950    0.1485    0.0438    0.0889    0.0001    0.4131    0.1595        0.1355    0.0133  -24.9983
    0.0855    0.3383    0.0441    0.1304    0.0428    0.0883    0.0001    0.3930    0.1330        0.0939    0.0424  -26.6229
    0.0939    0.3476    0.1410    0.1438    0.0469    0.0688    0.0001    0.4670    0.2505        0.0560    0.0065  -33.2312
    0.0867    0.3572    0.1099    0.1735    0.0434    0.0844    0.0001    0.5150    0.2337        0.0453    0.0067  -38.1171
    0.0822    0.3540    0.0591    0.1635    0.0411    0.1179    0.0001    0.5277    0.2578        0.1360    0.0106  -50.6651
    0.0841    0.3540    0.0598    0.1679    0.0420    0.1179    0.0001    0.5056    0.2574        0.1368    0.0104  -50.8774
    0.0864    0.3410    0.0136    0.0730    0.0432    0.1266    0.0001    0.4245    0.1992        0.0694    0.0092  -59.5814
    0.0776    0.3609    0.0150    0.1496    0.0388    0.1029    0.0001    0.4639    0.2317        0.0720    0.0096  -68.9264
    0.0862    0.3392    0.0454    0.1596    0.0431    0.0811    0.0001    0.4083    0.2357        0.0737    0.0060  -35.4399
    0.0867    0.3393    0.0490    0.1660    0.0433    0.0810    0.0001    0.4360    0.2496        0.0538    0.0065  -35.8344
    0.0849    0.3515    0.1117    0.1701    0.0425    0.1065    0.0001    0.3860    0.2024        0.0882    0.0102  -32.4833
    0.0856    0.3507    0.0500    0.1583    0.0428    0.1058    0.0001    0.4496    0.2507        0.0777    0.0075  -36.2732
    0.0821    0.3338    0.0134    0.0997    0.0411    0.0941    0.0001    0.4073    0.2146        0.0452    0.0158  -61.6067
    0.0791    0.3501    0.0148    0.1533    0.0395    0.1209    0.0001    0.4544    0.2314        0.0526    0.0214  -68.7335
    0.0873    0.3420    0.1232    0.0999    0.0437    0.0849    0.0001    0.4461    0.1428        0.0900    0.0073  -62.4795
    0.0885    0.3372    0.0466    0.1075    0.0443    0.0881    0.0001    0.4239    0.1736        0.1350    0.0137  -62.0504
    0.0819    0.3408    0.0509    0.1149    0.0409    0.0931    0.0001    0.4631    0.2048        0.0720    0.0105  -62.8503
    0.0803    0.3437    0.0506    0.1201    0.0402    0.0961    0.0001    0.4493    0.1967        0.0738   -0.0799  -65.2094
    0.0880    0.3537    0.2876    0.1725    0.0440    0.1213    0.0001    0.5927    0.1867        0.1090    0.0090  -35.3815
    0.0864    0.3597    0.1712    0.1640    0.0432    0.1266    0.0001    0.4852    0.2772        0.0993    0.0093  -39.8728
    0.0811    0.3403    0.0127    0.1372    0.0405    0.0904    0.0001    0.3903    0.1976        0.0982    0.0121  -71.5811
    0.0781    0.3465    0.0156    0.1542    0.0390    0.0947    0.0001    0.4730    0.2427        0.0401    0.0079  -75.4203
    0.0809    0.3609    0.1007    0.1298    0.0404    0.1539    0.0001    0.3842    0.1385        0.1317    0.0120  -13.6668
    0.0824    0.3608    0.0712    0.1639    0.0412    0.1253    0.0001    0.4518    0.1475        0.0978    0.0161  -26.3980
    0.1039    0.3499    0.2646    0.1994    0.0520    0.1124    0.0001    0.6241    0.4387        0.1353    0.0195  -43.3269
    0.1025    0.3517    0.2514    0.2100    0.0513    0.1151    0.0001    0.6331    0.4539        0.1373    0.0195  -47.4647
    0.0859    0.3556    0.1638    0.1634    0.0429    0.1190    0.0001    0.6511    0.3870       -0.0289    0.0008  -41.0170
    0.0860    0.3561    0.1637    0.1695    0.0430    0.1202    0.0001    0.6546    0.2796        0.0109    0.0026  -44.4034
    0.0772    0.3576    0.0297    0.1292    0.0386    0.1000    0.0001    0.4656    0.2176        0.1194    0.0030  -69.7553
    0.0762    0.3587    0.0326    0.1472    0.0381    0.0994    0.0001    0.4951    0.1978        0.1039   -0.0021  -70.9929
    0.0852    0.3296    0.0491    0.1081    0.0426    0.0802    0.0001    0.4339    0.1551        0.0877    0.0163  -49.3955
    0.0841    0.3366    0.0513    0.1200    0.0421    0.0943    0.0001    0.4593    0.1751        0.0541    0.0194  -50.7959
    0.0793    0.3527    0.0403    0.1359    0.0396    0.1132    0.0001    0.3495    0.2513        0.0844    0.0118  -21.5139
    0.0811    0.3529    0.0290    0.1628    0.0405    0.1212    0.0001    0.4513    0.1849        0.0667    0.0122  -31.3963
    0.0817    0.3535    0.2322    0.1577    0.0408    0.0971    0.0001    0.4921    0.2297        0.0820    0.0148  -55.5706
    0.0773    0.3541    0.1187    0.1516    0.0386    0.0960    0.0001    0.4207    0.2052        0.1346    0.0048  -58.2169
    0.0764    0.3574    0.0103    0.0881    0.0382    0.1597    0.0001    0.3173    0.3027        0.1106    0.0079  -76.4442
    0.0718    0.3729    0.0112    0.1304    0.0359    0.1357    0.0001    0.3485    0.3394        0.0678    0.0022  -82.9085
    0.0813    0.3420    0.0100    0.1631    0.0406    0.0879    0.0001    0.3007    0.2478        0.1114    0.0039  -44.2626
    0.0924    0.3415    0.0102    0.1838    0.0462    0.0865    0.0001    0.3115    0.3019        0.0924    0.0043  -54.4507
    0.0774    0.3506    0.0805    0.1535    0.0387    0.0912    0.0001    0.5595    0.2318        0.0880    0.0022  -41.1595
    0.0777    0.3503    0.0806    0.1548    0.0389    0.0904    0.0001    0.4518    0.2015        0.0934    0.0017  -42.9040
    0.0995    0.3614    0.2267    0.1954    0.0498    0.1148    0.0001    0.6861    0.3425        0.1891    0.0059  -39.4928
    0.0998    0.3605    0.2146    0.2044    0.0499    0.1213    0.0001    0.7438    0.3554        0.1602    0.0069  -41.3005
    0.0834    0.3395    0.0136    0.1549    0.0417    0.0485    0.0001    0.4277    0.2007        0.1698    0.0130  -78.6059
    0.0794    0.3363    0.0114    0.1346    0.0397    0.0478    0.0001    0.3492    0.1760        0.1765    0.0414  -83.0784
    0.0915    0.3411    0.0268    0.1095    0.0457    0.1164    0.0001    0.4195    0.1731        0.0700    0.0096  -16.0925
    0.0908    0.3431    0.0301    0.1241    0.0454    0.1177    0.0001    0.4685    0.1421        0.0099    0.0150  -19.3642
    0.0945    0.3304    0.0353    0.0847    0.0473    0.1466    0.0001    0.5463    0.0557       -0.0462    0.0018   -2.1062
    0.0897    0.3536    0.0365    0.1776    0.0448    0.1074    0.0001    0.5590    0.1387       -0.0094    0.0034  -17.5372
    0.0882    0.3515    0.1088    0.1362    0.0441    0.1185    0.0001    0.4420    0.2510        0.0975    0.0028  -35.0687
    0.0816    0.3528    0.0250    0.1265    0.0408    0.1200    0.0001    0.3908    0.2004        0.0684    0.0031  -39.0320
    0.0759    0.3690    0.0720    0.1509    0.0380    0.1232    0.0001    0.4330    0.1416        0.0957    0.0102  -56.6141
    0.0728    0.3691    0.0716    0.1464    0.0364    0.1233    0.0001    0.4298    0.1382        0.1004    0.0107  -57.2947
    0.0948    0.3457    0.1619    0.1581    0.0474    0.0782    0.0001    0.5429    0.3721        0.0406    0.0119  -37.4092
    0.0824    0.3476    0.0282    0.1606    0.0412    0.0754    0.0001    0.4360    0.2567        0.0394    0.0101  -43.0670
    0.0717    0.3510    0.0556    0.1446    0.0359    0.0891    0.0001    0.4228    0.0988        0.0568    0.0095  -39.6789
    0.0728    0.3510    0.0560    0.1470    0.0364    0.0891    0.0001    0.4692    0.0996        0.0583    0.0085  -40.3079
    0.0789    0.3537    0.1240    0.1498    0.0394    0.1066    0.0001    0.4418    0.2836        0.0015    0.0057  -57.8333
    0.0785    0.3537    0.0754    0.1466    0.0393    0.1063    0.0001    0.4198    0.2290        0.0014    0.0044  -58.4246
    0.0888    0.3519    0.1039    0.1762    0.0444    0.0759    0.0001    0.4668    0.1443        0.0814   -0.0120  -43.4005
    0.0845    0.3463    0.0514    0.1623    0.0423    0.0749    0.0001    0.4496    0.2311        0.1189   -0.0088  -42.9135
    0.0877    0.3469    0.0806    0.1686    0.0438    0.0889    0.0001    0.5063    0.1472        0.0549    0.0054  -31.2250
    0.0853    0.3468    0.0584    0.1618    0.0427    0.0889    0.0001    0.5129    0.2113        0.0418    0.0047  -33.2665
    0.0882    0.3455    0.1907    0.1719    0.0441    0.0818    0.0001    0.4791    0.1445        0.0907    0.0070  -36.9701
    0.0775    0.3465    0.0457    0.1512    0.0388    0.0846    0.0001    0.4089    0.1660        0.0644    0.0088  -42.3032
    0.0899    0.3521    0.0154    0.1598    0.0449    0.1103    0.0001    0.4784    0.2344       -0.0069    0.0060  -41.2886
    0.0814    0.3536    0.0140    0.1620    0.0407    0.1122    0.0001    0.4320    0.2136       -0.0077    0.0073  -45.2630
    0.0815    0.3479    0.2643    0.1574    0.0408    0.0792    0.0001    0.2407    0.2157        0.0953    0.0144  -36.5922
    0.0962    0.3435    0.1740    0.1942    0.0481    0.0767    0.0001    0.3799    0.2989       -0.0237    0.0143  -50.9334
    0.0932    0.3588    0.2648    0.1754    0.0466    0.1015    0.0001    0.6361    0.3572        0.1114    0.0093    2.8382
    0.0851    0.3589    0.0773    0.1685    0.0425    0.1008    0.0001    0.4659    0.1798        0.1296    0.0102   -9.7914
    0.0829    0.3461    0.0133    0.1504    0.0414    0.0881    0.0001    0.4492    0.3622        0.0977    0.0124  -80.7792
    0.0796    0.3470    0.0131    0.1580    0.0398    0.0887    0.0001    0.4050    0.4002        0.0983    0.0110  -92.1185
    0.0706    0.3558    0.0960    0.1257    0.0353    0.1210    0.0001    0.4053    0.2721        0.0927    0.0242  -54.3395
    0.0738    0.3566    0.0826    0.1472    0.0369    0.1219    0.0001    0.4812    0.2267        0.1089    0.0264  -59.0529
    0.0894    0.3475    0.2795    0.1817    0.0447    0.1093    0.0001    0.4634    0.1807        0.0468    0.0012  -32.8539
    0.0902    0.3548    0.1402    0.1836    0.0451    0.1093    0.0001    0.4836    0.1939        0.0376    0.0013  -39.9010
    0.0839    0.3328    0.0100    0.0951    0.0419    0.1070    0.0001    0.3087    0.1573        0.0202    0.0151  -53.2383
    0.0817    0.3409    0.0113    0.1144    0.0408    0.1056    0.0001    0.3478    0.1763        0.0100    0.0125  -54.3160
    0.0945    0.3245    0.0108    0.0921    0.0472    0.0758    0.0001    0.3230    0.1794        0.0395    0.0188  -21.8987
    0.0832    0.3481    0.0134    0.1640    0.0416    0.1018    0.0001    0.4112    0.2128        0.0464    0.0197  -31.2397
    0.0938    0.3176    0.0119    0.1166    0.0469    0.0300    0.0001    0.3646    0.1813        0.0229    0.0018  -55.8068
    0.1002    0.3265    0.0154    0.1488    0.0501    0.0381    0.0001    0.4713    0.2448        0.0887    0.0018  -60.4606
    0.0804    0.3560    0.0166    0.1481    0.0402    0.1160    0.0001    0.5049    0.1182        0.0899    0.0167  -58.9636
    0.0817    0.3564    0.0157    0.1580    0.0408    0.1163    0.0001    0.4810    0.2426        0.0703    0.0155  -66.3562
    0.0755    0.3517    0.0100    0.1317    0.0378    0.0956    0.0001    0.3097    0.1560        0.0862    0.0089  -48.2562
    0.0799    0.3524    0.0106    0.1586    0.0399    0.0961    0.0001    0.3328    0.1708        0.0565    0.0078  -53.4084
    0.1019    0.3493    0.1410    0.1742    0.0510    0.0825    0.0001    0.5038    0.3318        0.0476    0.0106  -19.4815
    0.0942    0.3528    0.0994    0.1893    0.0471    0.0895    0.0001    0.5157    0.2146        0.0451    0.0140  -26.0186
    0.0779    0.3538    0.1293    0.1558    0.0390    0.1105    0.0001    0.5680    0.1840        0.0625    0.0096  -43.0047
    0.0801    0.3538    0.1100    0.1594    0.0401    0.1104    0.0001    0.4360    0.2136        0.0704    0.0093  -45.3481
    0.0839    0.3543    0.0797    0.1691    0.0419    0.1183    0.0001    0.4426    0.2713        0.1156    0.0056  -20.7354
    0.0860    0.3623    0.0821    0.1745    0.0430    0.1185    0.0001    0.4590    0.2668        0.1131    0.0055  -22.5243
    0.0877    0.3425    0.0331    0.1749    0.0438    0.0731    0.0001    0.5153    0.2400        0.1031    0.0135  -46.5089
    0.0848    0.3425    0.0290    0.1678    0.0424    0.0731    0.0001    0.4535    0.2181        0.1046    0.0131  -47.2515
    0.0833    0.3463    0.0100    0.1632    0.0416    0.0989    0.0001    0.8015    0.2303        0.0500    0.0212  -98.2011
    0.0790    0.3547    0.0100    0.1576    0.0395    0.1025    0.0001    0.7793    0.3041        0.0578    0.0104 -122.4737
    0.0980    0.3069    0.0125    0.0970    0.0490    0.0312    0.0001    0.3788    0.1957        0.0677    0.0029  -57.1013
    0.0941    0.3265    0.0141    0.1380    0.0470    0.0533    0.0001    0.4341    0.2197        0.0878    0.0026  -59.1726
    0.0750    0.3514    0.0557    0.1515    0.0375    0.0861    0.0001    0.4329    0.1958        0.1408    0.0180  -63.7070
    0.0766    0.3524    0.0681    0.1539    0.0383    0.0902    0.0001    0.4341    0.1928        0.1067    0.0195  -64.8744
    0.0934    0.3192    0.0761    0.1308    0.0467    0.0523    0.0001    0.3638    0.2635        0.1109    0.0085  -34.5285
    0.0914    0.3206    0.0223    0.1445    0.0457    0.0498    0.0001    0.3402    0.2198        0.0392    0.0121  -39.4840
    0.0808    0.3482    0.0236    0.1400    0.0404    0.0827    0.0001    0.3677    0.1504        0.0954    0.0050  -37.7417
    0.0830    0.3514    0.0268    0.1622    0.0415    0.0857    0.0001    0.4198    0.2154        0.0482    0.0031  -43.6855
    0.0837    0.3468    0.0940    0.1559    0.0419    0.1039    0.0001    0.5105    0.1672        0.0455    0.0132  -26.5744
    0.0845    0.3481    0.0857    0.1638    0.0423    0.0980    0.0001    0.5134    0.2083        0.0322    0.0131  -29.1249
    0.0802    0.3593    0.0189    0.1483    0.0401    0.0990    0.0001    0.5552    0.3226        0.1045    0.0054  -90.5915
    0.0804    0.3597    0.0188    0.1602    0.0402    0.0971    0.0001    0.5725    0.2961        0.1058    0.0056  -95.7943
    0.0940    0.3360    0.0530    0.1110    0.0470    0.0964    0.0001    0.4863    0.1749        0.0640    0.0118  -35.4182
    0.0904    0.3476    0.0634    0.1218    0.0452    0.1108    0.0001    0.5647    0.2452        0.0322    0.0311  -37.6651
    0.0855    0.3437    0.0677    0.1352    0.0427    0.0847    0.0001    0.4552    0.1868        0.0534    0.0123  -58.5143
    0.0842    0.3477    0.0523    0.1288    0.0421    0.0966    0.0001    0.4707    0.1870        0.0299   -0.0413  -61.3879
    0.0876    0.3537    0.0351    0.1616    0.0438    0.0823    0.0001    0.5465    0.2350        0.1066    0.0136  -48.3445
    0.0860    0.3539    0.0331    0.1616    0.0430    0.0826    0.0001    0.5167    0.2307        0.0845    0.0130  -48.8164
    0.0863    0.3549    0.1281    0.1725    0.0431    0.1335    0.0001    0.5625    0.2904        0.0983    0.0063  -47.0523
    0.0845    0.3599    0.1258    0.1572    0.0423    0.1269    0.0001    0.5943    0.2891        0.0885    0.0067  -45.7988
    0.0824    0.3666    0.1086    0.1612    0.0412    0.1165    0.0001    0.4800    0.2733        0.1572    0.0048  -47.4127
    0.0836    0.3665    0.0792    0.1613    0.0418    0.1165    0.0001    0.4974    0.2435        0.0917    0.0047  -48.8081
    0.0875    0.3269    0.0132    0.0975    0.0438    0.0643    0.0001    0.4031    0.2101        0.1037    0.0060  -85.2059
    0.0761    0.3536    0.0142    0.1504    0.0381    0.0959    0.0001    0.4377    0.2242        0.0333    0.0087  -91.7557
    0.0803    0.3454    0.0100    0.1590    0.0401    0.0836    0.0001    0.3175    0.1804        0.0806    0.0090  -50.5376
    0.0807    0.3459    0.0136    0.1602    0.0404    0.0843    0.0001    0.4281    0.2179        0.0701    0.0102  -60.4148
    0.0948    0.3332    0.0121    0.1091    0.0474    0.0907    0.0001    0.3702    0.1069        0.1410   -0.0000  -38.9647
    0.0892    0.3480    0.0154    0.1471    0.0446    0.0933    0.0001    0.4725    0.1448        0.1272   -0.0000  -42.5900
    0.0813    0.3490    0.0100    0.1263    0.0407    0.1075    0.0001    0.3104    0.3073        0.1015    0.0055  -68.3045
    0.0827    0.3514    0.0104    0.1596    0.0414    0.1067    0.0001    0.3232    0.3159        0.0926    0.0016  -71.4303
    0.0792    0.3703    0.0702    0.1292    0.0396    0.1530    0.0001    0.6603    0.1846        0.0826    0.0069  -50.5305
    0.0786    0.3718    0.0771    0.1420    0.0393    0.1518    0.0001    0.6865    0.2283        0.0714    0.0073  -52.2685
    0.0822    0.3469    0.0873    0.1395    0.0411    0.1023    0.0001    0.5517    0.2024        0.1201    0.0092  -47.8265
    0.0827    0.3479    0.0828    0.1639    0.0413    0.1013    0.0001    0.5241    0.1883        0.1133    0.0094  -51.0421
    0.0805    0.3715    0.0557    0.1323    0.0402    0.1516    0.0001    0.4937    0.2130        0.1435    0.0166  -58.5978
    0.0741    0.3744    0.0557    0.1459    0.0371    0.1552    0.0001    0.5017    0.2555        0.1073    0.0164  -65.3522
    0.0912    0.3283    0.0127    0.0810    0.0456    0.0833    0.0001    0.3878    0.2133        0.0773    0.0083  -70.3089
    0.0899    0.3298    0.0125    0.0914    0.0450    0.0692    0.0001    0.3842    0.1949        0.0688    0.0075  -72.2185
    0.0853    0.3513    0.2779    0.1723    0.0427    0.1038    0.0001    0.3319    0.2363        0.0624    0.0140  -38.3727
    0.0905    0.3495    0.2486    0.1848    0.0453    0.0952    0.0001    0.3654    0.2222        0.0682    0.0153  -44.0356
    0.0937    0.3379    0.1362    0.1392    0.0469    0.0865    0.0001    0.5533    0.2796        0.0859    0.0099  -53.9299
    0.0872    0.3370    0.0307    0.1178    0.0436    0.0871    0.0001    0.4790    0.2090        0.0312    0.0092  -57.0394
    0.1030    0.2837    0.0103    0.0002    0.0515    0.0316    0.0001    0.2746    0.1174        0.0579   -0.0128  -22.1309
    0.1043    0.2900    0.0100    0.0003    0.0521    0.0303    0.0001    0.3087    0.1568        0.0296   -0.0346  -35.6093
    0.0908    0.3475    0.2069    0.1759    0.0454    0.0793    0.0001    0.2446    0.2180        0.0915    0.0105  -10.2226
    0.0929    0.3474    0.1234    0.1854    0.0465    0.0783    0.0001    0.3369    0.3457        0.0961    0.0194  -17.4464
    0.0708    0.3714    0.0370    0.1376    0.0354    0.1383    0.0001    0.3270    0.2796        0.1305    0.0005  -44.7947
    0.0769    0.3713    0.0437    0.1523    0.0385    0.1353    0.0001    0.3243    0.2990        0.1034    0.0005  -47.8579
    0.0862    0.3453    0.0100    0.1407    0.0431    0.0876    0.0001    0.3112    0.3031        0.0903    0.0060  -59.0493
    0.0861    0.3453    0.0100    0.1414    0.0430    0.0871    0.0001    0.3111    0.3023        0.0871    0.0059  -59.0907
    0.0989    0.2944    0.0100    0.0002    0.0495    0.1072    0.0001    0.2983    0.2545        0.0655    0.0214  -38.4280
    0.1059    0.2858    0.0100    0.0002    0.0529    0.0301    0.0001    0.3068    0.2914        0.0913    0.0392  -51.6097
    0.0860    0.3493    0.1010    0.1712    0.0430    0.1011    0.0001    0.4746    0.2025        0.0552   -0.0022  -31.9691
    0.0824    0.3495    0.0947    0.1661    0.0412    0.1009    0.0001    0.4830    0.2047        0.0534   -0.0022  -33.5129
    0.0960    0.3146    0.0113    0.0750    0.0480    0.1247    0.0001    0.3522    0.1368        0.0029    0.0133  -12.8175
    0.0922    0.3339    0.0127    0.1462    0.0461    0.0934    0.0001    0.3892    0.1979        0.0013    0.0084  -25.0973
    0.0857    0.3394    0.0288    0.1001    0.0429    0.0935    0.0001    0.4425    0.2617        0.0861    0.0071  -50.7765
    0.0855    0.3443    0.0300    0.1333    0.0427    0.0869    0.0001    0.4687    0.2547        0.0623    0.0052  -53.8372
    0.0844    0.3536    0.1992    0.1646    0.0422    0.1293    0.0001    0.4297    0.0137        0.0710    0.0135  -19.2818
    0.0840    0.3622    0.1717    0.1655    0.0420    0.1290    0.0001    0.5071    0.0152        0.0737    0.0121  -21.9521
    0.0878    0.3440    0.0117    0.1288    0.0439    0.0898    0.0001    0.3622    0.1823        0.0845    0.0096  -58.5996
    0.0775    0.3537    0.0140    0.1552    0.0388    0.1013    0.0001    0.4327    0.2090        0.1291    0.0008  -64.7703
    0.1072    0.3237    0.2579    0.1176    0.0536    0.0757    0.0001    0.5159    0.1987        0.0554   -0.0019  -24.8414
    0.0874    0.3461    0.0605    0.1749    0.0437    0.0963    0.0001    0.5331    0.2034        0.0443   -0.0025  -34.0667
    0.0769    0.3464    0.1029    0.1534    0.0384    0.0955    0.0001    0.3756    0.3177        0.1324    0.0071  -68.1927
    0.0779    0.3464    0.1028    0.1561    0.0390    0.0955    0.0001    0.3821    0.3041        0.1364    0.0075  -68.3682
    0.0823    0.3461    0.0565    0.1591    0.0411    0.0868    0.0001    0.5336    0.1385        0.0936    0.0130  -38.7969
    0.0815    0.3464    0.0558    0.1640    0.0407    0.0865    0.0001    0.5089    0.1315        0.0915    0.0119  -40.7406
    0.0765    0.3450    0.0301    0.1057    0.0383    0.0898    0.0001    0.4607    0.2834        0.1276    0.0121  -86.9111
    0.0776    0.3460    0.0343    0.1211    0.0388    0.0896    0.0001    0.5336    0.1992        0.0709    0.0139  -91.2712
    0.0867    0.3373    0.0297    0.1236    0.0433    0.0714    0.0001    0.4645    0.2296        0.0846    0.0105  -48.0574
    0.0841    0.3458    0.0334    0.1659    0.0421    0.0870    0.0001    0.5182    0.2793       -0.0050    0.0119  -54.1416
    0.0928    0.3562    0.1576    0.1888    0.0464    0.0967    0.0001    0.5364    0.1440        0.0919    0.0083  -42.2652
    0.0886    0.3497    0.1887    0.1820    0.0443    0.0966    0.0001    0.5372    0.1515        0.0937    0.0092  -41.1165
    0.0887    0.3468    0.0295    0.1317    0.0444    0.0900    0.0001    0.4527    0.2633        0.1085    0.0088  -40.4840
    0.0849    0.3528    0.0305    0.1691    0.0424    0.0937    0.0001    0.4779    0.2707        0.0210    0.0108  -49.0557
    0.0892    0.3500    0.2724    0.1573    0.0446    0.0953    0.0001    0.4975    0.1620        0.0769    0.0105  -23.0574
    0.0856    0.3508    0.0152    0.1685    0.0428    0.0959    0.0001    0.4669    0.1022        0.1054    0.0108  -44.9170
    0.0775    0.3547    0.0955    0.1536    0.0387    0.0972    0.0001    0.3782    0.1930        0.1028    0.0052  -53.6036
    0.0735    0.3547    0.0655    0.1447    0.0368    0.0972    0.0001    0.3719    0.2254        0.0908    0.0019  -54.7180
    0.0789    0.3466    0.0899    0.1552    0.0394    0.1036    0.0001    0.6168    0.1612        0.0994    0.0167  -47.4620
    0.0868    0.3466    0.0908    0.1745    0.0434    0.1037    0.0001    0.5579    0.2119        0.1131    0.0174  -50.7156
    0.0849    0.3535    0.1707    0.1697    0.0425    0.1038    0.0001    0.3985    0.3508        0.1895    0.0161  -49.8021
    0.0837    0.3580    0.1659    0.1697    0.0418    0.1048    0.0001    0.4553    0.2965        0.2048    0.0170  -52.6924
    0.0811    0.3511    0.1495    0.1613    0.0405    0.1050    0.0001    0.4874    0.1928        0.0668    0.0095  -60.2289
    0.0772    0.3513    0.1458    0.1507    0.0386    0.1060    0.0001    0.5075    0.2010        0.0720    0.0112  -60.6608
    0.0895    0.3364    0.0143    0.1148    0.0448    0.0678    0.0001    0.4391    0.2217        0.0517    0.0079  -75.3684
    0.0804    0.3476    0.0168    0.1508    0.0402    0.0800    0.0001    0.5197    0.2577        0.0794   -0.0033  -79.7346
    0.0832    0.3525    0.0861    0.1612    0.0416    0.0896    0.0001    0.4867    0.2965        0.0691    0.0075  -56.4751
    0.0844    0.3526    0.0580    0.1649    0.0422    0.0897    0.0001    0.5023    0.3228        0.0233    0.0066  -57.4244
    0.1033    0.3046    0.1214    0.0862    0.0517    0.0673    0.0001    0.3247    0.1431        0.0862    0.0405  -12.9179
    0.0992    0.3205    0.0136    0.1325    0.0496    0.0467    0.0001    0.4120    0.2174        0.0866    0.0443  -38.7358
    0.0749    0.3467    0.0274    0.1375    0.0375    0.0861    0.0001    0.4153    0.2661        0.0953    0.0064  -65.0831
    0.0755    0.3467    0.0307    0.1513    0.0378    0.0847    0.0001    0.4838    0.2416        0.0876    0.0062  -68.5326
    0.0781    0.3456    0.2953    0.1531    0.0391    0.0853    0.0001    0.3051    0.2196        0.1163    0.0138  -52.5449
    0.0777    0.3457    0.1757    0.1551    0.0389    0.0853    0.0001    0.3941    0.2983        0.1085    0.0168  -56.8870
    0.0928    0.3351    0.0131    0.1085    0.0464    0.0783    0.0001    0.4095    0.2018        0.1141    0.0093  -42.4309
    0.0794    0.3597    0.0135    0.1513    0.0397    0.0963    0.0001    0.4113    0.2131        0.0822    0.0134  -49.8364
    0.0909    0.3436    0.0181    0.1210    0.0454    0.0944    0.0001    0.5542    0.1738        0.0757    0.0079  -61.9405
    0.0875    0.3445    0.0171    0.1282    0.0437    0.0993    0.0001    0.5233    0.1614        0.0363   -0.0330  -64.5239
    0.0973    0.3291    0.1662    0.1924    0.0486    0.0527    0.0001    0.4272    0.2014        0.0552    0.0089  -11.9333
    0.0908    0.3292    0.0541    0.1789    0.0454    0.0529    0.0001    0.3979    0.2347        0.0780    0.0087  -15.0180
    0.0857    0.3452    0.0169    0.1188    0.0428    0.1017    0.0001    0.5182    0.1677        0.0720    0.0125  -52.1800
    0.0817    0.3541    0.0162    0.1484    0.0408    0.1142    0.0001    0.4962    0.1536        0.0796    0.0143  -54.8206
    0.0866    0.3449    0.0136    0.1261    0.0433    0.0946    0.0001    0.4070    0.2224        0.0873    0.0047  -46.8033
    0.0786    0.3662    0.0145    0.1536    0.0393    0.1074    0.0001    0.4539    0.2322        0.0704    0.0050  -53.9315
    0.0931    0.3579    0.2755    0.1806    0.0466    0.1091    0.0001    0.5286    0.1775        0.1245    0.0124  -46.9545
    0.0879    0.3559    0.1687    0.1787    0.0440    0.1045    0.0001    0.5957    0.1976        0.0485    0.0257  -57.9308
    0.0862    0.3356    0.1813    0.0938    0.0431    0.1037    0.0001    0.4578    0.1373        0.1781    0.0086  -56.8928
    0.0810    0.3488    0.1669    0.1223    0.0405    0.1144    0.0001    0.5675    0.1395        0.1177    0.0092  -58.6517
    0.0869    0.3526    0.2535    0.1485    0.0434    0.1008    0.0001    0.5085    0.0489        0.0934    0.0016  -13.0438
    0.0827    0.3524    0.0974    0.1658    0.0413    0.0938    0.0001    0.4850    0.0564        0.0914    0.0017  -21.6070
    0.1000    0.3076    0.0271    0.1064    0.0500    0.0454    0.0001    0.4133    0.2738        0.0978    0.0160  -40.2223
    0.0878    0.3416    0.0348    0.1717    0.0439    0.0863    0.0001    0.5248    0.3076        0.0649    0.0256  -51.1109
    0.0946    0.3384    0.0146    0.1368    0.0473    0.0607    0.0001    0.4508    0.2238        0.0330    0.0147  -60.3328
    0.1017    0.3163    0.0134    0.1064    0.0509    0.0302    0.0001    0.4134    0.2068        0.0548    0.0124  -61.6583
    0.0866    0.3588    0.1615    0.1664    0.0433    0.1197    0.0001    0.5947    0.2090        0.1332    0.0083  -43.6679
    0.0896    0.3518    0.1009    0.1797    0.0448    0.1170    0.0001    0.6376    0.2927        0.1711    0.0069  -48.3371
    0.0832    0.3393    0.0495    0.1199    0.0416    0.0985    0.0001    0.4422    0.2387        0.1077    0.0200  -53.5273
    0.0876    0.3348    0.0556    0.1386    0.0438    0.0764    0.0001    0.4747    0.2652        0.0513    0.0003  -55.8839
    0.0927    0.3382    0.1323    0.0913    0.0464    0.1009    0.0001    0.4292    0.2476        0.1129    0.0127  -32.8199
    0.0765    0.3700    0.1526    0.1514    0.0382    0.1227    0.0001    0.4898    0.3574        0.0023    0.0156  -41.4945
    0.0829    0.3380    0.0517    0.1670    0.0414    0.0746    0.0001    0.4396    0.1848        0.0493   -0.0070  -37.0074
    0.0817    0.3362    0.0610    0.1635    0.0409    0.0627    0.0001    0.3787    0.1888        0.0517   -0.0072  -37.9868
    0.0981    0.3067    0.0100    0.0562    0.0490    0.0674    0.0001    0.3068    0.1561        0.0577    0.0103  -42.5111
    0.0979    0.3080    0.0101    0.0658    0.0490    0.0609    0.0001    0.3104    0.1577        0.0547   -0.0291  -43.6674
    0.0968    0.3217    0.0165    0.0975    0.0484    0.0798    0.0001    0.5087    0.1914        0.0813    0.0058  -46.3250
    0.0870    0.3445    0.0156    0.1325    0.0435    0.0961    0.0001    0.4758    0.2435        0.0487    0.0043  -55.8216
    0.0965    0.3584    0.0163    0.1891    0.0483    0.0992    0.0001    0.4950    0.2631        0.1319    0.0129  -45.8656
    0.0909    0.3566    0.0172    0.1786    0.0455    0.0944    0.0001    0.5241    0.2672        0.1358    0.0132  -49.2845
    0.0882    0.3421    0.1770    0.1116    0.0441    0.1118    0.0001    0.3280    0.2504        0.0840    0.0137  -26.4863
    0.0778    0.3586    0.0855    0.1562    0.0389    0.0997    0.0001    0.4215    0.2416        0.0576    0.0177  -37.1744
    0.0797    0.3474    0.0987    0.1367    0.0398    0.1009    0.0001    0.5587    0.2154        0.1482    0.0008  -64.2525
    0.0820    0.3476    0.1099    0.1436    0.0410    0.1021    0.0001    0.5818    0.2272        0.1270    0.0007  -64.6603
    0.0904    0.3448    0.0861    0.1367    0.0452    0.1045    0.0001    0.3564    0.1796        0.1314    0.0023  -21.8514
    0.0855    0.3468    0.0206    0.1005    0.0428    0.1219    0.0001    0.3193    0.1817        0.0867    0.0029  -25.6097
    0.0841    0.3386    0.0263    0.1157    0.0421    0.0773    0.0001    0.4089    0.1979        0.0745    0.0098  -44.8796
    0.0829    0.3518    0.0297    0.1685    0.0415    0.0990    0.0001    0.4580    0.2408       -0.0143    0.0094  -52.4005
    0.0740    0.3497    0.0232    0.1375    0.0370    0.1078    0.0001    0.3641    0.1932        0.1235    0.0121  -47.4075
    0.0776    0.3500    0.0233    0.1544    0.0388    0.1078    0.0001    0.3812    0.2010        0.0911    0.0124  -50.8110
    0.0914    0.3178    0.0129    0.1010    0.0457    0.0747    0.0001    0.3978    0.2005        0.0714    0.0071  -59.3149
    0.0921    0.3276    0.0139    0.1439    0.0461    0.0685    0.0001    0.4264    0.2170        0.0822    0.0060  -62.6698
    0.0966    0.3504    0.1134    0.1715    0.0483    0.0866    0.0001    0.5632    0.2691        0.1961    0.0135  -37.0954
    0.0884    0.3436    0.0155    0.1326    0.0442    0.0875    0.0001    0.4777    0.2401        0.0907   -0.0050  -54.9185
    0.0885    0.3535    0.1133    0.1777    0.0443    0.0863    0.0001    0.5948    0.1931        0.1014    0.0126  -50.4767
    0.0806    0.3535    0.0874    0.1612    0.0403    0.0863    0.0001    0.5458    0.2029        0.0353    0.0171  -52.4137
    0.0980    0.3253    0.0143    0.1324    0.0490    0.0731    0.0001    0.4353    0.2261        0.1221    0.0111  -53.2833
    0.0890    0.3491    0.0161    0.1802    0.0445    0.0950    0.0001    0.4993    0.2436        0.0930    0.0152  -63.2089
    0.0868    0.3284    0.0113    0.1055    0.0434    0.0705    0.0001    0.3703    0.1889        0.1340    0.0022  -27.1635
    0.0739    0.3481    0.0105    0.1492    0.0370    0.0806    0.0001    0.3246    0.1616        0.0692    0.0024  -45.7276
    0.0867    0.3422    0.0297    0.1136    0.0434    0.0894    0.0001    0.4627    0.2698        0.0972    0.0095  -66.6391
    0.0877    0.3444    0.0298    0.1358    0.0438    0.0887    0.0001    0.4665    0.2482        0.0856   -0.0357  -69.2976
    0.0992    0.3110    0.0107    0.0855    0.0496    0.0633    0.0001    0.3278    0.1666        0.0615    0.0085  -41.1062
    0.0966    0.3161    0.0112    0.0909    0.0483    0.0667    0.0001    0.3426    0.1741        0.0356   -0.0014  -41.7765
    0.0868    0.3772    0.3000    0.1730    0.0434    0.1623    0.0001    0.8384    0.3188        0.1217    0.0142  -58.5453
    0.0879    0.3755    0.2213    0.1673    0.0439    0.1577    0.0001    0.9701    0.3656        0.0901    0.0104  -59.9009
