    0.0817    0.3531    0.0524    0.1471    0.0409    0.1111    0.0001    0.4778    0.1724        0.1032    0.0149 -110.1499
    0.0806    0.3533    0.0526    0.1501    0.0403    0.1120    0.0001    0.4677    0.2109        0.0763    0.0103 -112.5306
    0.0920    0.3205    0.0101    0.1084    0.0460    0.0666    0.0001    0.3120    0.1603        0.0902    0.0074 -133.7094
    0.0836    0.3459    0.0148    0.1447    0.0418    0.0955    0.0001    0.4545    0.2344        0.0723    0.0072 -146.4748
    0.0817    0.3519    0.1074    0.1548    0.0409    0.0990    0.0001    0.4478    0.2736        0.0941    0.0166 -113.9762
    0.0828    0.3521    0.1075    0.1641    0.0414    0.0987    0.0001    0.4609    0.2792        0.0705    0.0185 -115.5776
    0.0828    0.3496    0.0164    0.1228    0.0414    0.0980    0.0001    0.5010    0.1589        0.0966    0.0148 -100.5081
    0.0856    0.3522    0.0147    0.1687    0.0428    0.0941    0.0001    0.4505    0.2285        0.0811    0.0128 -124.6530
    0.0923    0.3346    0.0100    0.1325    0.0462    0.0795    0.0001    0.3074    0.3005        0.0500   -0.0016 -124.8493
    0.0866    0.3443    0.0105    0.1418    0.0433    0.0972    0.0001    0.3257    0.3159        0.0487   -0.0371 -129.3494
    0.0903    0.3484    0.1173    0.1269    0.0451    0.1097    0.0001    0.4594    0.1587        0.1343    0.0035  -75.1766
    0.0837    0.3519    0.0252    0.1268    0.0418    0.1070    0.0001    0.3919    0.1667        0.0490    0.0086  -87.4620
    0.0842    0.3436    0.0158    0.1378    0.0421    0.0967    0.0001    0.4784    0.2557        0.0346    0.0023 -120.4607
    0.0789    0.3472    0.0137    0.1449    0.0395    0.1045    0.0001    0.4210    0.2119        0.0280    0.0026 -126.3397
    0.0811    0.3442    0.0284    0.1293    0.0405    0.0872    0.0001    0.4465    0.2132        0.0686    0.0226 -129.7217
    0.0844    0.3462    0.0338    0.1579    0.0422    0.0880    0.0001    0.5255    0.2342        0.0505   -0.0148 -135.3020
    0.0862    0.3458    0.1181    0.1418    0.0431    0.1006    0.0001    0.5040    0.2120        0.1180   -0.0005 -117.6689
    0.0815    0.3451    0.0274    0.1236    0.0408    0.0995    0.0001    0.4275    0.2075        0.0729   -0.0007 -126.4184
    0.0830    0.3508    0.0129    0.1225    0.0415    0.1163    0.0001    0.3993    0.1984        0.1044    0.0113 -112.0875
    0.0842    0.3535    0.0151    0.1647    0.0421    0.1105    0.0001    0.4637    0.2374        0.0807    0.0153 -119.4384
    0.0858    0.3474    0.0143    0.1500    0.0429    0.1061    0.0001    0.4445    0.2141        0.0671    0.0125 -101.2424
    0.0838    0.3502    0.0137    0.1478    0.0419    0.1057    0.0001    0.4239    0.2107        0.0421    0.0100 -104.1966
    0.1036    0.3162    0.0222    0.1111    0.0518    0.0661    0.0001    0.3456    0.0791        0.1036    0.0114  -32.2147
    0.0895    0.3515    0.0281    0.1606    0.0447    0.1082    0.0001    0.4432    0.2201        0.0496    0.0213  -58.8075
    0.0854    0.3444    0.0257    0.1300    0.0427    0.0946    0.0001    0.4000    0.1455        0.1002    0.0036  -82.7431
    0.0829    0.3504    0.0244    0.1260    0.0414    0.1100    0.0001    0.3816    0.1983        0.0370    0.0038  -89.8995
    0.0853    0.3447    0.1744    0.1705    0.0426    0.0915    0.0001    0.5586    0.2373        0.1024    0.0113  -93.5125
    0.0878    0.3483    0.1242    0.1743    0.0439    0.1023    0.0001    0.5479    0.2326        0.1076    0.0117 -102.8315
    0.0887    0.3236    0.0129    0.1057    0.0443    0.0621    0.0001    0.3927    0.2024        0.1010    0.0074 -178.7692
    0.0811    0.3471    0.0164    0.1621    0.0405    0.0972    0.0001    0.5000    0.2585        0.0845   -0.0178 -194.4269
    0.0723    0.3722    0.0100    0.1454    0.0361    0.1367    0.0001    0.7032    0.2162        0.1055    0.0021 -140.9822
    0.0824    0.3719    0.0100    0.1561    0.0412    0.1536    0.0001    0.7803    0.3055        0.0874    0.0024 -236.0969
    0.0853    0.3414    0.0122    0.1269    0.0427    0.0950    0.0001    0.3719    0.1840        0.1220    0.0033 -131.9785
    0.0842    0.3441    0.0138    0.1294    0.0421    0.0975    0.0001    0.4228    0.2144        0.0654    0.0035 -138.0931
    0.0812    0.3433    0.0149    0.1198    0.0406    0.1014    0.0001    0.4609    0.2293        0.0666    0.0115 -130.9646
    0.0810    0.3459    0.0133    0.1491    0.0405    0.0954    0.0001    0.4097    0.2056        0.1083   -0.0104 -138.8346
    0.0889    0.3350    0.0239    0.1151    0.0445    0.0795    0.0001    0.3726    0.2089        0.0991    0.0113 -117.3488
    0.0845    0.3524    0.0270    0.1471    0.0423    0.1031    0.0001    0.4199    0.2376        0.0672   -0.0309 -123.9016
    0.0847    0.3369    0.0129    0.1086    0.0423    0.0836    0.0001    0.3923    0.1323        0.1079    0.0077 -162.8955
    0.0773    0.3556    0.0155    0.1496    0.0387    0.0949    0.0001    0.4759    0.2413        0.0537   -0.0012 -190.1159
    0.0813    0.3516    0.0100    0.1479    0.0407    0.1080    0.0001    0.3109    0.3024        0.0866    0.0043 -140.2283
    0.0834    0.3515    0.0106    0.1582    0.0417    0.1066    0.0001    0.3322    0.3209        0.0510    0.0043 -142.1475
    0.0923    0.3321    0.0220    0.1198    0.0461    0.0736    0.0001    0.3444    0.1855        0.0999    0.0170  -76.7127
    0.0869    0.3465    0.0265    0.1419    0.0434    0.1000    0.0001    0.4129    0.2340        0.0574    0.0176  -86.9458
    0.0914    0.3405    0.0140    0.1602    0.0457    0.0630    0.0001    0.4232    0.2253        0.1111    0.0055  -99.5365
    0.0915    0.3366    0.0139    0.1532    0.0458    0.0641    0.0001    0.4296    0.2173        0.1124    0.0057 -117.5724
    0.0853    0.3471    0.1731    0.1637    0.0426    0.0992    0.0001    0.5210    0.2968        0.0386    0.0130  -82.6771
    0.0837    0.3472    0.1414    0.1640    0.0419    0.0993    0.0001    0.4644    0.2024        0.0324    0.0122  -87.2584
    0.0867    0.3416    0.0140    0.1217    0.0434    0.0941    0.0001    0.3997    0.2436        0.0647    0.0044 -138.5810
    0.0864    0.3438    0.0132    0.1208    0.0432    0.0965    0.0001    0.4065    0.2048        0.0631    0.0040 -151.5426
    0.0974    0.3407    0.0139    0.1517    0.0487    0.0922    0.0001    0.4024    0.2411        0.1110    0.0100 -136.3871
    0.0882    0.3468    0.0161    0.1734    0.0441    0.0979    0.0001    0.4925    0.2538        0.0982    0.0078 -157.1357
    0.0834    0.3385    0.0243    0.1065    0.0417    0.1073    0.0001    0.3808    0.2049        0.0503    0.0136 -110.6042
    0.0849    0.3375    0.0250    0.1098    0.0425    0.1032    0.0001    0.3909    0.2005        0.0443    0.0012 -111.2162
    0.0869    0.3503    0.1182    0.1441    0.0434    0.1079    0.0001    0.4209    0.2407        0.0968    0.0026  -71.4311
    0.0810    0.3508    0.0407    0.1466    0.0405    0.1078    0.0001    0.3542    0.2074        0.0924    0.0025  -75.7543
    0.0879    0.3360    0.0153    0.1452    0.0439    0.0782    0.0001    0.4704    0.2371        0.0905    0.0116 -132.5824
    0.0853    0.3369    0.0143    0.1575    0.0426    0.0782    0.0001    0.4385    0.2202        0.0457    0.0107 -137.0050
    0.0952    0.3322    0.1383    0.1892    0.0476    0.0652    0.0001    0.4937    0.3252        0.0805    0.0080 -129.6254
    0.0911    0.3322    0.1262    0.1806    0.0455    0.0653    0.0001    0.5295    0.2942        0.1135    0.0088 -132.7668
    0.0864    0.3519    0.1498    0.1459    0.0432    0.1001    0.0001    0.4603    0.2835        0.0657   -0.0008 -128.2589
    0.0791    0.3535    0.0283    0.1512    0.0395    0.1040    0.0001    0.4421    0.2282        0.0839   -0.0009 -142.4023
    0.0935    0.3261    0.0260    0.1244    0.0467    0.0645    0.0001    0.4060    0.1898        0.0687    0.0099 -117.2365
    0.0839    0.3465    0.0278    0.1420    0.0419    0.0994    0.0001    0.4340    0.2395        0.0235    0.0118 -128.0161
    0.0743    0.3615    0.0170    0.1425    0.0371    0.1066    0.0001    0.5278    0.2616        0.0611    0.0113 -144.6824
    0.0796    0.3520    0.0143    0.1320    0.0398    0.1092    0.0001    0.4396    0.2211        0.0494    0.0094 -162.8498
    0.0820    0.3471    0.0163    0.1620    0.0410    0.0970    0.0001    0.5102    0.2461        0.0878    0.0029 -173.4683
    0.0835    0.3471    0.0158    0.1657    0.0418    0.0970    0.0001    0.4878    0.2447        0.0856    0.0033 -173.7417
    0.0801    0.3535    0.0456    0.1417    0.0401    0.1197    0.0001    0.4048    0.1288        0.1035    0.0156  -55.2108
    0.0850    0.3521    0.0485    0.1599    0.0425    0.1078    0.0001    0.4234    0.2078        0.0494    0.0080  -66.2637
    0.0943    0.3503    0.2398    0.1825    0.0472    0.0979    0.0001    0.5774    0.2347        0.1000    0.0094  -90.5558
    0.0858    0.3500    0.1222    0.1640    0.0429    0.0949    0.0001    0.4777    0.2779        0.0888    0.0172  -96.3914
    0.0796    0.3453    0.0249    0.1279    0.0398    0.0968    0.0001    0.3900    0.1730        0.0819    0.0071 -111.9412
    0.0806    0.3467    0.0260    0.1526    0.0403    0.0973    0.0001    0.4032    0.2330        0.0288    0.0059 -120.0931
    0.0886    0.3422    0.0138    0.1334    0.0443    0.0943    0.0001    0.4218    0.2155        0.0891    0.0106 -126.7804
    0.0866    0.3439    0.0135    0.1308    0.0433    0.1002    0.0001    0.4147    0.2102        0.0761    0.0412 -129.4102
    0.1064    0.3181    0.0134    0.1105    0.0532    0.0756    0.0001    0.4064    0.2158        0.0713   -0.0065 -142.9003
    0.0918    0.3435    0.0152    0.1258    0.0459    0.0984    0.0001    0.4628    0.2383        0.0098   -0.0069 -158.2671
    0.0859    0.3464    0.0577    0.1597    0.0429    0.0996    0.0001    0.5031    0.2310        0.1219    0.0067  -70.4623
    0.0875    0.3476    0.0799    0.1729    0.0438    0.0988    0.0001    0.5062    0.2317        0.0649    0.0092  -77.1105
    0.0874    0.3444    0.1532    0.1458    0.0437    0.1004    0.0001    0.4893    0.2384        0.1247    0.0069 -156.4734
    0.0799    0.3499    0.0801    0.1376    0.0400    0.1065    0.0001    0.4756    0.2841        0.0425    0.0073 -165.3518
    0.0857    0.3468    0.1504    0.1582    0.0428    0.1046    0.0001    0.5659    0.2534        0.1118    0.0094 -155.7893
    0.0804    0.3481    0.0559    0.1485    0.0402    0.1003    0.0001    0.4932    0.2483        0.1231    0.0150 -160.5040
    0.0897    0.3330    0.0459    0.1120    0.0448    0.0771    0.0001    0.4100    0.2401        0.0410    0.0051 -122.3432
    0.0851    0.3462    0.0517    0.1346    0.0426    0.0937    0.0001    0.4604    0.2258        0.0651   -0.0141 -126.5681
    0.0789    0.3535    0.1556    0.1545    0.0395    0.1109    0.0001    0.4926    0.1355        0.0600   -0.0030 -104.4367
    0.0771    0.3535    0.0512    0.1515    0.0385    0.1108    0.0001    0.4571    0.1855        0.0159   -0.0028 -116.8712
    0.0877    0.3382    0.0138    0.1099    0.0438    0.0951    0.0001    0.4334    0.1917        0.1044    0.0108 -147.9756
    0.0777    0.3559    0.0150    0.1513    0.0389    0.0996    0.0001    0.4580    0.2347       -0.0011    0.0116 -172.5475
    0.0763    0.3537    0.0572    0.1505    0.0382    0.1122    0.0001    0.5550    0.1933        0.0633   -0.0033  -82.6602
    0.0806    0.3535    0.0611    0.1582    0.0403    0.1119    0.0001    0.4820    0.1812        0.0650   -0.0032  -86.4776
    0.0835    0.3460    0.1153    0.1376    0.0417    0.0883    0.0001    0.5200    0.2970        0.0691    0.0085 -135.8453
    0.0839    0.3471    0.1144    0.1626    0.0420    0.0880    0.0001    0.5431    0.2450        0.0495    0.0100 -140.3709
    0.0838    0.3483    0.0487    0.1272    0.0419    0.1068    0.0001    0.3970    0.1874        0.0705    0.0134 -109.1949
    0.0851    0.3488    0.0500    0.1337    0.0425    0.1057    0.0001    0.4379    0.2334        0.0496    0.0140 -111.7721
    0.0805    0.3720    0.1445    0.1562    0.0403    0.1523    0.0001    0.6126    0.2356        0.1719    0.0064  -80.8825
    0.0806    0.3653    0.1554    0.1529    0.0403    0.1434    0.0001    0.5181    0.2044        0.1347    0.0066  -83.3514
    0.0951    0.3324    0.0123    0.1175    0.0476    0.0785    0.0001    0.3765    0.1895        0.0661    0.0056 -134.2056
    0.0898    0.3446    0.0145    0.1364    0.0449    0.0973    0.0001    0.4467    0.2251        0.0351   -0.0076 -139.5301
    0.1044    0.3398    0.2506    0.1794    0.0522    0.0892    0.0001    0.5175    0.3081        0.1155    0.0141  -78.6599
    0.0992    0.3428    0.1896    0.1814    0.0496    0.0892    0.0001    0.5553    0.3036        0.0668    0.0068  -83.4079
    0.0834    0.3461    0.0513    0.1438    0.0417    0.0971    0.0001    0.4567    0.2160        0.0342    0.0085  -82.6494
    0.0848    0.3466    0.0560    0.1556    0.0424    0.0969    0.0001    0.4961    0.2031        0.0629    0.0059  -84.4506
    0.0818    0.3480    0.0501    0.1566    0.0409    0.1006    0.0001    0.4120    0.2711        0.1138    0.0013  -78.3154
    0.0846    0.3463    0.0600    0.1661    0.0423    0.0954    0.0001    0.3914    0.2453        0.0874    0.0013  -83.8992
    0.0913    0.3371    0.0100    0.1571    0.0457    0.0784    0.0001    0.3076    0.2978        0.1310    0.0066 -163.9689
    0.0822    0.3466    0.0100    0.1440    0.0411    0.0976    0.0001    0.3098    0.3016        0.1506    0.0073 -175.0690
    0.0912    0.3493    0.1827    0.1418    0.0456    0.1007    0.0001    0.4224    0.1299        0.0393    0.0118  -49.5243
    0.0849    0.3531    0.0957    0.1506    0.0424    0.1124    0.0001    0.4323    0.1706        0.0221    0.0168  -56.1960
    0.0788    0.3620    0.2235    0.1566    0.0394    0.1292    0.0001    0.5173    0.1547        0.0986    0.0141 -109.4395
    0.0814    0.3620    0.1197    0.1611    0.0407    0.1293    0.0001    0.5625    0.2140        0.0953    0.0129 -119.0139
    0.0907    0.3374    0.0795    0.1416    0.0453    0.0832    0.0001    0.4258    0.2332        0.1171    0.0019  -63.7405
    0.0852    0.3415    0.0257    0.1536    0.0426    0.0888    0.0001    0.4010    0.2075        0.0824    0.0023  -74.8933
    0.0737    0.3766    0.0100    0.1323    0.0368    0.1543    0.0001    0.7805    0.1582        0.0546    0.0160 -224.2633
    0.0752    0.3764    0.0101    0.1377    0.0376    0.1528    0.0001    0.7856    0.1603        0.0851    0.0210 -225.5406
    0.0834    0.3525    0.0104    0.1385    0.0417    0.1102    0.0001    0.3262    0.3143        0.0927    0.0042 -184.4640
    0.0785    0.3537    0.0111    0.1544    0.0392    0.1102    0.0001    0.3469    0.3358        0.0611    0.0044 -189.9488
    0.0931    0.3491    0.2718    0.1807    0.0465    0.1065    0.0001    0.4786    0.2384        0.1303    0.0124  -57.2162
    0.1023    0.3476    0.1941    0.2021    0.0512    0.0998    0.0001    0.5709    0.2909        0.1040    0.0113  -73.2003
    0.0902    0.3436    0.1153    0.1515    0.0451    0.0967    0.0001    0.4950    0.2547        0.0699    0.0014 -101.6453
    0.0882    0.3433    0.0934    0.1443    0.0441    0.0970    0.0001    0.4736    0.2603        0.0277    0.0017 -103.2381
    0.0867    0.3468    0.1464    0.1473    0.0433    0.0999    0.0001    0.4243    0.2056        0.1307    0.0055  -81.5854
    0.0829    0.3432    0.0230    0.1262    0.0414    0.0984    0.0001    0.3572    0.2054        0.0531    0.0011  -93.4961
    0.1058    0.2898    0.0505    0.0519    0.0529    0.0309    0.0001    0.2850    0.1403        0.0790    0.0186  -16.3717
    0.1002    0.3425    0.1363    0.1764    0.0501    0.0857    0.0001    0.4918    0.3042        0.0135   -0.0253  -44.0970
    0.0816    0.3461    0.0280    0.1502    0.0408    0.0985    0.0001    0.4308    0.1534        0.0673    0.0046  -92.9730
    0.0807    0.3478    0.0288    0.1503    0.0404    0.1004    0.0001    0.4497    0.1968        0.0644    0.0061  -97.2920
    0.0894    0.3451    0.0501    0.1171    0.0447    0.1191    0.0001    0.4463    0.2384        0.0386    0.0023  -92.7949
    0.0865    0.3516    0.0506    0.1377    0.0433    0.1140    0.0001    0.4567    0.2401        0.0515   -0.0217  -95.1047
    0.0872    0.3448    0.0129    0.1312    0.0436    0.0955    0.0001    0.3984    0.1948        0.1078    0.0137 -106.3079
    0.0878    0.3474    0.0155    0.1704    0.0439    0.0898    0.0001    0.4780    0.2398        0.0474    0.0148 -115.7376
    0.1005    0.3471    0.3000    0.1994    0.0503    0.0972    0.0001    0.6195    0.3226        0.1343    0.0088  -61.2536
    0.1041    0.3471    0.2637    0.2079    0.0521    0.0972    0.0001    0.6024    0.3035        0.1291    0.0087  -62.8011
    0.0907    0.3373    0.0275    0.1200    0.0454    0.0877    0.0001    0.4234    0.2596        0.0617    0.0085 -114.6289
    0.0863    0.3491    0.0311    0.1610    0.0431    0.0950    0.0001    0.4842    0.2752        0.0446    0.0051 -119.9142
    0.0795    0.3593    0.0604    0.1492    0.0398    0.1174    0.0001    0.5221    0.2959        0.1179    0.0113  -78.7952
    0.0832    0.3597    0.0607    0.1641    0.0416    0.1154    0.0001    0.5248    0.2955        0.1158    0.0113  -81.9852
    0.0819    0.3495    0.0466    0.1274    0.0410    0.1034    0.0001    0.4144    0.1858        0.1117    0.0059 -132.6425
    0.0831    0.3513    0.0874    0.1456    0.0415    0.1013    0.0001    0.4465    0.2090        0.1416   -0.0485 -135.5492
    0.0830    0.3536    0.0100    0.1623    0.0415    0.1130    0.0001    0.3123    0.2882        0.1290    0.0135 -145.7267
    0.0804    0.3534    0.0100    0.1517    0.0402    0.1128    0.0001    0.3093    0.3020        0.1512    0.0028 -154.7921
    0.0781    0.3655    0.0327    0.1281    0.0391    0.1216    0.0001    0.5023    0.2540        0.0589    0.0062 -109.3180
    0.0777    0.3597    0.0305    0.1492    0.0389    0.1207    0.0001    0.4720    0.2027        0.0430    0.0060 -120.5992
    0.0755    0.3542    0.0496    0.1474    0.0378    0.1146    0.0001    0.4468    0.2558        0.0474    0.0102 -100.8548
    0.0800    0.3542    0.0506    0.1582    0.0400    0.1146    0.0001    0.4479    0.2220        0.0495    0.0114 -104.1185
    0.0913    0.3214    0.0226    0.0649    0.0457    0.0913    0.0001    0.3462    0.2205        0.0972    0.0086 -126.3846
    0.0821    0.3519    0.0290    0.1231    0.0410    0.1135    0.0001    0.4519    0.2217        0.0524    0.0076 -135.6873
    0.0849    0.3482    0.0141    0.1341    0.0425    0.0973    0.0001    0.4310    0.2180        0.0194    0.0092 -143.8290
    0.0826    0.3458    0.0122    0.1257    0.0413    0.0913    0.0001    0.3742    0.1877        0.0505   -0.0009 -147.0454
    0.0936    0.3266    0.0122    0.0644    0.0468    0.1071    0.0001    0.3777    0.1817        0.0770    0.0052 -115.4072
    0.0824    0.3534    0.0159    0.1618    0.0412    0.1107    0.0001    0.4857    0.2465        0.0312    0.0101 -133.9145
    0.0832    0.3452    0.0513    0.1411    0.0416    0.0856    0.0001    0.4649    0.1541        0.0847    0.0114  -82.7985
    0.0843    0.3456    0.0536    0.1517    0.0421    0.0853    0.0001    0.4755    0.1740        0.0484    0.0106  -84.8827
    0.0840    0.3526    0.0561    0.1330    0.0420    0.1132    0.0001    0.4790    0.2289        0.0412    0.0102  -71.9552
    0.0833    0.3530    0.0499    0.1463    0.0416    0.1114    0.0001    0.4398    0.2247        0.0524    0.0064  -74.0627
    0.0774    0.3571    0.0310    0.1230    0.0387    0.1181    0.0001    0.4810    0.2621        0.0836    0.0173 -132.8306
    0.0782    0.3585    0.0293    0.1429    0.0391    0.1198    0.0001    0.4588    0.2436        0.0617    0.0057 -138.6352
    0.0909    0.3398    0.0497    0.1263    0.0455    0.0930    0.0001    0.4337    0.2152        0.0987    0.0107  -60.6211
    0.0859    0.3499    0.0488    0.1414    0.0430    0.1059    0.0001    0.4306    0.2220        0.0254    0.0126  -68.5089
    0.0792    0.3491    0.0147    0.1427    0.0396    0.0937    0.0001    0.4512    0.1102        0.0431    0.0051  -97.7583
    0.0819    0.3465    0.0144    0.1408    0.0409    0.0946    0.0001    0.4417    0.1106        0.0431    0.0051 -108.3301
    0.0921    0.3516    0.1306    0.1776    0.0460    0.1268    0.0001    0.6150    0.2406        0.0882    0.0082  -90.5891
    0.0833    0.3515    0.0639    0.1587    0.0417    0.1269    0.0001    0.5616    0.2044        0.1077    0.0141  -94.1650
    0.0817    0.3500    0.0152    0.1270    0.0409    0.1019    0.0001    0.4575    0.1905        0.0980    0.0051 -148.1161
    0.0845    0.3380    0.0132    0.1241    0.0422    0.0864    0.0001    0.4056    0.2037        0.0342    0.0045 -159.3680
    0.0890    0.3209    0.0100    0.0964    0.0445    0.0715    0.0001    0.3151    0.2884        0.1572    0.0142 -160.8078
    0.0842    0.3478    0.0108    0.1595    0.0421    0.0895    0.0001    0.3354    0.3213        0.1620    0.0186 -177.2010
    0.0872    0.3308    0.0100    0.1025    0.0436    0.0871    0.0001    0.3076    0.3036        0.0718    0.0063 -159.7543
    0.0835    0.3413    0.0100    0.1232    0.0417    0.0950    0.0001    0.3093    0.3004        0.0392    0.0060 -164.2913
    0.0915    0.3363    0.0137    0.1140    0.0458    0.1071    0.0001    0.4203    0.1249        0.1178    0.0098 -119.6112
    0.0906    0.3390    0.0148    0.1327    0.0453    0.0886    0.0001    0.4537    0.1419        0.1164    0.0432 -124.5483
    0.0886    0.3337    0.0100    0.1101    0.0443    0.0805    0.0001    0.3152    0.1555        0.0816    0.0076 -101.6412
    0.0867    0.3451    0.0131    0.1362    0.0433    0.0984    0.0001    0.4019    0.2022        0.0703    0.0055 -109.2689
    0.0816    0.3528    0.0469    0.1410    0.0408    0.1141    0.0001    0.4206    0.1709        0.0668    0.0046  -77.5640
    0.0833    0.3536    0.0549    0.1534    0.0417    0.1159    0.0001    0.4782    0.2297        0.0510    0.0045  -80.5905
    0.0856    0.3414    0.0115    0.1133    0.0428    0.0984    0.0001    0.3547    0.1797        0.0927    0.0134 -133.6045
    0.0862    0.3452    0.0135    0.1361    0.0431    0.0974    0.0001    0.4169    0.2104        0.0746   -0.0139 -137.0697
    0.0853    0.3531    0.0560    0.1650    0.0426    0.1123    0.0001    0.4647    0.2606        0.1097   -0.0007 -126.1139
    0.0811    0.3537    0.0549    0.1612    0.0406    0.1107    0.0001    0.4804    0.2773        0.1112   -0.0007 -133.0677
    0.0852    0.3300    0.0126    0.0905    0.0426    0.0902    0.0001    0.3875    0.1951        0.0878    0.0073 -158.6853
    0.0837    0.3437    0.0142    0.1333    0.0419    0.0959    0.0001    0.4373    0.2184        0.0752    0.0037 -164.6983
    0.0958    0.3260    0.0464    0.1180    0.0479    0.0713    0.0001    0.3957    0.1891        0.0952    0.0112  -83.6662
    0.0903    0.3431    0.0477    0.1302    0.0452    0.0990    0.0001    0.4312    0.2202        0.0569   -0.0104  -88.3402
    0.0766    0.3624    0.0100    0.1821    0.0383    0.1150    0.0001    0.7236    0.2900        0.0994    0.0239 -168.0275
    0.0789    0.3598    0.0101    0.1778    0.0394    0.1168    0.0001    0.7696    0.3004        0.1000    0.0238 -188.7132
    0.0834    0.3414    0.0119    0.1253    0.0417    0.0948    0.0001    0.3638    0.1849        0.0668    0.0075 -149.1216
    0.0831    0.3472    0.0136    0.1437    0.0415    0.0993    0.0001    0.4205    0.2099        0.0777   -0.0285 -154.0571
    0.0836    0.3464    0.0141    0.1127    0.0418    0.1166    0.0001    0.4361    0.2173        0.1085    0.0083 -130.8364
    0.0831    0.3468    0.0146    0.1652    0.0415    0.0979    0.0001    0.4498    0.2294        0.0690    0.0003 -145.7055
    0.0734    0.3574    0.0100    0.1263    0.0367    0.1216    0.0001    0.3093    0.3015        0.0946    0.0032 -172.4397
    0.0744    0.3579    0.0101    0.1351    0.0372    0.1211    0.0001    0.3133    0.3037        0.0812    0.0031 -174.6358
    0.0848    0.3457    0.0814    0.1599    0.0424    0.0951    0.0001    0.4793    0.2301        0.0954    0.0162  -90.8477
    0.0841    0.3457    0.0801    0.1610    0.0421    0.0949    0.0001    0.4831    0.1834        0.0931    0.0167  -92.3001
    0.0860    0.3414    0.0129    0.1076    0.0430    0.0985    0.0001    0.3997    0.2011        0.0910    0.0180 -153.2041
    0.0834    0.3517    0.0146    0.1347    0.0417    0.1113    0.0001    0.4496    0.2234        0.0704    0.0425 -157.3182
    0.0778    0.3557    0.0100    0.1443    0.0389    0.1035    0.0001    0.3184    0.3040        0.1113    0.0165 -155.0841
    0.0809    0.3558    0.0100    0.1535    0.0405    0.1034    0.0001    0.3113    0.3012        0.0894    0.0173 -159.6829
    0.0916    0.3481    0.1815    0.1793    0.0458    0.0914    0.0001    0.5045    0.2816        0.0951    0.0110  -98.3323
    0.0876    0.3497    0.1779    0.1771    0.0438    0.0960    0.0001    0.5372    0.2827        0.0971    0.0110 -103.8699
    0.0851    0.3532    0.0320    0.1580    0.0426    0.1105    0.0001    0.4996    0.2603        0.1440    0.0025 -117.1530
    0.0806    0.3534    0.0291    0.1426    0.0403    0.1120    0.0001    0.4552    0.2163        0.0713    0.0063 -124.4269
    0.0822    0.3520    0.0191    0.1380    0.0411    0.0919    0.0001    0.5845    0.2081        0.0884    0.0145 -154.5296
    0.0839    0.3526    0.0167    0.1560    0.0420    0.1000    0.0001    0.5117    0.2624        0.0905    0.0132 -181.2618
    0.0949    0.3294    0.0145    0.1202    0.0474    0.0712    0.0001    0.4245    0.2424        0.1058    0.0050 -113.9689
    0.0869    0.3452    0.0143    0.1400    0.0434    0.0955    0.0001    0.4405    0.2207        0.0570    0.0051 -128.3528
    0.0742    0.3620    0.0470    0.1460    0.0371    0.1292    0.0001    0.3980    0.1514        0.1129    0.0123 -110.7844
    0.0800    0.3612    0.0507    0.1537    0.0400    0.1271    0.0001    0.4543    0.1886        0.0449    0.0113 -117.0323
    0.0866    0.3479    0.0944    0.1704    0.0433    0.0998    0.0001    0.4456    0.2462        0.1240    0.0092  -73.1832
    0.0874    0.3481    0.0827    0.1743    0.0437    0.1006    0.0001    0.5085    0.2543        0.0853    0.0086  -77.3000
    0.0879    0.3335    0.0261    0.1183    0.0439    0.0786    0.0001    0.4016    0.2529        0.1297    0.0003 -127.7485
    0.0839    0.3457    0.0282    0.1343    0.0419    0.0976    0.0001    0.4372    0.2550        0.0477    0.0003 -139.3696
    0.0944    0.3521    0.1827    0.1736    0.0472    0.0961    0.0001    0.5166    0.3567        0.1489    0.0076  -96.4929
    0.0872    0.3523    0.0290    0.1647    0.0436    0.0960    0.0001    0.4492    0.2553        0.0268    0.0109 -117.6805
    0.0849    0.3338    0.0231    0.1202    0.0424    0.0769    0.0001    0.3588    0.2115        0.0991    0.0169 -121.1661
    0.0781    0.3490    0.0278    0.1471    0.0391    0.0943    0.0001    0.4367    0.2171        0.0651    0.0179 -131.9250
    0.0800    0.3404    0.0100    0.1381    0.0400    0.0861    0.0001    0.3113    0.3010        0.0834    0.0159 -179.8941
    0.0785    0.3414    0.0100    0.1502    0.0392    0.0874    0.0001    0.3114    0.3011        0.0866    0.0167 -180.7445
    0.1071    0.3597    0.2595    0.2172    0.0536    0.1153    0.0001    0.7204    0.2365        0.0301    0.0159  -56.6794
    0.0842    0.3540    0.0162    0.1484    0.0421    0.1069    0.0001    0.4183    0.2260        0.0224    0.0173  -79.8111
    0.0846    0.3511    0.1713    0.1606    0.0423    0.1063    0.0001    0.5498    0.3842        0.1152    0.0046 -117.8719
    0.0833    0.3513    0.1490    0.1592    0.0417    0.1068    0.0001    0.5132    0.3240        0.0488    0.0046 -122.1032
    0.0823    0.3435    0.0547    0.1258    0.0412    0.0952    0.0001    0.4768    0.2035        0.1060    0.0031 -134.4354
    0.0819    0.3456    0.0525    0.1347    0.0410    0.0976    0.0001    0.4663    0.2016        0.0372    0.0032 -138.8564
    0.0943    0.3161    0.0249    0.0838    0.0471    0.0735    0.0001    0.3897    0.1985        0.0996    0.0099 -118.0846
    0.0841    0.3466    0.0333    0.1560    0.0420    0.0973    0.0001    0.5107    0.2548        0.0690    0.0160 -132.0592
    0.0799    0.3430    0.0100    0.1274    0.0400    0.0946    0.0001    0.3089    0.1565        0.0838    0.0125 -151.9674
    0.0781    0.3457    0.0134    0.1511    0.0390    0.0933    0.0001    0.4108    0.2069        0.0447    0.0175 -161.1942
    0.0898    0.3270    0.0120    0.1167    0.0449    0.0836    0.0001    0.3702    0.1815        0.0569    0.0051 -131.2278
    0.0856    0.3465    0.0164    0.1628    0.0428    0.0973    0.0001    0.5052    0.2531        0.0646    0.0039 -141.3106
    0.0737    0.3559    0.0544    0.1375    0.0369    0.1256    0.0001    0.4704    0.2229        0.0734    0.0064 -130.8566
    0.0772    0.3551    0.0535    0.1436    0.0386    0.1235    0.0001    0.4789    0.2479        0.0667    0.0061 -132.2981
    0.0848    0.3430    0.0287    0.1204    0.0424    0.0929    0.0001    0.4480    0.1777        0.1228    0.0018 -121.9558
    0.0834    0.3453    0.0246    0.1291    0.0417    0.0979    0.0001    0.3834    0.2101        0.0821    0.0020 -128.0371
    0.0873    0.3459    0.1736    0.1688    0.0436    0.0944    0.0001    0.4509    0.1557        0.0797    0.0039  -87.3656
    0.0871    0.3459    0.1156    0.1665    0.0436    0.0944    0.0001    0.4301    0.2457        0.0576    0.0017  -94.1670
    0.0859    0.3491    0.0144    0.1166    0.0429    0.1078    0.0001    0.4328    0.2370        0.1074    0.0035 -154.8890
    0.0860    0.3484    0.0158    0.1495    0.0430    0.0929    0.0001    0.4833    0.2478        0.0760    0.0037 -165.4039
    0.0932    0.3513    0.1799    0.1680    0.0466    0.0998    0.0001    0.6676    0.2258        0.0278    0.0223  -53.9075
    0.0868    0.3553    0.0571    0.1570    0.0434    0.1086    0.0001    0.5046    0.2190        0.0339    0.0198  -60.3794
    0.0910    0.3406    0.1158    0.1673    0.0455    0.0885    0.0001    0.4734    0.2821        0.1022    0.0064  -76.2435
    0.0882    0.3392    0.0502    0.1571    0.0441    0.0832    0.0001    0.4366    0.2466        0.0730    0.0080  -78.9492
    0.0877    0.3476    0.1220    0.1652    0.0438    0.1000    0.0001    0.5259    0.2871        0.1658    0.0063 -100.0713
    0.0875    0.3481    0.1236    0.1743    0.0437    0.1007    0.0001    0.4534    0.2796        0.1302    0.0059 -104.9881
    0.0830    0.3479    0.0165    0.1343    0.0415    0.1002    0.0001    0.5024    0.2511        0.0875    0.0112 -160.1836
    0.0800    0.3482    0.0163    0.1591    0.0400    0.1005    0.0001    0.4991    0.2512        0.0714    0.0113 -170.1068
    0.0774    0.3525    0.0104    0.1448    0.0387    0.1095    0.0001    0.3256    0.3128        0.1181   -0.0007 -190.9979
    0.0778    0.3524    0.0109    0.1424    0.0389    0.1096    0.0001    0.3372    0.3288        0.0527   -0.0008 -198.1193
    0.0816    0.3361    0.0131    0.1064    0.0408    0.0857    0.0001    0.4075    0.1735        0.0896    0.0052 -149.0826
    0.0807    0.3450    0.0118    0.1164    0.0403    0.1068    0.0001    0.3638    0.1825        0.0997    0.0028 -159.2636
    0.0821    0.3428    0.0135    0.1099    0.0411    0.1003    0.0001    0.4149    0.2087        0.0845    0.0100 -150.3244
    0.0798    0.3472    0.0141    0.1571    0.0399    0.0971    0.0001    0.4323    0.2211        0.0408    0.0115 -161.6280
    0.0815    0.3447    0.0311    0.1224    0.0407    0.0972    0.0001    0.4846    0.1992        0.0517    0.0123 -161.6024
    0.0818    0.3460    0.0315    0.1326    0.0409    0.0978    0.0001    0.4920    0.2275        0.0511    0.0013 -162.3851
    0.0931    0.3304    0.0134    0.1169    0.0465    0.0978    0.0001    0.4116    0.2050        0.0668    0.0075 -133.0595
    0.0866    0.3431    0.0134    0.1244    0.0433    0.1020    0.0001    0.4113    0.2080        0.0277    0.0074 -136.8994
    0.0801    0.3607    0.0916    0.1501    0.0401    0.1108    0.0001    0.4921    0.2423        0.1247    0.0014  -75.9658
    0.0827    0.3616    0.0759    0.1637    0.0414    0.1126    0.0001    0.5378    0.1900        0.0274    0.0017  -90.4612
    0.0889    0.3437    0.0107    0.1415    0.0445    0.0948    0.0001    0.3293    0.1646        0.1034   -0.0043  -90.3054
    0.0838    0.3459    0.0124    0.1636    0.0419    0.0947    0.0001    0.3718    0.1946        0.0567   -0.0011  -99.3429
    0.0811    0.3512    0.0828    0.1500    0.0406    0.0842    0.0001    0.5242    0.2721        0.0656    0.0104 -113.7670
    0.0822    0.3541    0.0611    0.1628    0.0411    0.0895    0.0001    0.4993    0.1963        0.0773    0.0120 -120.6114
    0.0822    0.3431    0.0127    0.1128    0.0411    0.0981    0.0001    0.3892    0.1970        0.1180    0.0086  -98.7044
    0.0785    0.3546    0.0123    0.1466    0.0392    0.0951    0.0001    0.3762    0.1894        0.0588    0.0073 -109.5543
    0.0895    0.3419    0.0154    0.1212    0.0448    0.0988    0.0001    0.4693    0.2411        0.0970    0.0139 -121.2093
    0.0862    0.3518    0.0160    0.1561    0.0431    0.1074    0.0001    0.4929    0.2474        0.0119    0.0252 -133.8635
    0.0854    0.3408    0.0139    0.1164    0.0427    0.0922    0.0001    0.4256    0.2196        0.0995    0.0087 -165.8846
    0.0854    0.3436    0.0140    0.1268    0.0427    0.0979    0.0001    0.4290    0.2207        0.0713   -0.0269 -170.8149
    0.0890    0.3465    0.1135    0.1677    0.0445    0.0978    0.0001    0.5029    0.2634        0.1217    0.0089 -109.7377
    0.0856    0.3525    0.1030    0.1659    0.0428    0.1040    0.0001    0.5148    0.2991        0.0453    0.0111 -120.2173
    0.0826    0.3531    0.1511    0.1611    0.0413    0.1023    0.0001    0.4835    0.1089        0.0881    0.0050  -88.9565
    0.0871    0.3507    0.1587    0.1653    0.0435    0.1048    0.0001    0.4931    0.2278        0.0462    0.0110  -94.4517
    0.0805    0.3456    0.0129    0.1344    0.0403    0.0983    0.0001    0.3939    0.2012        0.0559    0.0158 -141.9834
    0.0815    0.3448    0.0129    0.1332    0.0408    0.0999    0.0001    0.3937    0.2010        0.0634    0.0179 -142.0258
    0.0878    0.3493    0.0284    0.1313    0.0439    0.1165    0.0001    0.4416    0.2183        0.0714    0.0116  -97.3004
    0.0859    0.3506    0.0286    0.1662    0.0430    0.1062    0.0001    0.4455    0.2539        0.0791    0.0071 -103.4769
    0.0855    0.3456    0.0124    0.1464    0.0428    0.0974    0.0001    0.3809    0.1920        0.0939    0.0134 -112.8273
    0.0853    0.3466    0.0136    0.1627    0.0426    0.0979    0.0001    0.4179    0.2096        0.0908    0.0157 -114.0343
    0.0887    0.3545    0.2526    0.1719    0.0444    0.1131    0.0001    0.4982    0.1336        0.0846    0.0041  -48.4974
    0.0861    0.3544    0.0266    0.1650    0.0430    0.1134    0.0001    0.4237    0.2019        0.0263    0.0050  -65.5808
    0.0917    0.3405    0.0952    0.1500    0.0459    0.0886    0.0001    0.4971    0.2937        0.0799    0.0015 -103.6542
    0.0891    0.3387    0.0510    0.1397    0.0445    0.0860    0.0001    0.4517    0.2519        0.0632    0.0017 -105.7952
    0.0797    0.3462    0.0268    0.1359    0.0399    0.0973    0.0001    0.4115    0.2635        0.0632    0.0109 -114.3679
    0.0798    0.3472    0.0266    0.1520    0.0399    0.1001    0.0001    0.4160    0.2386        0.0969    0.0025 -118.7823
    0.0761    0.3524    0.0157    0.1304    0.0381    0.1056    0.0001    0.4786    0.1512        0.0831    0.0060 -146.0595
    0.0778    0.3535    0.0182    0.1529    0.0389    0.1017    0.0001    0.5579    0.1667        0.0665    0.0058 -152.6606
    0.1017    0.3358    0.2885    0.2031    0.0509    0.0733    0.0001    0.4202    0.1778        0.0606    0.0066  -40.4433
    0.0953    0.3358    0.2305    0.1892    0.0477    0.0733    0.0001    0.5297    0.1743        0.0641    0.0071  -47.8966
    0.0887    0.3353    0.0241    0.1219    0.0444    0.0719    0.0001    0.3765    0.1953        0.0992    0.0091  -68.0678
    0.0861    0.3471    0.0272    0.1590    0.0430    0.0794    0.0001    0.4262    0.2308        0.0466    0.0104  -78.8301
    0.0860    0.3451    0.0302    0.1150    0.0430    0.1068    0.0001    0.4637    0.2494        0.1038    0.0037 -116.3359
    0.0824    0.3513    0.0310    0.1476    0.0412    0.1092    0.0001    0.4817    0.2302        0.0831    0.0023 -123.4979
    0.0825    0.3487    0.0156    0.1277    0.0413    0.1211    0.0001    0.2490    0.2349        0.1148    0.0051  -81.5806
    0.0785    0.3520    0.0202    0.1523    0.0392    0.1077    0.0001    0.3192    0.3017        0.0519    0.0060  -97.2841
    0.0913    0.3462    0.1051    0.1746    0.0456    0.0858    0.0001    0.5531    0.2466        0.0455    0.0103  -85.2668
    0.0869    0.3459    0.0560    0.1706    0.0434    0.0842    0.0001    0.4982    0.2386        0.0526    0.0123  -88.1349
    0.0940    0.3377    0.0306    0.1384    0.0470    0.0729    0.0001    0.4684    0.2095        0.0386    0.0091  -97.4505
    0.0847    0.3471    0.0267    0.1375    0.0424    0.0971    0.0001    0.4159    0.2327        0.0346    0.0121 -106.0221
    0.0805    0.3427    0.0150    0.1003    0.0403    0.1029    0.0001    0.4622    0.1303        0.0649   -0.0013 -172.0406
    0.0758    0.3538    0.0162    0.1442    0.0379    0.1089    0.0001    0.4995    0.1505        0.0681   -0.0014 -181.1283
    0.0839    0.3444    0.0576    0.1600    0.0420    0.0810    0.0001    0.4841    0.2305        0.1096    0.0120 -122.4812
    0.0815    0.3444    0.0489    0.1543    0.0407    0.0809    0.0001    0.4349    0.2225        0.0760    0.0095 -124.3790
    0.0886    0.3297    0.0111    0.1068    0.0443    0.0711    0.0001    0.3420    0.1706        0.1022    0.0054 -120.8790
    0.0883    0.3391    0.0121    0.1344    0.0441    0.0837    0.0001    0.3714    0.1889        0.0984    0.0040 -125.4777
    0.0757    0.3698    0.0646    0.1389    0.0378    0.1457    0.0001    0.5699    0.2181        0.1149    0.0051 -116.4623
    0.0770    0.3671    0.0640    0.1426    0.0385    0.1393    0.0001    0.5693    0.2521        0.0706    0.0053 -119.8655
    0.0830    0.3586    0.1512    0.1534    0.0415    0.1163    0.0001    0.5568    0.2343        0.0833    0.0100  -88.4547
    0.0782    0.3586    0.0339    0.1433    0.0391    0.1162    0.0001    0.4789    0.2181        0.0297    0.0104  -95.6947
    0.0801    0.3437    0.0252    0.1383    0.0401    0.0926    0.0001    0.3934    0.2118        0.1088    0.0051 -124.8356
    0.0771    0.3526    0.0331    0.1450    0.0385    0.1093    0.0001    0.5162    0.2223        0.0814    0.0043 -135.8043
    0.0896    0.3257    0.0892    0.1016    0.0448    0.0645    0.0001    0.3689    0.2252        0.1523    0.0118 -130.5178
    0.0811    0.3498    0.0835    0.1533    0.0406    0.0930    0.0001    0.4490    0.2619        0.1136    0.0095 -144.0574
    0.0950    0.3511    0.1491    0.1718    0.0475    0.0870    0.0001    0.4430    0.1424        0.0276    0.0055  -42.1714
    0.0915    0.3544    0.0328    0.1663    0.0458    0.0958    0.0001    0.5097    0.1819        0.0315    0.0083  -58.7888
    0.0908    0.3401    0.0255    0.1201    0.0454    0.1064    0.0001    0.3964    0.2036        0.0338    0.0056 -111.7894
    0.0895    0.3438    0.0281    0.1354    0.0447    0.1002    0.0001    0.4398    0.2225        0.0499    0.0051 -113.4484
    0.0700    0.3609    0.0521    0.1315    0.0350    0.1307    0.0001    0.4782    0.1900        0.0612    0.0069 -109.6194
    0.0762    0.3610    0.0543    0.1489    0.0381    0.1309    0.0001    0.4814    0.2073        0.0631    0.0069 -114.3355
    0.0929    0.3535    0.2270    0.1846    0.0464    0.1017    0.0001    0.6585    0.2382        0.0911    0.0059  -81.1623
    0.0899    0.3524    0.1430    0.1759    0.0449    0.1038    0.0001    0.5559    0.1797        0.0690    0.0058  -83.5957
    0.0768    0.3470    0.0129    0.1242    0.0384    0.0860    0.0001    0.3957    0.1963        0.0383    0.0115 -170.9966
    0.0800    0.3525    0.0150    0.1522    0.0400    0.0882    0.0001    0.4598    0.2328        0.0273    0.0169 -177.8083
    0.0890    0.3449    0.0501    0.1442    0.0445    0.0887    0.0001    0.4395    0.2428        0.1066    0.0086 -107.0971
    0.0895    0.3449    0.0496    0.1446    0.0448    0.0894    0.0001    0.4350    0.2332        0.0898    0.0091 -107.5383
    0.0967    0.3042    0.0109    0.0893    0.0484    0.0301    0.0001    0.3309    0.1679        0.0897    0.0042 -135.8675
    0.0812    0.3536    0.0125    0.1599    0.0406    0.1109    0.0001    0.3905    0.1913        0.0450    0.0040 -152.6565
    0.0815    0.3513    0.0886    0.1445    0.0407    0.1089    0.0001    0.4838    0.2396        0.1227    0.0019 -112.4994
    0.0801    0.3512    0.0531    0.1419    0.0401    0.1089    0.0001    0.4732    0.1867        0.0632    0.0034 -117.6879
    0.0772    0.3612    0.0938    0.1478    0.0386    0.1275    0.0001    0.4909    0.1625        0.0790    0.0071 -127.8629
    0.0754    0.3616    0.0583    0.1470    0.0377    0.1292    0.0001    0.5173    0.1708        0.0824    0.0065 -131.2986
    0.0913    0.3533    0.2146    0.1756    0.0456    0.1110    0.0001    0.5592    0.1727       -0.0017    0.0081  -49.8374
    0.0801    0.3535    0.0100    0.1561    0.0400    0.1109    0.0001    0.3094    0.3024       -0.0009    0.0103 -119.9695
    0.0874    0.3431    0.0456    0.1365    0.0437    0.0923    0.0001    0.4057    0.1640        0.0747    0.0104 -120.3868
    0.0883    0.3466    0.0547    0.1450    0.0441    0.0989    0.0001    0.4904    0.2072        0.0758    0.0053 -123.9320
    0.1017    0.3199    0.1888    0.0969    0.0508    0.1017    0.0001    0.4673    0.1956        0.0519   -0.0409  -18.6134
    0.0777    0.3539    0.0157    0.1477    0.0389    0.0986    0.0001    0.4783    0.2483        0.0697   -0.0445  -90.9867
    0.0981    0.3136    0.0227    0.0988    0.0491    0.0555    0.0001    0.3525    0.1871        0.0783    0.0093  -69.8670
    0.0896    0.3459    0.0302    0.1568    0.0448    0.1027    0.0001    0.4677    0.2556        0.0503   -0.0181  -85.7611
    0.0812    0.3519    0.0294    0.1262    0.0406    0.1119    0.0001    0.4552    0.2677        0.1155    0.0050 -138.0427
    0.0781    0.3539    0.0289    0.1489    0.0390    0.1061    0.0001    0.4524    0.2401        0.0783    0.0065 -146.7529
    0.0812    0.3460    0.0329    0.1121    0.0406    0.1080    0.0001    0.5152    0.1689        0.0600    0.0079 -133.9463
    0.0820    0.3475    0.0283    0.1222    0.0410    0.1056    0.0001    0.4413    0.1973        0.0846    0.0092 -138.4939
    0.0904    0.3321    0.0142    0.0993    0.0452    0.0780    0.0001    0.4317    0.2142        0.0621    0.0151 -166.6757
    0.0864    0.3401    0.0144    0.1257    0.0432    0.0780    0.0001    0.4418    0.2239        0.0367    0.0143 -170.7003
    0.0768    0.3586    0.1152    0.1526    0.0384    0.1335    0.0001    0.6309    0.1572        0.0994   -0.0001 -102.1444
    0.0823    0.3585    0.1063    0.1610    0.0411    0.1335    0.0001    0.6429    0.1756        0.0912   -0.0001 -106.2588
    0.0833    0.3490    0.0334    0.1202    0.0416    0.1084    0.0001    0.5218    0.2113        0.0733    0.0032 -123.7380
    0.0840    0.3475    0.0281    0.1215    0.0420    0.1029    0.0001    0.4371    0.1857        0.0512    0.0034 -127.8485
    0.0868    0.3363    0.0100    0.1058    0.0434    0.0883    0.0001    0.3086    0.1579        0.0752    0.0081 -141.6546
    0.0854    0.3483    0.0138    0.1416    0.0427    0.0969    0.0001    0.4234    0.2146        0.0654    0.0082 -150.3528
    0.0854    0.3463    0.0475    0.1512    0.0427    0.0971    0.0001    0.4226    0.1765        0.0955    0.0130  -68.7921
    0.0854    0.3447    0.0499    0.1602    0.0427    0.1023    0.0001    0.4468    0.1756        0.0307    0.0160  -72.5599
    0.0861    0.3522    0.2305    0.1658    0.0430    0.1018    0.0001    0.4510    0.1599        0.0734    0.0020  -83.1115
    0.0779    0.3522    0.0269    0.1473    0.0389    0.1015    0.0001    0.4206    0.1863        0.0293    0.0014 -101.2046
    0.0831    0.3473    0.0143    0.1312    0.0415    0.1094    0.0001    0.4368    0.2252        0.1189    0.0048 -163.2653
    0.0839    0.3515    0.0158    0.1482    0.0420    0.1074    0.0001    0.4839    0.2481        0.0512    0.0036 -173.8829
    0.0861    0.3475    0.2196    0.1432    0.0430    0.0916    0.0001    0.4484    0.2098        0.0523    0.0059  -94.5998
    0.0773    0.3466    0.0276    0.1354    0.0386    0.0880    0.0001    0.4301    0.1699        0.0498    0.0103 -110.8615
    0.0845    0.3538    0.0103    0.1589    0.0423    0.1131    0.0001    0.3147    0.3113        0.1439    0.0037 -127.2669
    0.0858    0.3532    0.0100    0.1612    0.0429    0.1107    0.0001    0.3114    0.3045        0.1476    0.0039 -129.2419
    0.0885    0.3338    0.0133    0.1153    0.0442    0.0732    0.0001    0.4158    0.1736        0.0454    0.0028 -113.6767
    0.0841    0.3503    0.0145    0.1476    0.0421    0.0929    0.0001    0.4464    0.2240        0.0421    0.0019 -129.1708
    0.0989    0.3093    0.0119    0.1123    0.0494    0.0439    0.0001    0.3659    0.1870        0.0064    0.0071 -129.2559
    0.0968    0.3114    0.0115    0.0967    0.0484    0.0361    0.0001    0.3522    0.1802        0.0073    0.0070 -133.1105
    0.0834    0.3461    0.1417    0.1620    0.0417    0.1179    0.0001    0.4151    0.2299        0.0589    0.0163  -68.6805
    0.0832    0.3539    0.1224    0.1614    0.0416    0.1172    0.0001    0.4904    0.2194        0.0754    0.0041  -75.6055
    0.0866    0.3363    0.0139    0.1038    0.0433    0.0834    0.0001    0.4231    0.2205        0.1197    0.0066 -151.8995
    0.0813    0.3510    0.0144    0.1383    0.0407    0.0994    0.0001    0.4412    0.2231        0.0562    0.0079 -164.3841
    0.0881    0.3221    0.0119    0.0551    0.0441    0.0966    0.0001    0.3598    0.1868        0.1122    0.0042 -130.9383
    0.0903    0.3384    0.0149    0.1254    0.0451    0.1004    0.0001    0.4602    0.2297        0.0702   -0.0051 -149.7447
    0.0881    0.3534    0.2722    0.1745    0.0440    0.1106    0.0001    0.4220    0.1675        0.1151    0.0121  -84.2969
    0.0829    0.3534    0.0157    0.1632    0.0415    0.1104    0.0001    0.4921    0.2051        0.0808    0.0178 -132.4608
    0.0850    0.3448    0.0267    0.1229    0.0425    0.0980    0.0001    0.4171    0.2237        0.1069    0.0058 -172.8427
    0.0806    0.3524    0.0295    0.1350    0.0403    0.1111    0.0001    0.4597    0.2695        0.0896    0.0023 -176.8065
    0.0778    0.3530    0.0100    0.1499    0.0389    0.1058    0.0001    0.3154    0.2339        0.1150    0.0084 -134.6898
    0.0820    0.3537    0.0101    0.1598    0.0410    0.0900    0.0001    0.3135    0.3075        0.1080    0.0091 -178.5698
    0.0866    0.3355    0.0100    0.1128    0.0433    0.0744    0.0001    0.3084    0.2940        0.0668    0.0094 -153.4703
    0.0796    0.3528    0.0101    0.1413    0.0398    0.1020    0.0001    0.3140    0.3042        0.0869    0.0019 -161.6712
    0.0850    0.3451    0.0255    0.1222    0.0425    0.0973    0.0001    0.3960    0.1983        0.0856    0.0077  -97.7275
    0.0811    0.3524    0.0257    0.1436    0.0405    0.1090    0.0001    0.4014    0.2086        0.0583    0.0086 -102.7330
    0.0878    0.3427    0.0100    0.1387    0.0439    0.0857    0.0001    0.2621    0.2597        0.0531   -0.0043  -64.5113
    0.0857    0.3445    0.0100    0.1521    0.0428    0.0861    0.0001    0.3099    0.2987        0.0534   -0.0015 -106.5916
    0.0854    0.3464    0.1702    0.1451    0.0427    0.0976    0.0001    0.4130    0.0996        0.1099    0.0151  -88.6884
    0.0814    0.3449    0.0225    0.1222    0.0407    0.0995    0.0001    0.3509    0.1601        0.0496    0.0320 -104.6646
    0.0908    0.3474    0.1566    0.1821    0.0454    0.0997    0.0001    0.5223    0.2698        0.1271   -0.0017  -80.6892
    0.0900    0.3474    0.1725    0.1815    0.0450    0.0998    0.0001    0.4861    0.2588        0.1170   -0.0018  -82.1374
    0.0882    0.3405    0.0335    0.1235    0.0441    0.0961    0.0001    0.5243    0.1574        0.0830    0.0057  -99.2474
    0.0838    0.3536    0.0363    0.1572    0.0419    0.1118    0.0001    0.5651    0.2378        0.0556    0.0077 -109.2783
    0.0834    0.3461    0.0230    0.1569    0.0417    0.0955    0.0001    0.3592    0.2424        0.0800    0.0035  -86.2520
    0.0837    0.3463    0.0262    0.1503    0.0419    0.0972    0.0001    0.4063    0.2208        0.0650    0.0034  -91.7246
    0.0992    0.3432    0.2396    0.1928    0.0496    0.0797    0.0001    0.5405    0.1577        0.0661    0.0094  -70.0591
    0.0925    0.3432    0.1556    0.1782    0.0462    0.0798    0.0001    0.5410    0.2123        0.0472    0.0129  -75.5755
    0.0870    0.3476    0.1115    0.1415    0.0435    0.1011    0.0001    0.4387    0.2269        0.0651    0.0057  -81.0600
    0.0842    0.3491    0.0849    0.1644    0.0421    0.0918    0.0001    0.4325    0.2443        0.0214    0.0063  -86.0369
    0.0882    0.3420    0.0128    0.1400    0.0441    0.0940    0.0001    0.3932    0.1959        0.1076    0.0060 -115.3218
    0.0883    0.3497    0.0155    0.1507    0.0442    0.1223    0.0001    0.4762    0.2409        0.0580    0.0077 -121.3788
    0.0880    0.3350    0.0247    0.1082    0.0440    0.0909    0.0001    0.3816    0.2143       -0.0191    0.0226  -67.2690
    0.0848    0.3465    0.0302    0.1642    0.0424    0.0848    0.0001    0.4722    0.1876       -0.0049    0.0319  -80.6627
    0.0802    0.3705    0.0106    0.1582    0.0401    0.1263    0.0001    0.3565    0.2857        0.1102    0.0050  -94.2914
    0.0810    0.3637    0.0111    0.1579    0.0405    0.1235    0.0001    0.3426    0.3358        0.1003    0.0047 -138.7608
    0.0928    0.3230    0.0121    0.1097    0.0464    0.0623    0.0001    0.3726    0.1847        0.0515    0.0087 -120.4229
    0.0781    0.3530    0.0129    0.1521    0.0390    0.1056    0.0001    0.3970    0.2022        0.0507    0.0097 -141.0839
    0.0933    0.3659    0.2136    0.1785    0.0466    0.1417    0.0001    0.6428    0.2073        0.1229    0.0223  -66.2785
    0.0845    0.3642    0.0573    0.1522    0.0423    0.1380    0.0001    0.5138    0.2397        0.0764    0.0293  -77.6772
    0.0858    0.3491    0.0299    0.1473    0.0429    0.1059    0.0001    0.4664    0.1888        0.1135    0.0071  -94.5786
    0.0817    0.3472    0.0284    0.1543    0.0409    0.0985    0.0001    0.4421    0.2109        0.0850    0.0070  -97.4904
    0.0961    0.3253    0.0135    0.1250    0.0481    0.0594    0.0001    0.4087    0.2157        0.0581    0.0115 -115.3452
    0.0849    0.3436    0.0129    0.1362    0.0425    0.0929    0.0001    0.3955    0.2020        0.0625    0.0025 -124.9436
    0.0887    0.3528    0.0278    0.1616    0.0443    0.1102    0.0001    0.4235    0.2027        0.0719    0.0089  -77.2017
    0.0846    0.3503    0.0279    0.1387    0.0423    0.1159    0.0001    0.4366    0.2175        0.0679    0.0108  -81.1417
    0.0886    0.3508    0.2254    0.1529    0.0443    0.1123    0.0001    0.5695    0.3110        0.1015    0.0171 -113.4294
    0.0842    0.3520    0.1892    0.1631    0.0421    0.1076    0.0001    0.5743    0.3042        0.0879    0.0194 -118.3036
    0.0796    0.3454    0.0150    0.1225    0.0398    0.1022    0.0001    0.4660    0.1259        0.0898    0.0084 -162.0521
    0.0784    0.3465    0.0152    0.1275    0.0392    0.1004    0.0001    0.4664    0.1424        0.0456    0.0055 -165.7448
    0.0926    0.3199    0.0219    0.1053    0.0463    0.0628    0.0001    0.3381    0.2066        0.0728    0.0105  -90.2569
    0.0822    0.3459    0.0266    0.1365    0.0411    0.0993    0.0001    0.4161    0.2211        0.0515    0.0096  -99.8048
    0.0850    0.3518    0.1430    0.1415    0.0425    0.1132    0.0001    0.5310    0.0877        0.0928    0.0024  -68.9618
    0.0828    0.3539    0.0854    0.1649    0.0414    0.1112    0.0001    0.4878    0.0929        0.0997    0.0023  -80.0636
    0.0876    0.3493    0.1436    0.1644    0.0438    0.0821    0.0001    0.4552    0.1733        0.0851    0.0054  -98.6981
    0.0814    0.3494    0.0471    0.1517    0.0407    0.0824    0.0001    0.4195    0.2105        0.0633    0.0103 -105.9528
    0.0841    0.3439    0.0283    0.1318    0.0421    0.0995    0.0001    0.4434    0.2170        0.1015    0.0112 -126.1073
    0.0809    0.3497    0.0300    0.1450    0.0405    0.1051    0.0001    0.4677    0.2215        0.0575    0.0121 -131.3636
    0.0753    0.3612    0.0193    0.1451    0.0377    0.1304    0.0001    0.5931    0.1643        0.0704    0.0034 -146.1772
    0.0752    0.3620    0.0192    0.1452    0.0376    0.1294    0.0001    0.5802    0.1918        0.0439    0.0021 -152.0260
    0.0949    0.3326    0.0115    0.1216    0.0475    0.0963    0.0001    0.3546    0.1740        0.1031    0.0046 -121.1223
    0.0841    0.3460    0.0142    0.1631    0.0421    0.0948    0.0001    0.4366    0.2237        0.0388    0.0010 -135.1305
    0.0943    0.3234    0.0253    0.1100    0.0472    0.0614    0.0001    0.3939    0.2069        0.0886    0.0134  -95.2275
    0.0820    0.3493    0.0286    0.1558    0.0410    0.0967    0.0001    0.4562    0.2197        0.0971    0.0143 -106.3989
    0.0878    0.3373    0.0114    0.0854    0.0439    0.1070    0.0001    0.3464    0.1787        0.0741    0.0077 -120.1796
    0.0874    0.3456    0.0138    0.1397    0.0437    0.0979    0.0001    0.4226    0.2158        0.0461   -0.0124 -130.6253
    0.0910    0.3474    0.1436    0.1737    0.0455    0.0989    0.0001    0.4538    0.2319       -0.0022    0.0188  -68.3839
    0.0850    0.3478    0.0515    0.1659    0.0425    0.0999    0.0001    0.4578    0.2085       -0.0024    0.0330  -74.4027
    0.1051    0.3073    0.0115    0.0782    0.0525    0.0604    0.0001    0.3645    0.1659        0.0375    0.0043  -87.0775
    0.0801    0.3494    0.0122    0.1593    0.0401    0.0949    0.0001    0.3764    0.1847        0.0566    0.0059 -108.8544
    0.0830    0.3460    0.1518    0.1509    0.0415    0.0962    0.0001    0.4928    0.1775        0.0904    0.0189  -90.5681
    0.0858    0.3467    0.1365    0.1680    0.0429    0.0967    0.0001    0.4664    0.1944        0.0856    0.0187  -95.4103
    0.0808    0.3454    0.0129    0.1304    0.0404    0.0977    0.0001    0.3958    0.2020        0.0467    0.0003 -137.7511
    0.0805    0.3468    0.0128    0.1553    0.0403    0.0981    0.0001    0.3950    0.2010        0.0998    0.0002 -141.9327
    0.0862    0.3445    0.0162    0.1332    0.0431    0.0846    0.0001    0.4909    0.2609        0.1153    0.0061 -164.3935
    0.0812    0.3519    0.0154    0.1511    0.0406    0.0866    0.0001    0.4728    0.2380        0.0710    0.0059 -173.2737
    0.1055    0.3137    0.1031    0.1276    0.0528    0.0411    0.0001    0.3856    0.1750        0.0428    0.0003  -31.3326
    0.0887    0.3443    0.0289    0.1438    0.0443    0.0916    0.0001    0.4494    0.1779        0.0451    0.0004  -52.0278
    0.0901    0.3471    0.1336    0.1787    0.0450    0.1028    0.0001    0.5493    0.2418        0.1266    0.0167  -99.4987
    0.0914    0.3471    0.1301    0.1840    0.0457    0.1028    0.0001    0.5584    0.2405        0.1151    0.0164  -99.9509
    0.0780    0.3474    0.0127    0.1163    0.0390    0.1084    0.0001    0.3918    0.1967        0.0826    0.0124 -140.6589
    0.0808    0.3489    0.0136    0.1474    0.0404    0.0919    0.0001    0.4169    0.2115        0.0477    0.0081 -149.8342
    0.0911    0.3338    0.1296    0.1460    0.0456    0.0727    0.0001    0.3836    0.2336        0.1032    0.0130  -79.8452
    0.0860    0.3380    0.0851    0.1699    0.0430    0.0779    0.0001    0.4281    0.2375        0.0833    0.0150  -85.8208
    0.0799    0.3606    0.0157    0.1194    0.0399    0.1369    0.0001    0.4840    0.2404        0.0537    0.0123 -165.0385
    0.0801    0.3546    0.0155    0.1484    0.0401    0.1067    0.0001    0.4769    0.2387        0.0625    0.0107 -174.8087
    0.0873    0.3491    0.0654    0.1612    0.0437    0.0847    0.0001    0.5745    0.1936        0.1005    0.0169  -85.7098
    0.0865    0.3491    0.0583    0.1597    0.0433    0.0847    0.0001    0.5192    0.1991        0.0927    0.0168  -86.6836
    0.0875    0.3539    0.0939    0.1466    0.0437    0.1335    0.0001    0.4921    0.2747        0.1170   -0.0036 -111.9479
    0.0850    0.3614    0.0972    0.1472    0.0425    0.1265    0.0001    0.5074    0.2738        0.1261   -0.0037 -116.6465
    0.0875    0.3524    0.0131    0.1442    0.0438    0.1069    0.0001    0.4040    0.2022        0.0881    0.0004 -125.0575
    0.0861    0.3510    0.0133    0.1275    0.0430    0.1071    0.0001    0.4083    0.2048        0.0541    0.0004 -127.5225
    0.0836    0.3399    0.0272    0.1178    0.0418    0.1000    0.0001    0.4179    0.2350        0.0781    0.0073 -116.0047
    0.0799    0.3459    0.0281    0.1429    0.0399    0.0955    0.0001    0.4396    0.2107        0.0601   -0.0017 -120.9608
    0.0823    0.3429    0.0156    0.1202    0.0412    0.0885    0.0001    0.4771    0.1680        0.0699    0.0122 -144.7286
    0.0789    0.3509    0.0159    0.1345    0.0395    0.1025    0.0001    0.4846    0.1510        0.0491    0.0081 -149.6126
    0.0889    0.3428    0.1142    0.1418    0.0445    0.0960    0.0001    0.4714    0.2472        0.0895    0.0001 -133.6773
    0.0846    0.3418    0.0266    0.1226    0.0423    0.0947    0.0001    0.4158    0.1983        0.1127    0.0001 -142.7974
    0.0867    0.3419    0.0127    0.1300    0.0434    0.0830    0.0001    0.3886    0.1979        0.0995    0.0156 -144.9061
    0.0852    0.3462    0.0137    0.1354    0.0426    0.0908    0.0001    0.4204    0.2150        0.0721    0.0136 -146.6590
    0.0938    0.3229    0.0103    0.1016    0.0469    0.0792    0.0001    0.3165    0.1591        0.0569    0.0053 -111.2508
    0.0883    0.3429    0.0130    0.1306    0.0442    0.0958    0.0001    0.3973    0.2066        0.0323    0.0030 -117.3827
    0.0833    0.3510    0.0952    0.1338    0.0416    0.1096    0.0001    0.4719    0.2284        0.0788    0.0062 -129.1809
    0.0830    0.3535    0.1275    0.1615    0.0415    0.1108    0.0001    0.5207    0.3052        0.0261    0.0072 -136.7506
    0.0832    0.3461    0.0312    0.1372    0.0416    0.0876    0.0001    0.4860    0.2011        0.0900    0.0099 -130.5751
    0.0816    0.3483    0.0285    0.1485    0.0408    0.0846    0.0001    0.4434    0.2481        0.0591   -0.0030 -134.9983
    0.0746    0.3608    0.0188    0.1353    0.0373    0.1027    0.0001    0.5751    0.1775        0.1539    0.0082 -132.5753
    0.0815    0.3560    0.0178    0.1488    0.0407    0.1063    0.0001    0.5405    0.1682        0.1047    0.0091 -143.7611
    0.0797    0.3527    0.0561    0.1257    0.0398    0.1147    0.0001    0.4878    0.1852        0.1047    0.0150 -119.5534
    0.0807    0.3533    0.0535    0.1476    0.0403    0.1116    0.0001    0.4766    0.2425        0.0414    0.0139 -127.7020
    0.0856    0.3474    0.1203    0.1696    0.0428    0.0877    0.0001    0.5669    0.2249        0.0894    0.0168 -114.2746
    0.0878    0.3474    0.0937    0.1748    0.0439    0.0877    0.0001    0.5058    0.2390        0.0877    0.0176 -116.2139
    0.0877    0.3389    0.0724    0.1320    0.0438    0.0884    0.0001    0.3801    0.2288        0.0835    0.0049  -68.8192
    0.0870    0.3381    0.0231    0.1274    0.0435    0.0922    0.0001    0.3605    0.1698        0.0812    0.0054  -78.0789
    0.0899    0.3534    0.2041    0.1790    0.0449    0.1105    0.0001    0.5632    0.2056        0.0983    0.0064 -125.0239
    0.0849    0.3528    0.1328    0.1651    0.0425    0.1092    0.0001    0.5853    0.2155        0.0972    0.0033 -126.9148
    0.0684    0.3615    0.0416    0.1272    0.0342    0.1292    0.0001    0.3822    0.2342        0.0842    0.0008 -160.1205
    0.0733    0.3615    0.0554    0.1394    0.0366    0.1292    0.0001    0.4913    0.2511        0.0647    0.0007 -164.8343
    0.0878    0.3530    0.0151    0.1714    0.0439    0.0988    0.0001    0.4690    0.2318        0.1056    0.0044 -142.5035
    0.0829    0.3529    0.0151    0.1627    0.0414    0.0996    0.0001    0.4604    0.2402        0.1052    0.0039 -146.1571
    0.0908    0.3459    0.0891    0.1360    0.0454    0.1012    0.0001    0.4204    0.1326        0.0288    0.0076  -45.4604
    0.0960    0.3427    0.0284    0.1503    0.0480    0.0954    0.0001    0.4442    0.2283        0.0372    0.0008  -63.5153
    0.0860    0.3297    0.0236    0.0998    0.0430    0.0763    0.0001    0.3690    0.1733        0.0740    0.0078 -114.8122
    0.0801    0.3483    0.0278    0.1422    0.0401    0.0936    0.0001    0.4342    0.1732        0.1061    0.0034 -124.4991
    0.0873    0.3460    0.0232    0.1491    0.0437    0.1008    0.0001    0.3602    0.1955        0.1082    0.0119 -107.4732
    0.0841    0.3480    0.0279    0.1560    0.0421    0.1037    0.0001    0.4338    0.2461        0.0567    0.0102 -115.6452
    0.0801    0.3472    0.0277    0.1246    0.0401    0.0974    0.0001    0.4308    0.1804        0.0775    0.0077 -107.7628
    0.0801    0.3487    0.0260    0.1367    0.0401    0.0952    0.0001    0.4074    0.2060        0.0531    0.0265 -110.7051
    0.0843    0.3370    0.0146    0.1240    0.0421    0.0807    0.0001    0.4595    0.2011        0.0782    0.0093 -168.9916
    0.0798    0.3460    0.0141    0.1319    0.0399    0.0972    0.0001    0.4342    0.2176        0.0628    0.0133 -179.2206
    0.0855    0.3339    0.0114    0.1142    0.0427    0.0760    0.0001    0.3546    0.1759        0.0867    0.0100 -143.6493
    0.0805    0.3484    0.0139    0.1524    0.0403    0.0931    0.0001    0.4282    0.2164        0.0642    0.0044 -150.7001
    0.0813    0.3501    0.0537    0.1440    0.0407    0.0912    0.0001    0.4776    0.2136        0.0833    0.0072 -120.1475
    0.0819    0.3473    0.0526    0.1547    0.0409    0.0917    0.0001    0.4662    0.2027        0.0658    0.0077 -121.2019
    0.0989    0.3174    0.0100    0.0813    0.0495    0.0723    0.0001    0.3078    0.1591        0.0804    0.0006  -91.0409
    0.0839    0.3538    0.0121    0.1622    0.0420    0.1131    0.0001    0.3800    0.1922        0.0655    0.0004 -104.7620
    0.0913    0.3276    0.0100    0.1098    0.0456    0.0794    0.0001    0.3119    0.2999        0.0923    0.0094 -147.7016
    0.0830    0.3466    0.0102    0.1570    0.0415    0.0906    0.0001    0.3206    0.3074        0.0911    0.0035 -156.5480
    0.0881    0.3376    0.0117    0.1191    0.0440    0.0856    0.0001    0.3588    0.1765        0.1094    0.0144 -117.9992
    0.0871    0.3443    0.0132    0.1427    0.0436    0.0943    0.0001    0.4063    0.2055        0.0416    0.0147 -127.6242
    0.0883    0.3472    0.0725    0.1717    0.0442    0.0881    0.0001    0.4515    0.2497        0.0634    0.0142 -108.9774
    0.0839    0.3472    0.0605    0.1638    0.0419    0.0882    0.0001    0.5037    0.1940        0.0550    0.0139 -114.1887
    0.0854    0.3452    0.0264    0.1364    0.0427    0.0963    0.0001    0.4119    0.2035        0.0711    0.0109  -89.8088
    0.0854    0.3450    0.0254    0.1351    0.0427    0.0963    0.0001    0.3958    0.2144        0.0385   -0.0071  -91.9027
    0.0875    0.3496    0.1431    0.1651    0.0437    0.0821    0.0001    0.4873    0.2680        0.1222    0.0133  -90.9176
    0.0861    0.3529    0.1257    0.1682    0.0431    0.0902    0.0001    0.5515    0.1973        0.1104    0.0159 -102.0834
    0.0867    0.3315    0.0658    0.1099    0.0434    0.0939    0.0001    0.3785    0.1823        0.1254    0.0109  -95.8194
    0.0850    0.3403    0.0470    0.1346    0.0425    0.0927    0.0001    0.4193    0.2277        0.0576    0.0096 -105.2594
    0.0852    0.3440    0.0120    0.1332    0.0426    0.0851    0.0001    0.3676    0.1846        0.0728    0.0146 -129.1486
    0.0861    0.3451    0.0135    0.1433    0.0431    0.0872    0.0001    0.4124    0.2107        0.0643    0.0250 -130.9170
    0.0876    0.3362    0.0234    0.1186    0.0438    0.0805    0.0001    0.3649    0.1966       -0.0161    0.0066  -90.2379
    0.0769    0.3465    0.0234    0.1554    0.0385    0.0990    0.0001    0.3618    0.2164        0.0034    0.0034  -99.1588
    0.0869    0.3431    0.0129    0.1193    0.0434    0.0971    0.0001    0.3952    0.2010        0.0840    0.0060 -102.9966
    0.0855    0.3500    0.0135    0.1525    0.0428    0.0894    0.0001    0.4130    0.2084        0.0754    0.0055 -106.8971
    0.0898    0.3397    0.0320    0.1537    0.0449    0.0838    0.0001    0.4597    0.1689        0.1000    0.0250  -78.2814
    0.0868    0.3445    0.0302    0.1547    0.0434    0.0928    0.0001    0.4705    0.1699        0.0548   -0.0006  -86.6338
    0.0844    0.3527    0.0901    0.0987    0.0422    0.1417    0.0001    0.3881    0.1489        0.0929    0.0198  -46.3281
    0.0883    0.3438    0.0482    0.1625    0.0442    0.0910    0.0001    0.4258    0.2161        0.0937    0.0185  -71.2487
    0.0860    0.3468    0.0101    0.1506    0.0430    0.0873    0.0001    0.3140    0.3040        0.0875   -0.0090 -139.4085
    0.0867    0.3456    0.0101    0.1471    0.0433    0.0895    0.0001    0.3146    0.3045        0.0517   -0.0081 -140.1455
    0.0801    0.3554    0.0118    0.1277    0.0401    0.0988    0.0001    0.3594    0.1245        0.1030    0.0083 -114.8103
    0.0851    0.3450    0.0135    0.1317    0.0425    0.1012    0.0001    0.4172    0.2093        0.0532   -0.0014 -144.8912
    0.0856    0.3409    0.0788    0.1327    0.0428    0.0848    0.0001    0.3988    0.2358        0.1195    0.0116 -116.4293
    0.0825    0.3450    0.0256    0.1375    0.0413    0.0917    0.0001    0.3932    0.2420        0.0555   -0.0062 -126.4628
    0.0883    0.3324    0.0115    0.1017    0.0442    0.0932    0.0001    0.3580    0.1776        0.0431    0.0310 -102.8470
    0.0811    0.3494    0.0119    0.1560    0.0405    0.0964    0.0001    0.3660    0.1860        0.0499   -0.0002 -115.1809
    0.0832    0.3464    0.0533    0.1387    0.0416    0.1034    0.0001    0.4769    0.1463        0.0964    0.0030  -63.9001
    0.0859    0.3479    0.0504    0.1658    0.0429    0.1019    0.0001    0.4501    0.2288        0.0556    0.0028  -74.5934
    0.0909    0.3444    0.0946    0.1565    0.0455    0.0981    0.0001    0.4578    0.3146        0.0460    0.0070 -123.3640
    0.0936    0.3449    0.1376    0.1696    0.0468    0.0990    0.0001    0.4874    0.3847        0.0333    0.0078 -124.5843
    0.0867    0.3472    0.2014    0.1740    0.0433    0.0972    0.0001    0.5553    0.2332        0.0915    0.0089 -122.5471
    0.0871    0.3475    0.1234    0.1736    0.0436    0.0982    0.0001    0.5354    0.3414        0.1128    0.0109 -132.6247
    0.0970    0.3463    0.2941    0.1782    0.0485    0.0982    0.0001    0.5753    0.2530        0.1060    0.0149  -86.8444
    0.0963    0.3473    0.2542    0.1918    0.0482    0.0996    0.0001    0.6192    0.2671        0.0757    0.0190  -92.7877
    0.0861    0.3568    0.1939    0.1591    0.0431    0.1081    0.0001    0.5708    0.2551        0.1567    0.0108 -131.7041
    0.0890    0.3516    0.1856    0.1650    0.0445    0.1011    0.0001    0.6119    0.2910        0.0393    0.0107 -139.6761
    0.0964    0.3279    0.0128    0.1069    0.0482    0.0936    0.0001    0.3949    0.1978        0.1068    0.0095 -117.0245
    0.0903    0.3427    0.0144    0.1287    0.0452    0.1094    0.0001    0.4418    0.2251        0.0758    0.0069 -119.5458
    0.0841    0.3506    0.0100    0.1385    0.0421    0.1177    0.0001    0.3040    0.2869        0.0816   -0.0008 -161.2745
    0.0800    0.3573    0.0100    0.1315    0.0400    0.1209    0.0001    0.3113    0.3031        0.0061   -0.0013 -175.1074
    0.0807    0.3483    0.0290    0.1375    0.0403    0.0869    0.0001    0.4479    0.1688        0.0985    0.0058 -105.7352
    0.0819    0.3486    0.0297    0.1508    0.0410    0.0837    0.0001    0.4626    0.1769        0.0581    0.0080 -109.0478
    0.0750    0.3665    0.0520    0.1285    0.0375    0.1377    0.0001    0.4763    0.2436        0.1519    0.0065 -122.5450
    0.0789    0.3646    0.0549    0.1419    0.0395    0.1268    0.0001    0.4950    0.2645        0.0753    0.0066 -128.9234
    0.0798    0.3514    0.0272    0.1527    0.0399    0.1157    0.0001    0.4251    0.2267        0.1021    0.0099 -106.2546
    0.0835    0.3506    0.0296    0.1550    0.0418    0.1105    0.0001    0.4620    0.2158        0.0995    0.0087 -110.1177
    0.0925    0.3361    0.0159    0.1184    0.0463    0.1001    0.0001    0.4771    0.2644        0.0913    0.0084 -117.4893
    0.0862    0.3533    0.0153    0.1666    0.0431    0.1114    0.0001    0.4684    0.2395        0.0814    0.0059 -132.2879
    0.0960    0.3274    0.0130    0.1083    0.0480    0.0815    0.0001    0.3963    0.2031        0.0799    0.0156 -101.1930
    0.0874    0.3482    0.0155    0.1580    0.0437    0.0994    0.0001    0.4764    0.2415        0.0833    0.0112 -113.2570
    0.0944    0.3276    0.0148    0.1371    0.0472    0.0649    0.0001    0.4552    0.1070        0.0918    0.0041 -107.2107
    0.0845    0.3421    0.0148    0.1380    0.0423    0.0909    0.0001    0.4519    0.1419        0.0607    0.0042 -119.9155
    0.0828    0.3678    0.0822    0.1601    0.0414    0.1413    0.0001    0.6578    0.2162        0.0588    0.0086  -88.1350
    0.0808    0.3678    0.0625    0.1562    0.0404    0.1411    0.0001    0.5675    0.2258        0.0565    0.0096  -90.6437
    0.0949    0.3234    0.0112    0.0967    0.0474    0.0682    0.0001    0.3429    0.1748        0.0947    0.0064  -90.6694
    0.0959    0.3266    0.0124    0.1182    0.0479    0.0627    0.0001    0.3818    0.1911        0.0565   -0.0156  -97.8441
    0.0801    0.3571    0.0328    0.1343    0.0400    0.1103    0.0001    0.5157    0.2095        0.0543    0.0084 -117.1602
    0.0776    0.3577    0.0313    0.1404    0.0388    0.1106    0.0001    0.4876    0.2057        0.0553    0.0082 -118.9237
    0.0857    0.3438    0.0885    0.1652    0.0429    0.0900    0.0001    0.4765    0.2134        0.0843    0.0057 -127.5387
    0.0853    0.3438    0.0595    0.1634    0.0426    0.0900    0.0001    0.5215    0.2662        0.0702    0.0056 -130.3944
    0.0859    0.3565    0.1538    0.1640    0.0429    0.1142    0.0001    0.5239    0.1809        0.0116   -0.0001  -81.8428
    0.0840    0.3567    0.1287    0.1645    0.0420    0.1146    0.0001    0.5056    0.2034        0.0095   -0.0001  -83.6872
    0.0760    0.3535    0.0439    0.1470    0.0380    0.1108    0.0001    0.3878    0.2343        0.1050    0.0059 -115.2191
    0.0809    0.3535    0.0543    0.1565    0.0404    0.1107    0.0001    0.4824    0.2194        0.0677    0.0055 -121.0753
    0.0960    0.3474    0.2125    0.1855    0.0480    0.0987    0.0001    0.5377    0.2636        0.1181    0.0092  -79.9128
    0.0944    0.3464    0.2074    0.1873    0.0472    0.1048    0.0001    0.5546    0.2912        0.1101    0.0090  -81.5060
    0.0890    0.3472    0.1232    0.1149    0.0445    0.1077    0.0001    0.4853    0.2187        0.0923    0.0087  -90.6193
    0.0845    0.3502    0.0462    0.1207    0.0423    0.1104    0.0001    0.4095    0.1798        0.0404    0.0084  -96.6580
    0.0928    0.3301    0.0143    0.1227    0.0464    0.0748    0.0001    0.4359    0.2285        0.1090    0.0004 -127.4301
    0.0844    0.3459    0.0139    0.1413    0.0422    0.0979    0.0001    0.4282    0.2166        0.0815    0.0004 -135.6230
    0.1004    0.3041    0.0101    0.0574    0.0502    0.0787    0.0001    0.3105    0.1498        0.0438    0.0154  -64.3890
    0.0840    0.3453    0.0106    0.1392    0.0420    0.0963    0.0001    0.3303    0.1688        0.0459    0.0125  -87.7158
    0.0989    0.3108    0.0112    0.1131    0.0494    0.0349    0.0001    0.3405    0.1817        0.0724    0.0107 -107.0986
    0.0886    0.3346    0.0140    0.1376    0.0443    0.0743    0.0001    0.4346    0.2196        0.0633    0.0141 -113.1421
    0.0885    0.3619    0.0746    0.1720    0.0442    0.1295    0.0001    0.5355    0.1808        0.1276    0.0145  -57.4579
    0.0856    0.3599    0.0635    0.1705    0.0428    0.1244    0.0001    0.5534    0.1840        0.1300    0.0138  -63.9097
    0.0784    0.3452    0.0269    0.1311    0.0392    0.1052    0.0001    0.4200    0.1903        0.0914    0.0078  -98.4056
    0.0812    0.3463    0.0292    0.1588    0.0406    0.1046    0.0001    0.4556    0.2363        0.0525    0.0081 -105.6170
    0.0903    0.3402    0.0453    0.1287    0.0451    0.1056    0.0001    0.4003    0.2339        0.0986    0.0107  -83.7078
    0.0882    0.3448    0.0464    0.1308    0.0441    0.1133    0.0001    0.4110    0.2379        0.0883   -0.0143  -85.4336
    0.0897    0.3280    0.0124    0.0975    0.0448    0.0933    0.0001    0.3823    0.1936        0.0358    0.0147 -107.8133
    0.0818    0.3466    0.0136    0.1564    0.0409    0.0977    0.0001    0.4196    0.2101        0.0485    0.0101 -118.3267
    0.0901    0.3441    0.0959    0.1484    0.0451    0.0995    0.0001    0.4898    0.2538        0.0722    0.0161 -107.5539
    0.0904    0.3429    0.0306    0.1411    0.0452    0.1018    0.0001    0.4799    0.2375       -0.0012    0.0339 -118.3877
    0.0868    0.3364    0.0132    0.1170    0.0434    0.0834    0.0001    0.4049    0.2059        0.1130    0.0054 -121.3662
    0.0856    0.3457    0.0145    0.1442    0.0428    0.0995    0.0001    0.4449    0.2239        0.0471    0.0003 -132.0630
    0.0844    0.3537    0.1290    0.1613    0.0422    0.1171    0.0001    0.5335    0.2087        0.0662    0.0083 -103.0985
    0.0822    0.3537    0.0537    0.1550    0.0411    0.1172    0.0001    0.4723    0.2337        0.0590    0.0103 -107.1397
    0.0825    0.3582    0.0100    0.1401    0.0413    0.1098    0.0001    0.7486    0.2706        0.1180    0.0054 -196.8587
    0.0865    0.3656    0.0105    0.1656    0.0433    0.1295    0.0001    0.8115    0.3185        0.0502    0.0046 -223.0536
    0.0899    0.3332    0.0128    0.1184    0.0450    0.0698    0.0001    0.4044    0.1762        0.0909    0.0110 -148.8940
    0.0833    0.3419    0.0128    0.1270    0.0417    0.0789    0.0001    0.3945    0.1989        0.0718    0.0069 -156.3425
    0.0826    0.3427    0.0138    0.1124    0.0413    0.0987    0.0001    0.4243    0.2123        0.0978    0.0075 -161.7978
    0.0807    0.3449    0.0141    0.1302    0.0404    0.1010    0.0001    0.4339    0.2178        0.0607   -0.0142 -167.3472
    0.0764    0.3552    0.0282    0.1322    0.0382    0.1009    0.0001    0.4477    0.1987        0.1004    0.0106 -124.3416
    0.0765    0.3581    0.0244    0.1407    0.0383    0.1017    0.0001    0.3799    0.2129        0.0818    0.0051 -131.5901
