    0.0884    0.3283    0.0100    0.1030    0.0442    0.0791    0.0001    0.3096    0.2988        0.0813    0.0134 -318.7897
    0.0818    0.3462    0.0105    0.1412    0.0409    0.0972    0.0001    0.3254    0.3152        0.0858    0.0118 -334.4055
    0.0854    0.3503    0.0316    0.1413    0.0427    0.1194    0.0001    0.4926    0.1655        0.0307    0.0083 -171.0005
    0.0822    0.3510    0.0278    0.1484    0.0411    0.1170    0.0001    0.4347    0.2126        0.0765    0.0085 -182.4871
    0.0823    0.3523    0.0128    0.1565    0.0412    0.0903    0.0001    0.3697    0.2251        0.0873    0.0138 -294.9853
    0.0803    0.3521    0.0148    0.1536    0.0402    0.0901    0.0001    0.4533    0.2284        0.0950    0.0143 -325.3733
    0.0787    0.3530    0.0262    0.1382    0.0393    0.1026    0.0001    0.4112    0.2128        0.0869    0.0117 -237.8475
    0.0790    0.3536    0.0311    0.1487    0.0395    0.1035    0.0001    0.4847    0.1972        0.0551    0.0086 -244.8719
    0.0838    0.3422    0.0262    0.1224    0.0419    0.0979    0.0001    0.4111    0.1994        0.1012    0.0028 -198.6489
    0.0796    0.3536    0.0286    0.1504    0.0398    0.1112    0.0001    0.4456    0.2110        0.0766    0.0027 -216.1773
    0.0943    0.3274    0.0100    0.1302    0.0471    0.0723    0.0001    0.3108    0.3009        0.0850    0.0084 -229.3715
    0.0858    0.3457    0.0105    0.1494    0.0429    0.0989    0.0001    0.3269    0.3158        0.0568    0.0086 -237.1526
    0.0867    0.3309    0.0118    0.1067    0.0433    0.0869    0.0001    0.3641    0.1838        0.0607    0.0060 -272.4035
    0.0817    0.3468    0.0146    0.1442    0.0409    0.0997    0.0001    0.4471    0.2270        0.0668    0.0045 -284.8173
    0.0914    0.3454    0.0168    0.1526    0.0457    0.0967    0.0001    0.5270    0.2359        0.1266    0.0058 -246.8940
    0.0843    0.3452    0.0140    0.1371    0.0421    0.1025    0.0001    0.4280    0.2188        0.0656    0.0090 -274.0136
    0.0921    0.3289    0.0132    0.1166    0.0460    0.0778    0.0001    0.3945    0.2122        0.1061    0.0078 -219.2584
    0.0854    0.3470    0.0142    0.1501    0.0427    0.1001    0.0001    0.4386    0.2190        0.0674    0.0061 -243.9869
    0.0866    0.3402    0.0761    0.1422    0.0433    0.0767    0.0001    0.4250    0.2181        0.1117    0.0098 -287.7630
    0.0805    0.3495    0.0512    0.1446    0.0402    0.0939    0.0001    0.4516    0.2475        0.0892    0.0112 -303.1522
    0.0853    0.3402    0.0100    0.1107    0.0427    0.1050    0.0001    0.3116    0.1579        0.0813    0.0074 -228.7645
    0.0872    0.3451    0.0137    0.1368    0.0436    0.0974    0.0001    0.4205    0.2120        0.0462   -0.0047 -248.2139
    0.0885    0.3466    0.1165    0.1713    0.0443    0.0978    0.0001    0.4277    0.1534        0.1057   -0.0074 -140.4218
    0.0804    0.3465    0.0274    0.1577    0.0402    0.0993    0.0001    0.4274    0.2182        0.0768   -0.0074 -160.5049
    0.0810    0.3641    0.1778    0.1572    0.0405    0.1369    0.0001    0.5378    0.1947        0.0786    0.0068 -199.3718
    0.0838    0.3620    0.1669    0.1614    0.0419    0.1290    0.0001    0.5333    0.3051        0.0864    0.0115 -216.9895
    0.0822    0.3486    0.0100    0.1499    0.0411    0.0999    0.0001    0.2886    0.2639        0.0982    0.0059 -228.0270
    0.0844    0.3453    0.0100    0.1459    0.0422    0.0947    0.0001    0.3113    0.2983        0.0849    0.0007 -270.8574
    0.0747    0.3801    0.0100    0.2073    0.0373    0.1540    0.0001    0.7416    0.2613        0.0442   -0.0022 -265.5604
    0.0789    0.3730    0.0103    0.2147    0.0395    0.1484    0.0001    0.8052    0.2988        0.0438   -0.0020 -322.0448
    0.0790    0.3532    0.0292    0.1433    0.0395    0.1119    0.0001    0.4553    0.2570        0.0896    0.0148 -233.5698
    0.0782    0.3539    0.0273    0.1474    0.0391    0.1124    0.0001    0.4267    0.2330        0.0741    0.0133 -235.8363
    0.0890    0.3366    0.0126    0.1167    0.0445    0.0875    0.0001    0.3875    0.1933        0.1317    0.0053 -204.5146
    0.0856    0.3454    0.0131    0.1384    0.0428    0.0985    0.0001    0.4026    0.2036        0.0568    0.0064 -230.2410
    0.0918    0.3533    0.1839    0.1725    0.0459    0.1103    0.0001    0.5374    0.2648        0.1397    0.0071 -195.0269
    0.0834    0.3523    0.0869    0.1432    0.0417    0.1095    0.0001    0.4508    0.2369        0.0530    0.0109 -203.0264
    0.0876    0.3453    0.1273    0.1483    0.0438    0.0887    0.0001    0.4432    0.2163        0.0321    0.0088 -167.5563
    0.0849    0.3437    0.0137    0.1332    0.0425    0.0883    0.0001    0.4217    0.2096        0.0449    0.0178 -248.7245
    0.0829    0.3418    0.0124    0.1136    0.0415    0.0930    0.0001    0.3818    0.1905        0.1005    0.0076 -272.0289
    0.0823    0.3448    0.0139    0.1337    0.0411    0.0965    0.0001    0.4273    0.2136        0.0594   -0.0016 -281.8806
    0.0936    0.3286    0.0142    0.1173    0.0468    0.0805    0.0001    0.4345    0.2236        0.1009    0.0074 -194.0745
    0.0898    0.3423    0.0147    0.1455    0.0449    0.0952    0.0001    0.4507    0.2286        0.0478    0.0059 -214.6402
    0.1006    0.3253    0.0149    0.1393    0.0503    0.0698    0.0001    0.4558    0.1643        0.0251    0.0149 -144.8745
    0.0832    0.3534    0.0145    0.1640    0.0416    0.1114    0.0001    0.4450    0.2241        0.0361    0.0118 -198.3829
    0.0832    0.3458    0.0100    0.1490    0.0416    0.0956    0.0001    0.3114    0.3019        0.1366    0.0004 -293.9158
    0.0814    0.3474    0.0100    0.1499    0.0407    0.0989    0.0001    0.3127    0.3012        0.1501    0.0004 -298.6643
    0.0944    0.3533    0.0100    0.1802    0.0472    0.1292    0.0001    0.7733    0.3003        0.0487    0.0061 -415.9598
    0.0896    0.3623    0.0100    0.1777    0.0448    0.1294    0.0001    0.7667    0.3027        0.0455    0.0059 -431.2993
    0.0832    0.3456    0.0239    0.1420    0.0416    0.0958    0.0001    0.3625    0.2368        0.0872    0.0027 -261.2530
    0.0826    0.3455    0.0258    0.1345    0.0413    0.0974    0.0001    0.4021    0.2245        0.0514    0.0032 -268.7564
    0.0811    0.3595    0.1029    0.1499    0.0406    0.1241    0.0001    0.5009    0.2117        0.1439    0.0084 -218.3481
    0.0793    0.3596    0.0516    0.1468    0.0397    0.1241    0.0001    0.4535    0.2469        0.0815    0.0130 -228.7683
    0.0993    0.3467    0.2687    0.1839    0.0496    0.0971    0.0001    0.6075    0.3952        0.1678    0.0141 -242.7353
    0.0840    0.3391    0.0236    0.1046    0.0420    0.0963    0.0001    0.3680    0.2048        0.1090    0.0189 -272.4152
    0.0807    0.3510    0.0100    0.1388    0.0403    0.1081    0.0001    0.3103    0.3016        0.0805    0.0072 -316.7465
    0.0802    0.3518    0.0100    0.1503    0.0401    0.1075    0.0001    0.3109    0.3024        0.0830    0.0071 -317.6022
    0.0827    0.3391    0.0272    0.1228    0.0413    0.0922    0.0001    0.4251    0.1561        0.0832    0.0136 -227.2227
    0.0830    0.3468    0.0275    0.1419    0.0415    0.0980    0.0001    0.4278    0.2410        0.0655    0.0166 -243.8243
    0.0849    0.3463    0.0125    0.1376    0.0424    0.1006    0.0001    0.3923    0.1850        0.0864    0.0086 -279.0598
    0.0812    0.3468    0.0141    0.1528    0.0406    0.0974    0.0001    0.4342    0.2184        0.0631    0.0125 -289.0143
    0.0838    0.3470    0.0263    0.1223    0.0419    0.1049    0.0001    0.4086    0.1658        0.1095    0.0043 -169.6840
    0.0848    0.3512    0.0294    0.1470    0.0424    0.1084    0.0001    0.4584    0.2017        0.0525   -0.0119 -183.2509
    0.0859    0.3323    0.0120    0.1000    0.0429    0.0916    0.0001    0.3698    0.1869        0.0856    0.0091 -263.3153
    0.0822    0.3467    0.0144    0.1483    0.0411    0.1009    0.0001    0.4426    0.2224        0.0444    0.0036 -284.6100
    0.0911    0.3277    0.0938    0.1282    0.0455    0.0621    0.0001    0.3582    0.1911        0.0931    0.0079 -175.2958
    0.0838    0.3400    0.0419    0.1289    0.0419    0.0862    0.0001    0.3710    0.1972        0.0489    0.0000 -190.8310
    0.0879    0.3535    0.0957    0.1706    0.0440    0.1106    0.0001    0.4683    0.2477        0.1175    0.0040 -175.6293
    0.0830    0.3535    0.0492    0.1602    0.0415    0.1107    0.0001    0.4317    0.2613        0.0798    0.0122 -182.8347
    0.0752    0.3613    0.0542    0.1397    0.0376    0.1284    0.0001    0.4736    0.2385        0.1004    0.0012 -212.1720
    0.0800    0.3614    0.0579    0.1522    0.0400    0.1284    0.0001    0.4995    0.2497        0.0751    0.0014 -217.6654
    0.0811    0.3611    0.0945    0.1537    0.0406    0.1166    0.0001    0.4702    0.2675        0.0870    0.0065 -178.4306
    0.0763    0.3610    0.0279    0.1430    0.0381    0.1167    0.0001    0.4371    0.2214        0.0822    0.0099 -192.6954
    0.0845    0.3510    0.1641    0.1666    0.0423    0.1052    0.0001    0.5563    0.1639        0.0669    0.0122 -199.7490
    0.0873    0.3510    0.1391    0.1738    0.0437    0.1051    0.0001    0.4798    0.2035        0.0727    0.0111 -209.3697
    0.0957    0.3271    0.0130    0.1261    0.0479    0.0785    0.0001    0.3975    0.2031        0.1008    0.0126 -212.5008
    0.0889    0.3422    0.0139    0.1445    0.0444    0.0959    0.0001    0.4264    0.2152        0.0841    0.0187 -222.3435
    0.0800    0.3464    0.0151    0.1294    0.0400    0.0979    0.0001    0.4620    0.1658        0.1128    0.0073 -249.8919
    0.0814    0.3461    0.0148    0.1324    0.0407    0.0975    0.0001    0.4525    0.1420        0.0602   -0.0275 -261.0982
    0.0793    0.3533    0.0257    0.1472    0.0396    0.1134    0.0001    0.3990    0.2306        0.0954    0.0058 -239.6529
    0.0795    0.3532    0.0276    0.1515    0.0398    0.1114    0.0001    0.4307    0.2322        0.0791    0.0055 -242.4338
    0.0872    0.3468    0.0176    0.1440    0.0436    0.0994    0.0001    0.5412    0.2801        0.0997   -0.0099 -282.6550
    0.0783    0.3534    0.0139    0.1509    0.0391    0.1107    0.0001    0.4284    0.2159        0.0497   -0.0106 -311.5260
    0.0840    0.3449    0.0101    0.1333    0.0420    0.0968    0.0001    0.3153    0.3061        0.0803    0.0051 -301.8557
    0.0855    0.3449    0.0100    0.1397    0.0428    0.0957    0.0001    0.3134    0.3029        0.0844   -0.0051 -303.1454
    0.0803    0.3535    0.0293    0.1504    0.0401    0.1299    0.0001    0.4513    0.2257        0.1513    0.0055 -209.4192
    0.0784    0.3615    0.0370    0.1482    0.0392    0.1288    0.0001    0.5581    0.2565        0.1050    0.0061 -228.1456
    0.0776    0.3610    0.0266    0.1425    0.0388    0.1168    0.0001    0.4141    0.1239        0.0763    0.0130 -208.1100
    0.0791    0.3618    0.0311    0.1477    0.0395    0.1187    0.0001    0.4831    0.2005        0.0281    0.0178 -224.1764
    0.0811    0.3451    0.0124    0.1170    0.0405    0.0982    0.0001    0.3822    0.1943        0.1099    0.0091 -306.3765
    0.0837    0.3457    0.0132    0.1289    0.0419    0.0939    0.0001    0.4069    0.2078        0.0375    0.0081 -324.9980
    0.0888    0.3450    0.1095    0.1468    0.0444    0.0957    0.0001    0.4760    0.2202        0.1090    0.0070 -208.1968
    0.0830    0.3451    0.0275    0.1289    0.0415    0.0975    0.0001    0.4288    0.1888        0.0644    0.0120 -224.3769
    0.0799    0.3454    0.0100    0.1224    0.0399    0.0964    0.0001    0.3080    0.1585        0.0847    0.0115 -322.4983
    0.0820    0.3462    0.0139    0.1360    0.0410    0.0970    0.0001    0.4231    0.2181        0.0735    0.0205 -337.5343
    0.0902    0.3290    0.0133    0.1091    0.0451    0.0740    0.0001    0.4108    0.2111        0.1118    0.0074 -230.1219
    0.0842    0.3457    0.0125    0.1358    0.0421    0.0986    0.0001    0.3847    0.1936        0.0653    0.0080 -255.4722
    0.0933    0.3277    0.0100    0.1233    0.0467    0.0698    0.0001    0.3151    0.2974        0.1202    0.0071 -247.3265
    0.0853    0.3471    0.0101    0.1582    0.0426    0.0986    0.0001    0.3152    0.3017        0.0589   -0.0018 -279.0501
    0.0941    0.3200    0.0180    0.1076    0.0470    0.0572    0.0001    0.2805    0.1570        0.0639    0.0107 -125.1482
    0.0886    0.3456    0.0258    0.1419    0.0443    0.0973    0.0001    0.4015    0.2285        0.0580   -0.0005 -150.2016
    0.0733    0.3537    0.1193    0.1396    0.0366    0.1114    0.0001    0.4097    0.1835        0.1101    0.0004 -238.6388
    0.0790    0.3538    0.0833    0.1539    0.0395    0.1113    0.0001    0.5146    0.2230        0.0487    0.0006 -259.3242
    0.0861    0.3449    0.0933    0.1357    0.0431    0.0997    0.0001    0.4046    0.1985        0.1253    0.0093 -195.6462
    0.0819    0.3454    0.0226    0.1234    0.0409    0.1017    0.0001    0.3531    0.1945        0.0653    0.0113 -216.1568
    0.0892    0.3395    0.0251    0.1086    0.0446    0.1063    0.0001    0.3851    0.2443        0.1034    0.0057 -146.7216
    0.0868    0.3447    0.0260    0.1373    0.0434    0.1008    0.0001    0.4049    0.2252        0.0484    0.0066 -166.0828
    0.0876    0.3404    0.0144    0.1265    0.0438    0.0898    0.0001    0.4500    0.2194        0.0986    0.0147 -277.2713
    0.0837    0.3468    0.0139    0.1457    0.0418    0.0987    0.0001    0.4296    0.2141        0.0735    0.0175 -287.8154
    0.0819    0.3539    0.0872    0.1575    0.0409    0.1131    0.0001    0.5679    0.2628        0.1494    0.0061 -195.5838
    0.0839    0.3540    0.0998    0.1638    0.0420    0.1132    0.0001    0.5237    0.2746        0.0541    0.0081 -213.0274
    0.0846    0.3394    0.0140    0.1306    0.0423    0.0874    0.0001    0.4264    0.1413        0.1061    0.0138 -266.0207
    0.0819    0.3446    0.0138    0.1262    0.0409    0.0960    0.0001    0.4214    0.1372        0.0678    0.0201 -273.9038
    0.0822    0.3486    0.0122    0.1401    0.0411    0.1021    0.0001    0.3694    0.1966        0.0295    0.0130 -289.6286
    0.0824    0.3463    0.0140    0.1462    0.0412    0.0969    0.0001    0.4310    0.2162        0.0615    0.0270 -302.7423
    0.0883    0.3351    0.0160    0.1219    0.0441    0.0777    0.0001    0.4983    0.2336        0.1025    0.0095 -235.9799
    0.0854    0.3467    0.0158    0.1663    0.0427    0.0978    0.0001    0.4860    0.2459        0.0665    0.0098 -271.3442
    0.0997    0.3286    0.1346    0.1240    0.0498    0.0582    0.0001    0.4569    0.2560        0.1272    0.0123 -169.7562
    0.0991    0.3333    0.1320    0.1456    0.0496    0.0679    0.0001    0.4527    0.2284        0.1228    0.0136 -181.2327
    0.0843    0.3427    0.0100    0.1150    0.0421    0.0907    0.0001    0.3105    0.1563        0.0865    0.0087 -213.9613
    0.0832    0.3513    0.0125    0.1512    0.0416    0.0931    0.0001    0.3871    0.1941        0.0657    0.0193 -228.5101
    0.0911    0.3372    0.0274    0.1219    0.0455    0.0873    0.0001    0.4237    0.2180        0.1067    0.0041 -212.3567
    0.0856    0.3412    0.0260    0.1233    0.0428    0.0948    0.0001    0.4068    0.2128        0.0466    0.0147 -224.0876
    0.0884    0.3452    0.1201    0.1491    0.0442    0.0949    0.0001    0.4495    0.2425        0.0189    0.0130 -164.8935
    0.0853    0.3451    0.0255    0.1379    0.0427    0.0950    0.0001    0.3985    0.2042        0.0184    0.0097 -181.9545
    0.0901    0.3241    0.0399    0.1140    0.0451    0.0533    0.0001    0.3472    0.1808        0.0637    0.0093 -238.1984
    0.0778    0.3534    0.0534    0.1492    0.0389    0.1016    0.0001    0.4521    0.2600        0.0641   -0.0006 -261.5450
    0.0968    0.3281    0.0276    0.1341    0.0484    0.0708    0.0001    0.4300    0.1811        0.0755    0.0009 -145.5532
    0.0817    0.3530    0.0276    0.1554    0.0408    0.1106    0.0001    0.4341    0.2121        0.0572    0.0007 -165.6521
    0.0812    0.3564    0.0133    0.1233    0.0406    0.1248    0.0001    0.4064    0.2113        0.1071    0.0013 -233.8935
    0.0867    0.3444    0.0138    0.1387    0.0433    0.0863    0.0001    0.4234    0.2146        0.0433    0.0014 -259.6834
    0.0828    0.3528    0.0267    0.1434    0.0414    0.1170    0.0001    0.4167    0.2374        0.1195    0.0053 -185.7561
    0.0824    0.3537    0.0274    0.1546    0.0412    0.1180    0.0001    0.4270    0.2390        0.0824    0.0058 -190.3980
    0.0841    0.3448    0.0127    0.1174    0.0420    0.1036    0.0001    0.3901    0.1949        0.0771    0.0022 -284.0822
    0.0853    0.3436    0.0129    0.1232    0.0426    0.0984    0.0001    0.3958    0.2003        0.0559    0.0023 -286.2785
    0.0881    0.3278    0.0120    0.1117    0.0440    0.0666    0.0001    0.3647    0.1903        0.0414    0.0050 -275.0656
    0.0838    0.3461    0.0137    0.1411    0.0419    0.0973    0.0001    0.4196    0.2138        0.0602    0.0050 -292.2668
    0.0869    0.3457    0.1249    0.1487    0.0434    0.0972    0.0001    0.5058    0.2239        0.1014    0.0076 -166.9976
    0.0832    0.3460    0.0263    0.1411    0.0416    0.0978    0.0001    0.4106    0.2053        0.0544    0.0153 -185.2737
    0.0796    0.3639    0.0160    0.1593    0.0398    0.1146    0.0001    0.4897    0.2572        0.1167    0.0054 -249.5651
    0.0817    0.3531    0.0159    0.1412    0.0408    0.1088    0.0001    0.4890    0.2529        0.1099    0.0050 -317.4469
    0.0823    0.3478    0.0126    0.1266    0.0411    0.1066    0.0001    0.3943    0.1882        0.0989    0.0076 -290.9746
    0.0808    0.3512    0.0142    0.1394    0.0404    0.1139    0.0001    0.4372    0.2204        0.0651    0.0079 -299.0342
    0.0898    0.3481    0.1356    0.1740    0.0449    0.1007    0.0001    0.5643    0.2537        0.0315    0.0090 -132.4766
    0.0830    0.3480    0.0306    0.1626    0.0415    0.1006    0.0001    0.4767    0.2083        0.0530    0.0053 -150.0095
    0.0837    0.3451    0.0156    0.1388    0.0419    0.0844    0.0001    0.4785    0.2415        0.1112    0.0120 -318.2668
    0.0815    0.3466    0.0140    0.1422    0.0407    0.0876    0.0001    0.4289    0.2159        0.0755    0.0169 -326.5159
    0.0919    0.3246    0.0246    0.1213    0.0460    0.0635    0.0001    0.3798    0.2186        0.0861    0.0023 -246.2256
    0.0853    0.3397    0.0270    0.1395    0.0426    0.0883    0.0001    0.4222    0.2306        0.0743    0.0030 -260.4412
    0.0813    0.3362    0.0136    0.1166    0.0406    0.0736    0.0001    0.4307    0.1468        0.0628    0.0102 -241.1405
    0.0811    0.3471    0.0151    0.1460    0.0406    0.0984    0.0001    0.4615    0.1499        0.0468    0.0167 -257.9955
    0.0801    0.3440    0.0100    0.1168    0.0400    0.0992    0.0001    0.3113    0.3002        0.0930    0.0083 -342.8684
    0.0802    0.3456    0.0100    0.1290    0.0401    0.0980    0.0001    0.3112    0.3004        0.0506   -0.0177 -349.9839
    0.0952    0.3383    0.0146    0.1404    0.0476    0.0872    0.0001    0.4431    0.2364        0.1258    0.0160 -253.3902
    0.0852    0.3465    0.0140    0.1385    0.0426    0.1000    0.0001    0.4279    0.2170        0.0597    0.0163 -273.9583
    0.0817    0.3505    0.0125    0.1200    0.0409    0.1106    0.0001    0.3867    0.1860        0.1205    0.0143 -247.7823
    0.0849    0.3451    0.0137    0.1318    0.0424    0.0984    0.0001    0.4205    0.2129        0.0557   -0.0066 -267.3759
    0.0957    0.3465    0.1747    0.1839    0.0478    0.0882    0.0001    0.4999    0.2434        0.0739    0.0078 -152.7515
    0.0870    0.3453    0.0690    0.1468    0.0435    0.0875    0.0001    0.4056    0.2228        0.0747    0.0078 -160.3794
    0.0821    0.3482    0.0285    0.1476    0.0411    0.1035    0.0001    0.4411    0.1817        0.1146    0.0048 -249.3869
    0.0817    0.3461    0.0279    0.1406    0.0409    0.0970    0.0001    0.4357    0.2319        0.0684    0.0024 -260.7297
    0.0855    0.3383    0.0289    0.1164    0.0428    0.0898    0.0001    0.4514    0.2328        0.0938    0.0029 -188.0264
    0.0856    0.3451    0.0264    0.1429    0.0428    0.0995    0.0001    0.4116    0.2301        0.0825    0.0031 -203.5835
    0.0840    0.3489    0.0100    0.1385    0.0420    0.1094    0.0001    0.3120    0.3037        0.1463   -0.0058 -271.5542
    0.0832    0.3505    0.0100    0.1470    0.0416    0.1052    0.0001    0.3118    0.3002        0.1512   -0.0055 -274.9897
    0.0854    0.3600    0.0100    0.1655    0.0427    0.1055    0.0001    0.8035    0.2439        0.1550    0.0139 -329.3035
    0.0896    0.3519    0.0100    0.1715    0.0448    0.1074    0.0001    0.7631    0.3045        0.1465    0.0174 -431.8701
    0.0878    0.3445    0.0828    0.1353    0.0439    0.0971    0.0001    0.4285    0.2226        0.1117   -0.0113 -188.4342
    0.0857    0.3473    0.0283    0.1444    0.0429    0.0990    0.0001    0.4426    0.2304        0.0660   -0.0058 -205.6977
    0.0857    0.3419    0.0162    0.1392    0.0429    0.0946    0.0001    0.4793    0.2740        0.1002    0.0076 -273.8510
    0.0861    0.3467    0.0147    0.1491    0.0431    0.0989    0.0001    0.4553    0.2278        0.0511   -0.0093 -296.7792
    0.0940    0.3137    0.0105    0.0923    0.0470    0.0615    0.0001    0.3242    0.1612        0.0801    0.0086 -211.3622
    0.0805    0.3537    0.0138    0.1583    0.0402    0.1111    0.0001    0.4206    0.2182        0.0543    0.0104 -238.9099
    0.0786    0.3396    0.0116    0.1266    0.0393    0.0839    0.0001    0.3687    0.3188        0.1290    0.0181 -251.4271
    0.0838    0.3453    0.0101    0.1481    0.0419    0.0948    0.0001    0.3153    0.3052        0.0600    0.0169 -308.9549
    0.0841    0.3602    0.1414    0.1572    0.0421    0.1278    0.0001    0.6099    0.2762        0.1037    0.0007 -238.9761
    0.0823    0.3599    0.0329    0.1507    0.0412    0.1270    0.0001    0.5137    0.2670        0.0750    0.0006 -256.5736
    0.0845    0.3457    0.0119    0.1444    0.0423    0.0961    0.0001    0.3679    0.1769        0.0583    0.0057 -273.2922
    0.0826    0.3470    0.0144    0.1611    0.0413    0.0969    0.0001    0.4444    0.2233        0.0572    0.0011 -283.1449
    0.0839    0.3433    0.0508    0.1243    0.0419    0.0995    0.0001    0.4475    0.1514        0.0981    0.0064 -175.5980
    0.0834    0.3499    0.0517    0.1465    0.0417    0.1059    0.0001    0.4573    0.2141        0.0516    0.0060 -189.0844
    0.0857    0.3465    0.1182    0.1580    0.0428    0.0899    0.0001    0.5178    0.1838        0.0867    0.0115 -258.5702
    0.0819    0.3521    0.1110    0.1590    0.0410    0.0942    0.0001    0.5323    0.2004        0.0885    0.0109 -269.2614
    0.0952    0.3397    0.1275    0.1699    0.0476    0.0853    0.0001    0.4515    0.2521        0.1298    0.0066 -192.8898
    0.0861    0.3435    0.0469    0.1408    0.0431    0.0965    0.0001    0.4201    0.2347        0.0649    0.0011 -207.4359
    0.0796    0.3542    0.0100    0.1576    0.0398    0.1385    0.0001    0.6860    0.2517        0.1036    0.0110 -311.7564
    0.0849    0.3583    0.0100    0.1592    0.0424    0.1337    0.0001    0.7624    0.3034        0.0849    0.0098 -413.9282
    0.0808    0.3492    0.0305    0.1354    0.0404    0.1042    0.0001    0.4763    0.2124        0.0951    0.0066 -251.7765
    0.0798    0.3504    0.0302    0.1415    0.0399    0.1048    0.0001    0.4699    0.1801        0.0525    0.0085 -258.0402
    0.0891    0.3489    0.0183    0.1658    0.0446    0.1079    0.0001    0.5526    0.2984        0.0743    0.0101 -316.4823
    0.0827    0.3530    0.0164    0.1517    0.0413    0.1110    0.0001    0.5024    0.2551        0.0879    0.0104 -328.5844
    0.0805    0.3509    0.1456    0.1593    0.0402    0.1050    0.0001    0.5456    0.1885        0.0652    0.0061 -251.7087
    0.0816    0.3467    0.0537    0.1516    0.0408    0.0971    0.0001    0.4753    0.2377        0.0449    0.0072 -262.0689
    0.0844    0.3494    0.0153    0.1624    0.0422    0.1070    0.0001    0.4785    0.2074        0.0408    0.0066 -264.1069
    0.0835    0.3452    0.0137    0.1358    0.0417    0.0951    0.0001    0.4224    0.2127        0.0560    0.0028 -294.0702
    0.0804    0.3476    0.0808    0.1321    0.0402    0.0971    0.0001    0.3687    0.1977        0.0918    0.0101 -211.5712
    0.0833    0.3464    0.0911    0.1542    0.0416    0.0977    0.0001    0.4464    0.2598        0.0554    0.0111 -218.0564
    0.0871    0.3447    0.0289    0.1504    0.0436    0.0934    0.0001    0.4515    0.2095        0.1098    0.0147 -179.0323
    0.0820    0.3471    0.0265    0.1621    0.0410    0.0968    0.0001    0.4140    0.2247        0.0382    0.0143 -197.4969
    0.1056    0.3135    0.0135    0.1218    0.0528    0.0539    0.0001    0.3964    0.2311        0.0698    0.0097 -218.0827
    0.0864    0.3455    0.0146    0.1500    0.0432    0.0957    0.0001    0.4458    0.2271        0.0790    0.0044 -259.0295
    0.0869    0.3535    0.2088    0.1712    0.0435    0.1133    0.0001    0.4328    0.3638        0.0553    0.0082  -99.8048
    0.0855    0.3539    0.0186    0.1549    0.0428    0.1187    0.0001    0.5680    0.2879        0.0479    0.0101 -207.6262
    0.0960    0.3251    0.0167    0.0912    0.0480    0.0790    0.0001    0.5149    0.1945        0.1210    0.0090 -255.9040
    0.0842    0.3376    0.0136    0.1081    0.0421    0.0779    0.0001    0.4202    0.2113        0.0677    0.0090 -312.1841
    0.0932    0.3157    0.0153    0.0947    0.0466    0.0552    0.0001    0.2486    0.2001        0.1001    0.0060 -146.0759
    0.0826    0.3455    0.0178    0.1374    0.0413    0.0971    0.0001    0.2862    0.2644        0.0596    0.0027 -182.5081
    0.0872    0.3449    0.0128    0.1434    0.0436    0.1010    0.0001    0.4267    0.3045        0.1177    0.0058 -255.3256
    0.0806    0.3534    0.0113    0.1526    0.0403    0.1105    0.0001    0.3522    0.3424        0.0814    0.0077 -349.1984
    0.0839    0.3420    0.0237    0.1124    0.0420    0.0993    0.0001    0.3684    0.1445        0.0694    0.0077 -175.2818
    0.0854    0.3454    0.0270    0.1402    0.0427    0.0971    0.0001    0.4211    0.1991        0.0679    0.0033 -183.9074
    0.0828    0.3522    0.0523    0.1395    0.0414    0.1111    0.0001    0.4696    0.2356        0.0707    0.0080 -257.7807
    0.0831    0.3526    0.0538    0.1450    0.0416    0.1107    0.0001    0.4794    0.2457        0.0738    0.0073 -258.0312
    0.0899    0.3444    0.1240    0.1495    0.0449    0.0849    0.0001    0.4384    0.2063        0.1077    0.0074 -204.8726
    0.0820    0.3526    0.0303    0.1449    0.0410    0.0978    0.0001    0.4713    0.1766        0.0514    0.0015 -234.0444
    0.0898    0.3387    0.0138    0.1296    0.0449    0.0893    0.0001    0.4244    0.2172        0.0858    0.0047 -270.0065
    0.0856    0.3475    0.0144    0.1466    0.0428    0.1014    0.0001    0.4397    0.2242        0.0632    0.0024 -276.5329
    0.0903    0.3468    0.1473    0.1738    0.0452    0.0974    0.0001    0.4962    0.2442        0.1265    0.0169 -155.1133
    0.0873    0.3465    0.0480    0.1614    0.0437    0.0978    0.0001    0.4209    0.2533        0.0944    0.0148 -162.6484
    0.0859    0.3373    0.0770    0.0977    0.0429    0.0759    0.0001    0.4502    0.1769        0.0823    0.0059 -247.4669
    0.0795    0.3435    0.0262    0.1143    0.0398    0.0977    0.0001    0.4092    0.1598        0.0303   -0.0072 -273.5822
    0.0867    0.3533    0.1372    0.1619    0.0433    0.1106    0.0001    0.5172    0.2416        0.1307   -0.0083 -179.3779
    0.0803    0.3512    0.0280    0.1357    0.0401    0.1079    0.0001    0.4340    0.2291        0.0669   -0.0020 -198.4700
    0.0760    0.3576    0.0159    0.1028    0.0380    0.1256    0.0001    0.5001    0.2206        0.0867    0.0055 -286.4147
    0.0844    0.3492    0.0148    0.1319    0.0422    0.1063    0.0001    0.4550    0.2289        0.0500    0.0051 -314.2509
    0.0849    0.3398    0.0126    0.1132    0.0424    0.1065    0.0001    0.3882    0.1963        0.0853    0.0076 -268.5294
    0.0826    0.3456    0.0138    0.1485    0.0413    0.0955    0.0001    0.4226    0.2134        0.0668    0.0039 -279.8476
    0.0814    0.3469    0.0251    0.1140    0.0407    0.1084    0.0001    0.3901    0.1955        0.0818   -0.0010 -226.6532
    0.0840    0.3445    0.0267    0.1318    0.0420    0.0969    0.0001    0.4169    0.2303        0.0580   -0.0012 -234.1207
    0.0848    0.3384    0.0118    0.1189    0.0424    0.0869    0.0001    0.3572    0.1813        0.0822    0.0053 -262.5906
    0.0826    0.3458    0.0138    0.1397    0.0413    0.0979    0.0001    0.4218    0.2144        0.0690    0.0045 -269.6080
    0.0839    0.3452    0.0499    0.1458    0.0420    0.0879    0.0001    0.4518    0.1764        0.1056    0.0080 -197.8810
    0.0827    0.3456    0.0506    0.1484    0.0413    0.0880    0.0001    0.4448    0.1874        0.0358    0.0082 -207.6914
    0.0864    0.3443    0.0103    0.1333    0.0432    0.1098    0.0001    0.3211    0.3072        0.0925    0.0065 -281.2210
    0.0859    0.3454    0.0100    0.1444    0.0429    0.0994    0.0001    0.3112    0.2997        0.0841   -0.0035 -286.7490
    0.0865    0.3485    0.0905    0.1628    0.0432    0.0932    0.0001    0.5127    0.2550        0.1235    0.0018 -240.7744
    0.0859    0.3486    0.0319    0.1523    0.0430    0.0918    0.0001    0.4966    0.2756        0.1034    0.0030 -257.4822
    0.0892    0.3326    0.0156    0.1231    0.0446    0.0795    0.0001    0.4751    0.2466        0.0814    0.0093 -254.3150
    0.0845    0.3464    0.0144    0.1400    0.0422    0.0990    0.0001    0.4439    0.2225        0.0230    0.0092 -278.1734
    0.0966    0.2963    0.0100    0.0935    0.0483    0.0549    0.0001    0.3198    0.2807        0.0933    0.0141 -230.2168
    0.0881    0.3413    0.0106    0.1405    0.0441    0.0922    0.0001    0.3303    0.3189        0.0758    0.0046 -292.3862
    0.0925    0.3401    0.0277    0.1341    0.0463    0.0915    0.0001    0.4310    0.2086        0.0608    0.0054 -217.2039
    0.0900    0.3431    0.0280    0.1325    0.0450    0.0942    0.0001    0.4377    0.2194        0.0318    0.0053 -221.0670
    0.0883    0.3538    0.1785    0.1689    0.0442    0.1176    0.0001    0.5591    0.2162        0.1007    0.0124 -201.0240
    0.0864    0.3538    0.1344    0.1699    0.0432    0.1139    0.0001    0.5462    0.2193        0.1181    0.0123 -210.7539
    0.0873    0.3505    0.0514    0.1434    0.0436    0.1070    0.0001    0.4671    0.2255        0.0740    0.0090 -146.3564
    0.0873    0.3506    0.0506    0.1477    0.0436    0.1068    0.0001    0.4379    0.2356        0.0493   -0.0022 -149.4545
    0.0899    0.3439    0.1017    0.1451    0.0449    0.0945    0.0001    0.4948    0.2633        0.0882    0.0097 -198.2089
    0.0852    0.3455    0.0158    0.1375    0.0426    0.0994    0.0001    0.4799    0.1684        0.0521    0.0117 -268.1250
    0.0859    0.3460    0.0762    0.1437    0.0429    0.0974    0.0001    0.4273    0.2195        0.1284    0.0028 -179.0928
    0.0857    0.3459    0.0468    0.1438    0.0428    0.0972    0.0001    0.4133    0.2305        0.0666    0.0032 -188.1781
    0.0953    0.3205    0.0152    0.1085    0.0476    0.0584    0.0001    0.4571    0.2497        0.1034    0.0070 -254.9949
    0.0866    0.3455    0.0150    0.1406    0.0433    0.0978    0.0001    0.4607    0.2335        0.0637    0.0077 -284.1287
    0.0848    0.3366    0.0229    0.0886    0.0424    0.1067    0.0001    0.3929    0.2268        0.0315    0.0092 -226.8783
    0.0835    0.3456    0.0284    0.1379    0.0417    0.0977    0.0001    0.4425    0.2348        0.0353    0.0087 -254.9788
    0.0798    0.3528    0.0116    0.1434    0.0399    0.1009    0.0001    0.3573    0.1778        0.0627    0.0055 -263.3860
    0.0807    0.3528    0.0137    0.1429    0.0403    0.1016    0.0001    0.4221    0.2095        0.0717   -0.0034 -269.1324
    0.0776    0.3536    0.0100    0.1539    0.0388    0.1031    0.0001    0.2683    0.3080        0.0823    0.0043 -291.7821
    0.0772    0.3466    0.0100    0.1467    0.0386    0.1037    0.0001    0.3108    0.3036        0.0468    0.0037 -346.7537
    0.0821    0.3488    0.0108    0.1311    0.0410    0.1004    0.0001    0.3274    0.1710        0.0730    0.0153 -262.2794
    0.0827    0.3534    0.0149    0.1583    0.0414    0.1107    0.0001    0.4563    0.2327        0.0487    0.0194 -281.1158
    0.0821    0.3493    0.0100    0.1240    0.0411    0.1061    0.0001    0.3114    0.1570        0.0681    0.0066 -259.3676
    0.0861    0.3465    0.0134    0.1323    0.0431    0.0998    0.0001    0.4123    0.2069        0.0560   -0.0048 -273.7737
    0.0876    0.3380    0.0249    0.1277    0.0438    0.0846    0.0001    0.3857    0.2162        0.1093    0.0041 -247.0018
    0.0850    0.3455    0.0297    0.1426    0.0425    0.0974    0.0001    0.4641    0.2294        0.0806    0.0034 -258.4932
    0.0783    0.3524    0.0129    0.1330    0.0391    0.1104    0.0001    0.3921    0.2031        0.0969    0.0128 -265.7808
    0.0787    0.3533    0.0130    0.1457    0.0394    0.1109    0.0001    0.3974    0.2013        0.0561    0.0134 -272.6466
    0.0865    0.3481    0.1325    0.1732    0.0432    0.1006    0.0001    0.4244    0.1863        0.1140    0.0048 -201.8776
    0.0848    0.3476    0.1381    0.1641    0.0424    0.0996    0.0001    0.4735    0.2514        0.0497    0.0109 -209.7883
    0.0838    0.3446    0.0578    0.1320    0.0419    0.0992    0.0001    0.4702    0.2068        0.0497    0.0033 -244.4618
    0.0811    0.3450    0.0483    0.1363    0.0406    0.0992    0.0001    0.4327    0.2079        0.0576    0.0281 -249.1679
    0.0874    0.3469    0.1602    0.1559    0.0437    0.0981    0.0001    0.4707    0.1791        0.0918    0.0092 -191.0618
    0.0824    0.3461    0.0254    0.1325    0.0412    0.0976    0.0001    0.3964    0.2077        0.0447    0.0112 -216.7469
    0.0895    0.3350    0.0100    0.1061    0.0447    0.0926    0.0001    0.3096    0.1563        0.0532    0.0059 -229.1655
    0.0880    0.3440    0.0125    0.1275    0.0440    0.0997    0.0001    0.3855    0.1940        0.0594    0.0089 -236.8752
    0.0836    0.3423    0.0100    0.1086    0.0418    0.1040    0.0001    0.3107    0.2984        0.1179    0.0189 -282.3146
    0.0821    0.3497    0.0102    0.1543    0.0411    0.0935    0.0001    0.3181    0.3067        0.0872    0.0192 -310.4626
    0.0893    0.3509    0.1835    0.1578    0.0447    0.1068    0.0001    0.5747    0.1525        0.1827    0.0046 -213.7420
    0.0814    0.3536    0.0870    0.1602    0.0407    0.1108    0.0001    0.5055    0.2334        0.0841    0.0063 -240.7760
    0.0863    0.3411    0.0122    0.1153    0.0432    0.1008    0.0001    0.3754    0.1898        0.0680    0.0138 -280.5392
    0.0866    0.3449    0.0141    0.1336    0.0433    0.0976    0.0001    0.4317    0.2182        0.0559    0.0117 -285.0462
    0.0849    0.3577    0.2035    0.1569    0.0425    0.1215    0.0001    0.5913    0.1800        0.0664    0.0086 -209.2898
    0.0811    0.3498    0.0306    0.1363    0.0405    0.1061    0.0001    0.4727    0.1928        0.0672    0.0140 -242.8743
    0.0838    0.3579    0.0100    0.1646    0.0419    0.1101    0.0001    0.7311    0.1573        0.1233   -0.0144 -335.4022
    0.0835    0.3535    0.0100    0.1596    0.0417    0.1108    0.0001    0.7705    0.1573        0.1100   -0.0115 -353.0964
    0.0844    0.3470    0.1302    0.1652    0.0422    0.1007    0.0001    0.3951    0.1982        0.1275   -0.0073 -175.4935
    0.0853    0.3468    0.0538    0.1638    0.0427    0.1005    0.0001    0.4729    0.2256        0.0876   -0.0092 -194.9423
    0.0869    0.3400    0.0308    0.1191    0.0434    0.0871    0.0001    0.4823    0.2032        0.0808    0.0066 -242.5777
    0.0827    0.3495    0.0271    0.1319    0.0414    0.1044    0.0001    0.4228    0.2230        0.0563    0.0074 -257.5108
    0.0831    0.3572    0.0140    0.1401    0.0415    0.1272    0.0001    0.4158    0.2272        0.0925   -0.0029 -288.0707
    0.0804    0.3527    0.0135    0.1357    0.0402    0.1115    0.0001    0.4123    0.2103        0.0704   -0.0030 -296.3433
    0.0812    0.3534    0.0507    0.1582    0.0406    0.1106    0.0001    0.4473    0.1942        0.0994   -0.0053 -254.0433
    0.0796    0.3534    0.0563    0.1543    0.0398    0.1106    0.0001    0.5003    0.2199        0.0745   -0.0059 -259.5344
    0.0861    0.3531    0.0610    0.1625    0.0430    0.1024    0.0001    0.5039    0.2250        0.1343    0.0003 -186.8807
    0.0860    0.3531    0.0548    0.1622    0.0430    0.1024    0.0001    0.4808    0.2528        0.0874    0.0003 -191.9613
    0.0793    0.3586    0.0188    0.1408    0.0397    0.1140    0.0001    0.5748    0.1779        0.1162    0.0169 -231.7657
    0.0841    0.3535    0.0183    0.1616    0.0420    0.1106    0.0001    0.5543    0.1743        0.0846    0.0177 -256.7626
    0.0873    0.3392    0.0264    0.1161    0.0437    0.0904    0.0001    0.4091    0.1479        0.1072    0.0082 -213.2529
    0.0853    0.3527    0.0331    0.1501    0.0427    0.1110    0.0001    0.5152    0.2180        0.0871    0.0002 -225.9971
    0.0871    0.3382    0.0140    0.1232    0.0435    0.0892    0.0001    0.4271    0.1309        0.0709    0.0046 -225.9705
    0.0848    0.3458    0.0161    0.1464    0.0424    0.0973    0.0001    0.4891    0.1617        0.0345    0.0044 -236.9904
    0.0830    0.3511    0.0581    0.1514    0.0415    0.1064    0.0001    0.4866    0.2092        0.1000    0.0097 -206.2315
    0.0825    0.3511    0.0524    0.1484    0.0413    0.1064    0.0001    0.4712    0.2047        0.0810    0.0103 -207.4222
    0.0870    0.3433    0.0413    0.1282    0.0435    0.1008    0.0001    0.3560    0.2435        0.0769    0.0050 -183.6885
    0.0871    0.3440    0.0475    0.1406    0.0436    0.0984    0.0001    0.4153    0.2403        0.0614   -0.0162 -189.1400
    0.0895    0.3355    0.0124    0.1236    0.0447    0.0698    0.0001    0.3824    0.1935        0.0876    0.0144 -256.5551
    0.0810    0.3535    0.0133    0.1540    0.0405    0.1022    0.0001    0.4052    0.2064        0.0640    0.0154 -273.4175
    0.0926    0.3295    0.0122    0.1256    0.0463    0.0690    0.0001    0.3646    0.1998        0.0759    0.0099 -221.7924
    0.0887    0.3445    0.0149    0.1414    0.0443    0.1004    0.0001    0.4589    0.2299        0.0472    0.0111 -247.9969
    0.0847    0.3371    0.0277    0.1109    0.0423    0.0889    0.0001    0.4302    0.1941        0.1431    0.0018 -217.0014
    0.0853    0.3400    0.0275    0.1361    0.0427    0.0869    0.0001    0.4303    0.2207        0.0449    0.0022 -245.6929
    0.0885    0.3225    0.0219    0.0923    0.0443    0.0710    0.0001    0.3408    0.1846        0.0973    0.0047 -233.8959
    0.0834    0.3461    0.0277    0.1412    0.0417    0.0972    0.0001    0.4317    0.2352        0.0746    0.0023 -253.9181
    0.0829    0.3463    0.0733    0.1460    0.0414    0.0972    0.0001    0.4497    0.2004        0.1177    0.0084 -199.2854
    0.0831    0.3471    0.0734    0.1618    0.0416    0.0971    0.0001    0.4823    0.2229        0.0550    0.0083 -210.2292
    0.0842    0.3610    0.1539    0.1597    0.0421    0.1308    0.0001    0.5971    0.2479        0.1097    0.0035 -241.5157
    0.0796    0.3609    0.1047    0.1483    0.0398    0.1309    0.0001    0.5093    0.2531        0.0726    0.0026 -245.2118
    0.0857    0.3470    0.1360    0.1624    0.0429    0.0992    0.0001    0.4851    0.0915        0.1174   -0.0093 -100.5727
    0.0840    0.3470    0.0294    0.1578    0.0420    0.0990    0.0001    0.4590    0.1477        0.0381   -0.0104 -140.5861
    0.0832    0.3505    0.0491    0.1499    0.0416    0.1117    0.0001    0.4338    0.1503        0.1068    0.0032 -136.6460
    0.0842    0.3528    0.0530    0.1567    0.0421    0.1100    0.0001    0.4661    0.2335        0.0716    0.0023 -149.4745
    0.0852    0.3404    0.0261    0.1235    0.0426    0.0889    0.0001    0.4054    0.2226        0.0937    0.0084 -266.4880
    0.0819    0.3448    0.0263    0.1303    0.0409    0.0953    0.0001    0.4110    0.2042        0.0648    0.0082 -272.3709
    0.0812    0.3549    0.0154    0.1523    0.0406    0.1055    0.0001    0.4750    0.2355        0.0833    0.0046 -292.4635
    0.0822    0.3542    0.0153    0.1552    0.0411    0.1000    0.0001    0.4697    0.2369        0.0700    0.0035 -300.5109
    0.0826    0.3448    0.0787    0.1281    0.0413    0.0942    0.0001    0.4903    0.2135        0.0523   -0.0000 -182.3785
    0.0874    0.3439    0.0311    0.1410    0.0437    0.1022    0.0001    0.4837    0.2070        0.0609   -0.0000 -204.1864
    0.0828    0.3471    0.0153    0.1024    0.0414    0.1075    0.0001    0.4598    0.2541        0.0978    0.0065 -263.3568
    0.0866    0.3456    0.0142    0.1394    0.0433    0.0988    0.0001    0.4366    0.2196        0.0841    0.0054 -293.3131
    0.0881    0.3437    0.0152    0.1202    0.0440    0.1083    0.0001    0.4607    0.2425        0.1120    0.0019 -225.2542
    0.0847    0.3470    0.0147    0.1629    0.0424    0.0969    0.0001    0.4496    0.2286        0.0565    0.0022 -251.2526
    0.0733    0.3615    0.0100    0.1381    0.0366    0.1281    0.0001    0.3131    0.3068        0.0967   -0.0027 -371.7792
    0.0765    0.3616    0.0117    0.1463    0.0383    0.1282    0.0001    0.3653    0.3520        0.0626   -0.0018 -378.8893
    0.0914    0.3298    0.0253    0.1177    0.0457    0.0809    0.0001    0.3965    0.2014        0.0528    0.0045 -170.1494
    0.0863    0.3461    0.0293    0.1534    0.0431    0.0976    0.0001    0.4569    0.2297        0.0582    0.0001 -180.8413
    0.0905    0.3343    0.0140    0.1253    0.0453    0.0803    0.0001    0.4279    0.2183        0.0959    0.0057 -317.5360
    0.0815    0.3458    0.0138    0.1301    0.0407    0.0983    0.0001    0.4243    0.2138        0.0825   -0.0091 -330.0718
    0.0784    0.3538    0.0845    0.1515    0.0392    0.1133    0.0001    0.4042    0.1785        0.0761    0.0011 -167.8981
    0.0802    0.3538    0.0794    0.1564    0.0401    0.1133    0.0001    0.4116    0.1787        0.0712    0.0011 -169.8703
    0.0958    0.3159    0.0127    0.0775    0.0479    0.0508    0.0001    0.4000    0.1762        0.0753    0.0148 -258.5641
    0.0830    0.3551    0.0157    0.1456    0.0415    0.1043    0.0001    0.4852    0.2424        0.0518   -0.0034 -301.6196
    0.0888    0.3432    0.0282    0.1295    0.0444    0.1022    0.0001    0.4425    0.2350        0.1219    0.0007 -162.6960
    0.0854    0.3455    0.0258    0.1417    0.0427    0.0979    0.0001    0.4033    0.2120        0.0807    0.0007 -172.3412
    0.0852    0.3617    0.0935    0.1664    0.0426    0.1283    0.0001    0.4850    0.1909        0.1064    0.0063 -142.4168
    0.0829    0.3617    0.1014    0.1607    0.0415    0.1283    0.0001    0.4922    0.1939        0.0916    0.0063 -144.4851
    0.0799    0.3467    0.0263    0.1443    0.0399    0.0987    0.0001    0.4096    0.1827        0.1281    0.0028 -242.9811
    0.0774    0.3470    0.0269    0.1494    0.0387    0.0969    0.0001    0.4188    0.2163        0.0413    0.0029 -263.8870
    0.0834    0.3466    0.0100    0.1535    0.0417    0.0973    0.0001    0.3121    0.3032        0.1457    0.0033 -289.4845
    0.0822    0.3468    0.0100    0.1532    0.0411    0.0971    0.0001    0.3115    0.3007        0.1491    0.0033 -290.1810
    0.0867    0.3474    0.0287    0.1359    0.0433    0.1050    0.0001    0.4493    0.2483        0.1195    0.0088 -203.7348
    0.0870    0.3493    0.0277    0.1344    0.0435    0.1053    0.0001    0.4326    0.2362        0.0529    0.0083 -215.8318
    0.0829    0.3531    0.1126    0.1473    0.0414    0.1106    0.0001    0.3939    0.1818        0.0562    0.0038 -195.9273
    0.0792    0.3531    0.0443    0.1406    0.0396    0.1105    0.0001    0.3925    0.2220        0.0659    0.0044 -207.6102
    0.0907    0.3373    0.0133    0.1284    0.0453    0.0945    0.0001    0.4041    0.2078        0.1223    0.0057 -240.9021
    0.0874    0.3447    0.0143    0.1427    0.0437    0.1001    0.0001    0.4365    0.2234        0.0530    0.0066 -255.6872
    0.0908    0.3270    0.0119    0.1172    0.0454    0.0708    0.0001    0.3662    0.1842        0.0856    0.0123 -251.7606
    0.0845    0.3439    0.0138    0.1346    0.0423    0.0982    0.0001    0.4216    0.2141        0.0398   -0.0113 -267.4916
    0.0785    0.3612    0.0628    0.1463    0.0392    0.1274    0.0001    0.5521    0.2150        0.0824    0.0016 -212.7872
    0.0796    0.3596    0.0565    0.1485    0.0398    0.1244    0.0001    0.4972    0.2422        0.0728    0.0017 -216.7622
    0.0792    0.3614    0.0543    0.1478    0.0396    0.1290    0.0001    0.4811    0.1908        0.0817    0.0027 -208.4500
    0.0804    0.3617    0.0562    0.1518    0.0402    0.1285    0.0001    0.5023    0.2367        0.0494    0.0027 -213.4195
    0.0835    0.3340    0.0100    0.1009    0.0418    0.0981    0.0001    0.3089    0.1552        0.0686    0.0053 -309.6595
    0.0810    0.3463    0.0141    0.1371    0.0405    0.1006    0.0001    0.4339    0.2194        0.0713    0.0039 -327.7978
    0.0782    0.3539    0.0922    0.1490    0.0391    0.1129    0.0001    0.3778    0.2520        0.0331    0.0019 -229.6379
    0.0815    0.3534    0.0601    0.1587    0.0408    0.1106    0.0001    0.4992    0.2398        0.0269    0.0009 -241.2024
    0.0855    0.3467    0.0141    0.1429    0.0427    0.0974    0.0001    0.4058    0.2448        0.0808    0.0063 -295.4290
    0.0825    0.3451    0.0140    0.1341    0.0413    0.0953    0.0001    0.4304    0.2180        0.0605    0.0080 -320.3199
    0.0902    0.3322    0.0410    0.1098    0.0451    0.0848    0.0001    0.3599    0.2425        0.0940    0.0164 -231.9117
    0.0883    0.3401    0.0463    0.1301    0.0441    0.0893    0.0001    0.4111    0.2259        0.0771    0.0288 -238.6449
    0.0840    0.3467    0.0604    0.1622    0.0420    0.0976    0.0001    0.5294    0.2645        0.1222    0.0030 -217.4773
    0.0862    0.3467    0.0589    0.1670    0.0431    0.0977    0.0001    0.4960    0.2523        0.0737    0.0034 -224.4062
    0.0923    0.3532    0.1581    0.1688    0.0461    0.1104    0.0001    0.5719    0.2731        0.1232    0.0129 -181.2856
    0.0896    0.3533    0.1172    0.1665    0.0448    0.1108    0.0001    0.5494    0.2586        0.0485    0.0262 -188.7333
    0.0894    0.3471    0.1961    0.1607    0.0447    0.1013    0.0001    0.4885    0.1649        0.0916    0.0050 -218.5361
    0.0807    0.3445    0.0245    0.1232    0.0403    0.0970    0.0001    0.3828    0.2022        0.0748    0.0098 -249.8223
    0.0917    0.3409    0.1702    0.1577    0.0459    0.0905    0.0001    0.4670    0.1752        0.0627    0.0108 -187.8858
    0.0843    0.3458    0.0279    0.1464    0.0422    0.0969    0.0001    0.4334    0.2549        0.0473    0.0131 -227.8987
    0.0804    0.3545    0.0242    0.1358    0.0402    0.1063    0.0001    0.3767    0.1863        0.0672    0.0087 -227.9212
    0.0804    0.3556    0.0294    0.1408    0.0402    0.1059    0.0001    0.4580    0.2299        0.0625   -0.0094 -235.8131
    0.0828    0.3510    0.0100    0.1430    0.0414    0.1072    0.0001    0.3128    0.3001        0.0871    0.0018 -251.5532
    0.0805    0.3534    0.0101    0.1534    0.0402    0.1119    0.0001    0.3163    0.3043        0.0462    0.0027 -259.1790
    0.1031    0.3293    0.0139    0.1475    0.0516    0.0805    0.0001    0.4122    0.2289        0.0873    0.0111 -222.5694
    0.0863    0.3450    0.0139    0.1454    0.0432    0.0953    0.0001    0.4252    0.2156        0.0427    0.0132 -254.5780
    0.0850    0.3454    0.0100    0.1383    0.0425    0.0972    0.0001    0.3116    0.3016        0.0867   -0.0021 -312.2159
    0.0850    0.3453    0.0100    0.1372    0.0425    0.0973    0.0001    0.3114    0.3015        0.0855   -0.0021 -312.2345
    0.0853    0.3454    0.0886    0.1408    0.0427    0.0964    0.0001    0.4511    0.2295        0.1182    0.0080 -227.7127
    0.0818    0.3452    0.0254    0.1277    0.0409    0.0973    0.0001    0.3964    0.2067        0.0603    0.0110 -249.7735
    0.0973    0.3192    0.0128    0.1102    0.0487    0.0558    0.0001    0.3864    0.2088        0.0772    0.0114 -225.6742
    0.0845    0.3461    0.0132    0.1431    0.0423    0.0974    0.0001    0.4044    0.2040        0.0501    0.0133 -262.7701
    0.0899    0.3564    0.1772    0.1721    0.0450    0.1012    0.0001    0.5281    0.2226        0.0931    0.0053 -194.9413
    0.0844    0.3525    0.0308    0.1448    0.0422    0.1011    0.0001    0.4793    0.2348        0.0810    0.0076 -214.9496
    0.0874    0.3265    0.0146    0.0968    0.0437    0.0929    0.0001    0.4429    0.2342        0.1107    0.0195 -246.1810
    0.0828    0.3463    0.0138    0.1397    0.0414    0.1020    0.0001    0.4223    0.2142        0.0607    0.0199 -288.1272
    0.0983    0.3173    0.0128    0.1079    0.0491    0.0654    0.0001    0.3915    0.2038        0.0707    0.0049 -216.0531
    0.0911    0.3386    0.0138    0.1418    0.0455    0.0847    0.0001    0.4254    0.2129        0.0733    0.0040 -229.7485
    0.0749    0.3577    0.0101    0.1275    0.0374    0.1123    0.0001    0.3151    0.3009        0.1103    0.0042 -299.0635
    0.0825    0.3518    0.0101    0.1363    0.0413    0.1070    0.0001    0.3168    0.3045        0.0863    0.0045 -322.6177
    0.0951    0.3313    0.0137    0.1084    0.0476    0.0907    0.0001    0.4171    0.2138        0.0861    0.0130 -229.6423
    0.0880    0.3445    0.0139    0.1396    0.0440    0.1003    0.0001    0.4266    0.2158        0.0685    0.0128 -242.9883
    0.0841    0.3384    0.0125    0.1066    0.0421    0.1079    0.0001    0.3847    0.2014        0.1040    0.0046 -328.0327
    0.0856    0.3451    0.0147    0.1355    0.0428    0.0979    0.0001    0.4491    0.2284        0.0752    0.0046 -340.5519
    0.0840    0.3344    0.0122    0.1082    0.0420    0.0846    0.0001    0.3812    0.1809        0.0631    0.0027 -252.6389
    0.0851    0.3457    0.0138    0.1369    0.0425    0.0971    0.0001    0.4239    0.2140        0.0562    0.0025 -264.5502
    0.0838    0.3421    0.0585    0.1308    0.0419    0.0902    0.0001    0.4895    0.1910        0.1119    0.0084 -264.5253
    0.0822    0.3463    0.0541    0.1507    0.0411    0.0980    0.0001    0.4769    0.2681        0.0747    0.0099 -278.4219
    0.0931    0.3386    0.0142    0.1495    0.0466    0.0820    0.0001    0.4405    0.1873        0.0831    0.0111 -235.5766
    0.0851    0.3473    0.0150    0.1468    0.0425    0.1002    0.0001    0.4601    0.2327        0.0773    0.0174 -262.4005
    0.0769    0.3596    0.0139    0.1249    0.0385    0.1268    0.0001    0.4260    0.2158        0.0749    0.0031 -226.3297
    0.0824    0.3524    0.0140    0.1477    0.0412    0.1117    0.0001    0.4287    0.2172        0.0762    0.0037 -239.2156
    0.0971    0.3196    0.0254    0.1156    0.0486    0.0633    0.0001    0.3990    0.2001        0.0752    0.0116 -187.3431
    0.0884    0.3409    0.0276    0.1438    0.0442    0.0897    0.0001    0.4317    0.2321        0.0536    0.0130 -203.7690
    0.0818    0.3500    0.0100    0.1289    0.0409    0.1049    0.0001    0.3112    0.3015        0.0777    0.0057 -307.5985
    0.0834    0.3511    0.0102    0.1536    0.0417    0.0915    0.0001    0.3155    0.3061        0.0803    0.0056 -316.3748
    0.0865    0.3522    0.0579    0.1480    0.0432    0.1103    0.0001    0.4658    0.2379        0.0745    0.0084 -191.6806
    0.0871    0.3505    0.0545    0.1444    0.0435    0.1066    0.0001    0.4882    0.2065        0.0712   -0.0332 -196.3413
    0.0841    0.3436    0.0130    0.1282    0.0421    0.1028    0.0001    0.4007    0.2050        0.1019    0.0033 -304.3510
    0.0836    0.3455    0.0141    0.1373    0.0418    0.0966    0.0001    0.4324    0.2201        0.0575    0.0030 -311.0598
    0.0873    0.3452    0.0768    0.1462    0.0437    0.0959    0.0001    0.4201    0.2438        0.1234    0.0024 -195.4511
    0.0857    0.3451    0.0443    0.1402    0.0428    0.0963    0.0001    0.3910    0.2377        0.0708    0.0026 -202.4356
    0.0895    0.3309    0.0142    0.1181    0.0448    0.0847    0.0001    0.4386    0.2186        0.1101    0.0066 -241.9436
    0.0864    0.3454    0.0142    0.1413    0.0432    0.0982    0.0001    0.4365    0.2198        0.0819    0.0066 -258.5377
    0.0878    0.3459    0.1487    0.1701    0.0439    0.0943    0.0001    0.4726    0.1973        0.1062    0.0084 -192.5100
    0.0821    0.3452    0.0262    0.1445    0.0410    0.0945    0.0001    0.4066    0.2342        0.0521    0.0062 -221.7974
    0.0870    0.3431    0.0234    0.1291    0.0435    0.0937    0.0001    0.3605    0.2034        0.1109    0.0091 -161.2041
    0.0864    0.3459    0.0276    0.1510    0.0432    0.0982    0.0001    0.4307    0.2323        0.0424    0.0083 -183.2188
    0.0816    0.3540    0.0540    0.1564    0.0408    0.1001    0.0001    0.4469    0.1842        0.0821    0.0043 -232.8958
    0.0794    0.3539    0.0556    0.1489    0.0397    0.1001    0.0001    0.4815    0.2185        0.0570    0.0048 -237.9618
    0.0808    0.3473    0.0117    0.1141    0.0404    0.1195    0.0001    0.3626    0.1771        0.1375    0.0014 -293.5374
    0.0788    0.3465    0.0143    0.1428    0.0394    0.0975    0.0001    0.4396    0.2242        0.0516    0.0013 -329.3620
    0.0882    0.3399    0.0119    0.1252    0.0441    0.0934    0.0001    0.3679    0.1766        0.1175    0.0088 -217.1566
    0.0852    0.3458    0.0133    0.1397    0.0426    0.0986    0.0001    0.4086    0.2073        0.0510    0.0087 -235.7588
    0.0863    0.3438    0.0151    0.1116    0.0431    0.1026    0.0001    0.4527    0.2461        0.1148    0.0023 -254.9409
    0.0822    0.3520    0.0152    0.1416    0.0411    0.1118    0.0001    0.4691    0.2349        0.0426    0.0024 -280.7467
    0.0786    0.3526    0.0100    0.1363    0.0393    0.1102    0.0001    0.3099    0.3069        0.1375    0.0077 -337.1415
    0.0782    0.3534    0.0100    0.1475    0.0391    0.1106    0.0001    0.3112    0.3028        0.1504    0.0078 -342.5782
    0.0873    0.3451    0.1323    0.1431    0.0436    0.0951    0.0001    0.4508    0.1511        0.1017    0.0069 -181.9383
    0.0808    0.3500    0.0475    0.1368    0.0404    0.1035    0.0001    0.4194    0.1817        0.0423    0.0142 -191.1118
    0.0841    0.3597    0.1038    0.1612    0.0421    0.1242    0.0001    0.5203    0.2526        0.0849    0.0096 -184.2867
    0.0804    0.3596    0.0306    0.1496    0.0402    0.1242    0.0001    0.4778    0.2636        0.0454   -0.0116 -200.7735
    0.0870    0.3375    0.0129    0.1411    0.0435    0.0808    0.0001    0.3938    0.2023        0.1270    0.0070 -292.2624
    0.0832    0.3472    0.0145    0.1522    0.0416    0.0997    0.0001    0.4445    0.2263        0.0882    0.0060 -308.8356
    0.0869    0.3364    0.0152    0.1164    0.0434    0.0814    0.0001    0.4001    0.2013        0.0847    0.0050 -195.1344
    0.0859    0.3450    0.0131    0.1326    0.0430    0.0979    0.0001    0.4013    0.2043        0.0771    0.0038 -251.3464
    0.0777    0.3504    0.0132    0.1390    0.0388    0.1059    0.0001    0.4038    0.2044        0.0848    0.0003 -301.8922
    0.0778    0.3505    0.0135    0.1429    0.0389    0.1054    0.0001    0.4161    0.2095        0.0676    0.0003 -303.0525
    0.0868    0.3390    0.0289    0.1420    0.0434    0.0877    0.0001    0.4525    0.1869        0.0330    0.0084 -180.9147
    0.0853    0.3446    0.0294    0.1468    0.0427    0.0935    0.0001    0.4569    0.1910        0.0636    0.0034 -186.6261
    0.0914    0.3466    0.1559    0.1565    0.0457    0.0995    0.0001    0.5416    0.2759        0.0896    0.0116 -208.5077
    0.0836    0.3461    0.0282    0.1350    0.0418    0.1003    0.0001    0.4407    0.2073        0.0804    0.0128 -226.7554
    0.0810    0.3535    0.1046    0.1573    0.0405    0.1108    0.0001    0.4418    0.2151        0.1073    0.0014 -238.5773
    0.0817    0.3536    0.1006    0.1597    0.0408    0.1108    0.0001    0.5113    0.2665        0.0648    0.0010 -246.9814
    0.0864    0.3314    0.0141    0.0887    0.0432    0.0905    0.0001    0.2254    0.2110        0.0998    0.0067 -209.4010
    0.0810    0.3532    0.0221    0.1409    0.0405    0.1074    0.0001    0.3554    0.3280        0.0527    0.0077 -244.0184
    0.0876    0.3378    0.0100    0.1219    0.0438    0.0888    0.0001    0.3080    0.3034        0.0598    0.0142 -298.1418
    0.0843    0.3454    0.0100    0.1470    0.0422    0.0961    0.0001    0.3130    0.3035        0.0830   -0.0157 -307.2376
    0.0976    0.3192    0.0300    0.1057    0.0488    0.0507    0.0001    0.4109    0.1976        0.1053    0.0091 -143.4567
    0.0893    0.3454    0.0287    0.1467    0.0446    0.0976    0.0001    0.4452    0.2519        0.0572    0.0031 -187.6993
    0.0827    0.3442    0.0763    0.1326    0.0413    0.0982    0.0001    0.4335    0.1942        0.0963    0.0088 -214.8055
    0.0806    0.3454    0.0472    0.1349    0.0403    0.0964    0.0001    0.4173    0.1813        0.0668    0.0012 -217.9647
    0.0879    0.3450    0.0823    0.1374    0.0439    0.0964    0.0001    0.3728    0.2047        0.1079    0.0143 -161.1927
    0.0871    0.3450    0.0397    0.1314    0.0435    0.0966    0.0001    0.3509    0.2148        0.0652    0.0083 -166.8830
    0.0897    0.3376    0.0138    0.1303    0.0448    0.0971    0.0001    0.4288    0.2074        0.1093    0.0121 -283.0058
    0.0838    0.3508    0.0160    0.1537    0.0419    0.0923    0.0001    0.4920    0.2543        0.0487    0.0153 -310.2631
    0.0841    0.3464    0.0100    0.1386    0.0421    0.0987    0.0001    0.3083    0.2991        0.1056    0.0062 -331.9499
    0.0825    0.3468    0.0100    0.1357    0.0412    0.1001    0.0001    0.3132    0.3028        0.0485    0.0074 -342.5673
    0.0928    0.3280    0.0292    0.1199    0.0464    0.0738    0.0001    0.4560    0.2048        0.0813    0.0124 -203.4611
    0.0853    0.3481    0.0295    0.1330    0.0427    0.1086    0.0001    0.4630    0.2338        0.0253    0.0132 -220.4216
    0.0749    0.3753    0.0373    0.1213    0.0375    0.1670    0.0001    0.5787    0.2246        0.0941   -0.0010 -252.8802
    0.0761    0.3669    0.0335    0.1380    0.0380    0.1391    0.0001    0.5261    0.2545        0.0611   -0.0011 -272.9975
    0.0810    0.3533    0.0560    0.1539    0.0405    0.1105    0.0001    0.4929    0.2762        0.0843    0.0097 -235.6570
    0.0798    0.3533    0.0593    0.1518    0.0399    0.1106    0.0001    0.5309    0.2276        0.0657    0.0107 -241.3232
    0.0779    0.3530    0.0279    0.1300    0.0389    0.1077    0.0001    0.4357    0.1942        0.0192    0.0079 -229.7928
    0.0807    0.3514    0.0280    0.1426    0.0403    0.0995    0.0001    0.4364    0.2282        0.0595    0.0112 -238.2391
    0.0840    0.3527    0.0143    0.1509    0.0420    0.1082    0.0001    0.4424    0.2179        0.0478    0.0106 -326.3558
    0.0800    0.3514    0.0139    0.1359    0.0400    0.1079    0.0001    0.4286    0.2157        0.0634    0.0141 -339.9456
    0.0835    0.3442    0.0246    0.1222    0.0417    0.0893    0.0001    0.3842    0.1516        0.0984    0.0093 -247.3163
    0.0859    0.3457    0.0287    0.1378    0.0430    0.0887    0.0001    0.4492    0.2179        0.0625   -0.0035 -259.7818
    0.0845    0.3418    0.0283    0.1218    0.0422    0.0990    0.0001    0.4374    0.1899        0.1453    0.0046 -199.6905
    0.0854    0.3453    0.0284    0.1413    0.0427    0.0979    0.0001    0.4450    0.2285        0.0655    0.0049 -218.0349
    0.0840    0.3523    0.0756    0.1476    0.0420    0.1096    0.0001    0.5034    0.1990        0.1107    0.0005 -208.2602
    0.0838    0.3514    0.0509    0.1411    0.0419    0.1078    0.0001    0.4473    0.2225        0.0904    0.0006 -212.6579
    0.0880    0.3525    0.0155    0.1668    0.0440    0.0983    0.0001    0.4850    0.2143        0.0447   -0.0064 -256.1520
    0.0855    0.3449    0.0147    0.1388    0.0428    0.0997    0.0001    0.4525    0.2289        0.0653   -0.0051 -295.7423
    0.0836    0.3432    0.0132    0.1271    0.0418    0.0864    0.0001    0.4057    0.2029        0.0912    0.0072 -262.0057
    0.0792    0.3495    0.0139    0.1530    0.0396    0.0964    0.0001    0.4270    0.2172        0.0483    0.0075 -278.0736
    0.0858    0.3471    0.0287    0.1506    0.0429    0.0919    0.0001    0.4479    0.2357        0.0878    0.0028 -238.1717
    0.0793    0.3534    0.0293    0.1532    0.0396    0.1036    0.0001    0.4573    0.2100        0.0810    0.0027 -249.4851
    0.0839    0.3528    0.1440    0.1500    0.0420    0.1107    0.0001    0.5085    0.2853        0.0874    0.0095 -219.1110
    0.0791    0.3512    0.0257    0.1220    0.0395    0.1119    0.0001    0.4007    0.2055        0.0393    0.0140 -238.0671
    0.0837    0.3468    0.0801    0.1472    0.0418    0.0998    0.0001    0.4620    0.1804        0.0718    0.0030 -203.8868
    0.0839    0.3460    0.0509    0.1407    0.0420    0.0976    0.0001    0.4511    0.2114        0.0278    0.0035 -211.1976
    0.0965    0.3258    0.0100    0.1332    0.0483    0.0534    0.0001    0.2975    0.2808        0.0448    0.0152 -308.1633
    0.0823    0.3470    0.0102    0.1281    0.0411    0.0967    0.0001    0.3243    0.3075        0.0349    0.0102 -344.0620
    0.0839    0.3536    0.0998    0.1634    0.0419    0.1116    0.0001    0.5042    0.1897        0.0798    0.0209 -178.4743
    0.0892    0.3534    0.0901    0.1733    0.0446    0.1109    0.0001    0.5010    0.2367        0.0458    0.0233 -183.9972
    0.0776    0.3565    0.0287    0.1255    0.0388    0.1203    0.0001    0.4444    0.2610        0.1257    0.0084 -216.5336
    0.0776    0.3619    0.0320    0.1468    0.0388    0.1291    0.0001    0.4997    0.2584        0.0340    0.0086 -244.8191
    0.0832    0.3612    0.1601    0.1526    0.0416    0.1284    0.0001    0.5598    0.2475        0.1505    0.0142 -213.8244
    0.0775    0.3595    0.0140    0.1335    0.0387    0.1239    0.0001    0.4310    0.2185        0.0780    0.0370 -304.5598
    0.0863    0.3448    0.0262    0.1346    0.0432    0.0983    0.0001    0.4087    0.2337        0.1081    0.0024 -204.7839
    0.0823    0.3503    0.0258    0.1436    0.0412    0.1052    0.0001    0.4022    0.2270        0.0668   -0.0132 -212.1696
    0.0840    0.3488    0.0579    0.1373    0.0420    0.1056    0.0001    0.4938    0.1701        0.1307    0.0087 -202.2325
    0.0834    0.3496    0.0547    0.1431    0.0417    0.1051    0.0001    0.4809    0.2055        0.0521    0.0081 -216.4150
    0.0875    0.3328    0.0100    0.1200    0.0437    0.0727    0.0001    0.3154    0.1601        0.0605    0.0043 -262.0878
    0.0808    0.3535    0.0149    0.1560    0.0404    0.1105    0.0001    0.4569    0.2282        0.0289    0.0032 -295.6584
    0.0847    0.3416    0.0126    0.1234    0.0424    0.0895    0.0001    0.3574    0.1170        0.0204   -0.0063 -261.3050
    0.0844    0.3470    0.0141    0.1388    0.0422    0.0999    0.0001    0.4310    0.2199        0.0292   -0.0046 -308.0674
    0.0875    0.3467    0.0892    0.1633    0.0438    0.0973    0.0001    0.4960    0.2637        0.0953    0.0002 -190.2723
    0.0853    0.3467    0.0534    0.1587    0.0426    0.0973    0.0001    0.4712    0.2321        0.0749    0.0002 -193.6205
    0.0913    0.3339    0.0137    0.1097    0.0456    0.0867    0.0001    0.4160    0.2193        0.0994    0.0072 -330.4852
    0.0850    0.3438    0.0138    0.1206    0.0425    0.1000    0.0001    0.4219    0.2174        0.0605   -0.0003 -341.4380
    0.0867    0.3372    0.0116    0.1149    0.0434    0.0745    0.0001    0.3575    0.1789        0.0872    0.0165 -312.7243
    0.0842    0.3488    0.0146    0.1415    0.0421    0.0932    0.0001    0.4483    0.2256        0.0568    0.0016 -326.2697
    0.0793    0.3593    0.0533    0.1482    0.0396    0.1176    0.0001    0.4668    0.1967        0.1058    0.0161 -154.2016
    0.0810    0.3593    0.0541    0.1539    0.0405    0.1176    0.0001    0.4662    0.2219        0.0637    0.0183 -159.2733
    0.0834    0.3502    0.0994    0.1528    0.0417    0.1061    0.0001    0.4957    0.2155        0.0455    0.0084 -190.8426
    0.0820    0.3503    0.0512    0.1449    0.0410    0.1046    0.0001    0.4574    0.2028        0.0678    0.0067 -196.6417
    0.0905    0.3437    0.1038    0.1580    0.0453    0.0966    0.0001    0.5013    0.2722        0.0912   -0.0067 -214.9923
    0.0847    0.3443    0.0294    0.1444    0.0424    0.0975    0.0001    0.4593    0.2452        0.0429   -0.0098 -230.8391
    0.0908    0.3254    0.0100    0.1196    0.0454    0.0593    0.0001    0.2910    0.2748        0.0689    0.0081 -255.4012
    0.0802    0.3501    0.0100    0.1500    0.0401    0.0943    0.0001    0.3112    0.3002        0.0567    0.0066 -294.5750
    0.0853    0.3446    0.0896    0.1442    0.0426    0.0995    0.0001    0.4973    0.2446        0.0997    0.0079 -278.6362
    0.0830    0.3444    0.0527    0.1363    0.0415    0.0997    0.0001    0.4638    0.2371        0.0701    0.0132 -281.5967
    0.0961    0.3276    0.0146    0.1402    0.0481    0.0787    0.0001    0.4577    0.2059        0.1265    0.0026 -229.6735
    0.0846    0.3452    0.0145    0.1487    0.0423    0.0978    0.0001    0.4451    0.2228        0.0555    0.0020 -262.9175
    0.0843    0.3573    0.0753    0.1440    0.0421    0.1209    0.0001    0.4606    0.2648        0.1136   -0.0011 -163.1281
    0.0853    0.3532    0.0743    0.1573    0.0427    0.1110    0.0001    0.4488    0.2463        0.0868   -0.0011 -173.6805
    0.0777    0.3531    0.0377    0.1360    0.0389    0.1079    0.0001    0.3389    0.2014        0.0916    0.0134 -226.2098
    0.0820    0.3532    0.0389    0.1357    0.0410    0.0996    0.0001    0.3794    0.2074        0.0929    0.0131 -230.8895
    0.0856    0.3475    0.1048    0.1637    0.0428    0.0993    0.0001    0.4851    0.2191        0.0907    0.0190 -170.6089
    0.0853    0.3475    0.1028    0.1623    0.0426    0.0991    0.0001    0.4877    0.2136        0.0614    0.0233 -171.7451
    0.0807    0.3543    0.0100    0.1597    0.0403    0.1125    0.0001    0.3033    0.2755        0.0487    0.0041 -327.0588
    0.0771    0.3542    0.0102    0.1496    0.0385    0.1125    0.0001    0.3176    0.3071        0.0534    0.0042 -348.4953
    0.0967    0.3096    0.0103    0.1086    0.0483    0.0413    0.0001    0.3300    0.2996        0.1130    0.0178 -239.1839
    0.0824    0.3534    0.0104    0.1588    0.0412    0.1107    0.0001    0.3209    0.3138        0.0891   -0.0002 -280.0068
    0.0844    0.3454    0.1227    0.1440    0.0422    0.0967    0.0001    0.4387    0.1723        0.1229    0.0040 -216.7292
    0.0842    0.3464    0.1141    0.1652    0.0421    0.0956    0.0001    0.4936    0.2399        0.0600    0.0032 -229.3307
    0.0829    0.3485    0.0147    0.1375    0.0415    0.1062    0.0001    0.4503    0.2284        0.0563    0.0159 -281.6956
    0.0829    0.3513    0.0146    0.1376    0.0414    0.1060    0.0001    0.4475    0.2285        0.0565    0.0160 -284.3098
    0.0893    0.3526    0.2178    0.1641    0.0446    0.1214    0.0001    0.6033    0.2125        0.0900    0.0154 -189.7631
    0.0874    0.3534    0.1837    0.1703    0.0437    0.1107    0.0001    0.5396    0.2518        0.0764    0.0242 -205.6995
    0.0835    0.3527    0.0309    0.1489    0.0417    0.1229    0.0001    0.4780    0.2339        0.0726    0.0164 -225.0390
    0.0816    0.3524    0.0309    0.1497    0.0408    0.1198    0.0001    0.4829    0.2322        0.0582    0.0170 -229.8081
    0.0850    0.3371    0.0156    0.1045    0.0425    0.0857    0.0001    0.4567    0.2719        0.0092   -0.0121 -294.8057
    0.0797    0.3474    0.0141    0.1340    0.0398    0.1001    0.0001    0.4347    0.2201        0.0128   -0.0152 -336.6217
    0.0869    0.3327    0.0116    0.0980    0.0434    0.1043    0.0001    0.3565    0.1779        0.0493    0.0110 -222.6709
    0.0892    0.3390    0.0136    0.1356    0.0446    0.0875    0.0001    0.4174    0.2099        0.0649   -0.0062 -239.3889
    0.0854    0.3456    0.0554    0.1467    0.0427    0.0964    0.0001    0.4416    0.2111        0.0781    0.0102 -176.9081
    0.0855    0.3463    0.0527    0.1585    0.0427    0.0976    0.0001    0.4639    0.2201        0.0655    0.0102 -179.2521
    0.0891    0.3462    0.1213    0.1583    0.0445    0.0972    0.0001    0.5342    0.2019        0.0919    0.0099 -192.5332
    0.0828    0.3460    0.0288    0.1406    0.0414    0.0971    0.0001    0.4476    0.1719        0.0919    0.0127 -209.2626
    0.0820    0.3424    0.0243    0.1194    0.0410    0.0928    0.0001    0.3786    0.1119        0.0624    0.0156 -189.3857
    0.0826    0.3452    0.0271    0.1344    0.0413    0.0959    0.0001    0.4225    0.1817        0.0476   -0.0004 -199.9200
    0.0823    0.3478    0.0503    0.1335    0.0412    0.0997    0.0001    0.4501    0.2374        0.0450    0.0013 -264.6623
    0.0812    0.3502    0.0516    0.1384    0.0406    0.1044    0.0001    0.4596    0.2198        0.0578    0.0012 -267.9500
    0.0772    0.3569    0.0350    0.1084    0.0386    0.1351    0.0001    0.5509    0.2031        0.0546    0.0055 -175.6181
    0.0815    0.3465    0.0282    0.1499    0.0408    0.0976    0.0001    0.4406    0.2015        0.0515    0.0058 -216.6789
    0.0813    0.3554    0.0139    0.1361    0.0406    0.1216    0.0001    0.4348    0.2012        0.1189    0.0077 -269.5199
    0.0860    0.3456    0.0137    0.1349    0.0430    0.0974    0.0001    0.4217    0.2140        0.0569    0.0117 -287.6381
    0.0875    0.3416    0.1196    0.1717    0.0438    0.0904    0.0001    0.5375    0.2428        0.0560    0.0224 -199.6473
    0.0836    0.3416    0.0536    0.1640    0.0418    0.0903    0.0001    0.4674    0.2544        0.0626    0.0253 -204.8545
    0.0876    0.3392    0.0247    0.1231    0.0438    0.0968    0.0001    0.3844    0.1280        0.0645    0.0021 -154.5158
    0.0860    0.3419    0.0240    0.1363    0.0430    0.0952    0.0001    0.3742    0.2083        0.0592    0.0014 -167.3778
    0.0869    0.3457    0.1064    0.1437    0.0435    0.0978    0.0001    0.4718    0.2467        0.1002    0.0104 -251.0665
    0.0834    0.3453    0.0487    0.1306    0.0417    0.0981    0.0001    0.4315    0.2095        0.0614    0.0140 -256.8412
    0.0901    0.3301    0.0100    0.1025    0.0451    0.0880    0.0001    0.3041    0.2966        0.0755    0.0059 -318.5855
    0.0854    0.3455    0.0105    0.1369    0.0427    0.0963    0.0001    0.3255    0.3167        0.0574   -0.0179 -331.6853
    0.0859    0.3533    0.1689    0.1644    0.0430    0.1105    0.0001    0.5568    0.2980        0.1287    0.0003 -235.6575
    0.0866    0.3535    0.1725    0.1722    0.0433    0.1105    0.0001    0.5906    0.2891        0.0952    0.0003 -238.7086
    0.0947    0.3156    0.0246    0.0968    0.0473    0.0484    0.0001    0.3782    0.1501        0.0280    0.0112 -165.8974
    0.0879    0.3442    0.0280    0.1374    0.0439    0.0991    0.0001    0.4371    0.2169        0.0352   -0.0051 -190.6280
    0.0959    0.3468    0.1819    0.1846    0.0479    0.0970    0.0001    0.5693    0.2146        0.1242    0.0087 -164.1312
    0.0878    0.3449    0.0306    0.1372    0.0439    0.0984    0.0001    0.4781    0.2102        0.0853    0.0167 -189.6893
    0.0893    0.3441    0.0745    0.1430    0.0446    0.0846    0.0001    0.4092    0.1857        0.0861    0.0097 -190.6045
    0.0852    0.3525    0.0516    0.1462    0.0426    0.1023    0.0001    0.4604    0.2055        0.0528    0.0079 -202.3368
    0.0823    0.3528    0.0146    0.1580    0.0411    0.1099    0.0001    0.4309    0.2456        0.0717    0.0245 -242.6908
    0.0830    0.3466    0.0144    0.1472    0.0415    0.1007    0.0001    0.4409    0.2238        0.0409    0.0301 -255.5140
    0.0870    0.3416    0.0100    0.1303    0.0435    0.0911    0.0001    0.3107    0.3045        0.0988    0.0092 -261.9229
    0.0851    0.3444    0.0100    0.1350    0.0426    0.0956    0.0001    0.3121    0.2991        0.0539   -0.0023 -269.3976
    0.0935    0.3464    0.1703    0.1693    0.0467    0.0970    0.0001    0.4830    0.2464        0.1155    0.0095 -204.0773
    0.0836    0.3468    0.0474    0.1341    0.0418    0.1002    0.0001    0.4197    0.2072        0.0528    0.0114 -217.1322
    0.0854    0.3341    0.0100    0.1189    0.0427    0.0776    0.0001    0.1595    0.2663        0.0956    0.0112 -109.1706
    0.0824    0.3461    0.0100    0.1411    0.0412    0.0975    0.0001    0.1630    0.3016        0.0581    0.0102 -144.8989
    0.0834    0.3437    0.0137    0.1195    0.0417    0.0934    0.0001    0.4208    0.2112        0.0929    0.0051 -259.3589
    0.0813    0.3518    0.0138    0.1488    0.0406    0.1001    0.0001    0.4199    0.2153        0.0412    0.0054 -276.6277
    0.0860    0.3431    0.0145    0.1231    0.0430    0.0970    0.0001    0.4436    0.1323        0.0814    0.0081 -271.1400
    0.0774    0.3541    0.0151    0.1536    0.0387    0.1128    0.0001    0.4593    0.1495        0.0693    0.0069 -283.5085
    0.0847    0.3436    0.0136    0.1145    0.0424    0.0987    0.0001    0.4213    0.1241        0.0336    0.0130 -236.3913
    0.0845    0.3470    0.0137    0.1266    0.0422    0.0967    0.0001    0.4165    0.1426        0.0319    0.0136 -242.4719
    0.0821    0.3367    0.0117    0.1124    0.0411    0.0900    0.0001    0.3571    0.1857        0.1064    0.0071 -289.3774
    0.0829    0.3445    0.0146    0.1442    0.0415    0.0988    0.0001    0.4466    0.2313        0.0462   -0.0231 -315.0723
    0.0855    0.3456    0.0266    0.1395    0.0427    0.1036    0.0001    0.4156    0.2034        0.1344    0.0141 -209.5280
    0.0815    0.3500    0.0270    0.1386    0.0407    0.1057    0.0001    0.4228    0.2177        0.0611    0.0146 -223.2305
    0.0967    0.3420    0.0195    0.1474    0.0483    0.0901    0.0001    0.6045    0.2378        0.1018   -0.0019 -278.9736
    0.0840    0.3442    0.0140    0.1339    0.0420    0.0930    0.0001    0.4283    0.2179        0.0703   -0.0012 -335.8162
    0.0942    0.3343    0.0100    0.1526    0.0471    0.0635    0.0001    0.3097    0.2953        0.1480   -0.0007 -279.4263
    0.0853    0.3461    0.0100    0.1458    0.0426    0.0979    0.0001    0.3108    0.3021        0.1515   -0.0004 -309.5904
    0.0861    0.3536    0.1533    0.1636    0.0430    0.1114    0.0001    0.4996    0.1310        0.0798    0.0177 -224.0761
    0.0832    0.3506    0.0516    0.1480    0.0416    0.1044    0.0001    0.4605    0.2600        0.0824    0.0162 -257.7463
    0.0804    0.3430    0.0232    0.1113    0.0402    0.0988    0.0001    0.3621    0.1909        0.0800    0.0098 -266.3984
    0.0813    0.3452    0.0280    0.1273    0.0407    0.0976    0.0001    0.4390    0.2242        0.0535   -0.0094 -276.2294
