    0.0650    0.3288    0.0182    0.0019    0.0325    0.0773    0.0001    0.5460    0.2876        0.1949   -0.0065  -18.8394
    0.0650    0.3280    0.0193    0.0020    0.0325    0.0678    0.0001    0.5940    0.2961        0.1581   -0.0061  -19.0854
    0.1109    0.3296    0.0119    0.1536    0.0555    0.0350    0.0001    0.4357    0.3089        0.3456    0.0094   -7.2442
    0.1101    0.3183    0.0101    0.1183    0.0550    0.0312    0.0001    0.3197    0.3073        0.3124    0.0880   -9.6447
    0.0683    0.3265    0.0656    0.1188    0.0342    0.0303    0.0001    0.6136    0.0845        0.1271   -0.0016   -9.8667
    0.0734    0.3278    0.0783    0.1511    0.0367    0.0303    0.0001    0.7102    0.0778        0.1446   -0.0019  -11.9469
    0.0651    0.3479    0.2572    0.1321    0.0325    0.0864    0.0001    0.4285    0.1725        0.0604    0.0084  -13.3927
    0.0650    0.3453    0.2535    0.1313    0.0325    0.0802    0.0001    0.4172    0.1714        0.0647    0.0082  -14.7191
    0.1321    0.2848    0.2609    0.0932    0.0660    0.0567    0.0001    0.3938   -0.0048        0.2221    0.0154    0.7610
    0.1408    0.2823    0.2991    0.0002    0.0704    0.0301    0.0001    0.4562   -0.0159        0.4319    0.1448   -0.4230
    0.0652    0.3334    0.2998    0.0169    0.0326    0.1239    0.0001    0.2810    0.1663        0.0679    0.0020  -11.3797
    0.0663    0.3341    0.2903    0.0044    0.0331    0.1264    0.0001    0.3585    0.2372        0.2074    0.0205  -11.6549
    0.0806    0.3057    0.2342    0.0133    0.0403    0.0700    0.0001    0.1785    0.5464       -0.1065   -0.0016   -8.0672
    0.0892    0.2942    0.2991    0.0009    0.0446    0.0301    0.0001    0.1824    0.4954       -0.3025    0.0732   -9.2547
    0.0650    0.3610    0.2389    0.1327    0.0325    0.0627    0.0001    0.6642    0.2283        0.0881    0.0087  -10.1547
    0.0677    0.3663    0.1770    0.1387    0.0338    0.0636    0.0001    0.9873    0.2329        0.0807    0.0093  -11.2821
    0.1210    0.3351    0.3000    0.0056    0.0605    0.0300    0.0001    1.3025    0.0411        0.0721    0.0155   -6.6288
    0.1096    0.3599    0.2409    0.1649    0.0548    0.0321    0.0001    2.1171    0.0673       -0.0529    0.1372   -7.5662
    0.0820    0.3499    0.1317    0.1024    0.0410    0.1229    0.0001    0.7546    0.6152        0.0441    0.0131  -10.3281
    0.0650    0.3645    0.1006    0.1334    0.0325    0.1128    0.0001    1.5702    0.5073        0.0461    0.0045  -13.1241
    0.0814    0.3486    0.1267    0.0633    0.0407    0.1184    0.0001    1.1471    0.2119        0.1180   -0.0259  -11.2966
    0.0774    0.3548    0.0332    0.0887    0.0387    0.1183    0.0001    1.0358    0.2236        0.2971   -0.0204  -13.8138
    0.0650    0.3807    0.2836    0.1309    0.0325    0.0799    0.0001    0.6591    0.1690        0.0289    0.0113  -12.6666
    0.0683    0.3754    0.2485    0.1378    0.0342    0.0798    0.0001    0.5938    0.1940        0.0213    0.0099  -12.5055
    0.0752    0.3439    0.0101    0.1691    0.0376    0.0317    0.0001    0.8057    0.0086        0.1187    0.0180   -8.3850
    0.0758    0.3375    0.0103    0.1696    0.0379    0.0320    0.0001    0.8080    0.0103        0.0844    0.0182   -8.9395
    0.0840    0.3707    0.0932    0.0736    0.0420    0.1413    0.0001    1.5342    0.1725        0.2184    0.0220   -7.5903
    0.0949    0.3794    0.2707    0.0003    0.0474    0.1557    0.0001    8.2979   -0.0103        0.3245   -0.0919  -13.7582
    0.1002    0.3177    0.2577    0.0075    0.0501    0.0975    0.0001    0.6478    0.2876        0.0848    0.0073   -6.7352
    0.0975    0.3351    0.2091    0.1322    0.0488    0.0927    0.0001    0.6828    0.2550        0.1568   -0.1336   -7.5947
    0.0701    0.3452    0.1655    0.0885    0.0350    0.1328    0.0001    0.5810    0.3911        0.0280    0.0047   -8.0147
    0.0709    0.3418    0.0260    0.1145    0.0355    0.1062    0.0001    0.7975    0.2213        0.0354    0.0044   -9.8720
    0.0903    0.3354    0.2934    0.0021    0.0451    0.0840    0.0001    0.1240    0.2573        0.0870    0.0037   -4.0984
    0.0789    0.3366    0.0105    0.0030    0.0395    0.0781    0.0001    0.0943    0.1637       -0.0051    0.0076   -4.5240
    0.0718    0.3492    0.3000    0.1478    0.0359    0.0607    0.0001    0.3928    0.1826        0.1072    0.0062   -6.9256
    0.0790    0.3533    0.2933    0.1631    0.0395    0.0607    0.0001    0.3982    0.1850        0.1116    0.0059   -7.2953
    0.0731    0.3660    0.2989    0.1504    0.0366    0.0925    0.0001    0.3280    0.2528        0.1117    0.0100   -5.9548
    0.0724    0.3599    0.2923    0.1494    0.0362    0.0927    0.0001    0.3262    0.2338        0.1083    0.0098   -5.4825
    0.0792    0.3217    0.0104    0.1536    0.0396    0.0343    0.0001    0.2994    0.3195       -0.0768   -0.0076   -6.0818
    0.0836    0.3243    0.0102    0.1726    0.0418    0.0345    0.0001    0.3206    0.2976       -0.0661   -0.0076   -8.2260
    0.0650    0.3998    0.1623    0.1329    0.0325    0.1235    0.0001    0.5721    0.0692        0.0630    0.0136   -8.2081
    0.0651    0.4080    0.2063    0.1328    0.0325    0.1235    0.0001    0.6957    0.0478        0.0521    0.0132   -8.3009
    0.0954    0.4027    0.2015    0.1049    0.0477    0.1394    0.0001    1.8339    0.1566        0.1778   -0.0346   -4.9047
    0.1107    0.4078    0.2996    0.1304    0.0553    0.1456    0.0001    4.3093    0.0072       -0.0806    0.0354   -9.6989
    0.0933    0.3133    0.1874    0.0375    0.0466    0.0302    0.0001   -0.0492    0.3818        0.1671    0.0070   -6.1363
    0.1096    0.3095    0.2999    0.0025    0.0548    0.0302    0.0001   -0.0648    0.4985        0.3338   -0.2819   -7.4768
    0.0898    0.3456    0.2996    0.1858    0.0449    0.0324    0.0001    0.1640    0.1519        0.0756    0.0023   -6.0691
    0.0962    0.3413    0.2946    0.1992    0.0481    0.0338    0.0001    0.1712    0.1663        0.0677    0.0024   -4.9897
    0.0887    0.3406    0.0123    0.0330    0.0443    0.1315    0.0001    0.9801    0.0532        0.1784    0.0056   -9.5305
    0.0854    0.3434    0.0108    0.0018    0.0427    0.1550    0.0001    0.8560    0.0957        0.1669    0.0040   -9.9766
    0.0653    0.3417    0.2625    0.1224    0.0327    0.0719    0.0001    0.4856    0.8999       -0.0866    0.0349  -11.6634
    0.0676    0.3430    0.2994    0.1391    0.0338    0.0728    0.0001    0.4260    0.8996       -0.0794    0.0417  -14.2833
    0.0688    0.3344    0.2988    0.1400    0.0344    0.0309    0.0001    0.3880    0.1229        0.1691    0.0063  -12.6833
    0.0673    0.3365    0.2880    0.1373    0.0337    0.0309    0.0001    0.4175    0.1283        0.1581    0.0061  -12.6984
    0.0863    0.3207    0.3000    0.0992    0.0431    0.0300    0.0001   -0.2111    0.4086        0.0766    0.0110   -6.9528
    0.0864    0.3448    0.0100    0.1779    0.0432    0.0324    0.0001   -0.2885    0.7633        0.1186    0.0158  -11.8602
    0.0871    0.3154    0.2583    0.0223    0.0436    0.0571    0.0001    0.0166    0.0158        0.0199    0.0069   -4.5387
    0.0795    0.3237    0.1834    0.0049    0.0397    0.0790    0.0001    0.0309    0.0528        0.1004   -0.1363   -5.2278
    0.1261    0.3691    0.0100    0.2656    0.0630    0.3243    0.0001    0.6221    0.0742        0.2669    0.0168   -4.5172
    0.1158    0.3691    0.0105    0.2426    0.0579    0.3243    0.0001    0.7691    0.1090        0.2537    0.0179   -6.1759
    0.0686    0.3595    0.2414    0.1359    0.0343    0.0728    0.0001    0.4795    0.0319        0.0693    0.0379  -12.2262
    0.0662    0.3586    0.2554    0.1352    0.0331    0.0759    0.0001    0.5051    0.0317        0.0735    0.0297  -12.2770
    0.1104    0.3281    0.0132    0.1434    0.0552    0.0301    0.0001    0.1944    0.2095        0.1115    0.0142    2.9425
    0.1305    0.3455    0.0169    0.2737    0.0653    0.0303    0.0001    0.2506    0.2272        0.1097    0.0062    0.1339
    0.0654    0.3578    0.2377    0.1347    0.0327    0.1047    0.0001    0.2357   -0.0849       -0.0071    0.0035   -0.9749
    0.0780    0.3572    0.2077    0.1613    0.0390    0.1034    0.0001    0.2182   -0.0723       -0.0078    0.0028   -1.5678
    0.0653    0.3380    0.2587    0.1333    0.0327    0.1374    0.0001    0.4719    0.2341        0.1361    0.0077  -11.5330
    0.0650    0.3380    0.0155    0.1320    0.0325    0.1371    0.0001    0.4682    0.2464        0.2459    0.0093  -13.6668
    0.0652    0.3481    0.2902    0.1310    0.0326    0.0702    0.0001    0.3859    0.1184        0.1217    0.0044   -9.9751
    0.0677    0.3476    0.2599    0.1372    0.0338    0.0675    0.0001    0.3398    0.1288        0.1721    0.0049   -9.7452
    0.0687    0.4092    0.1341    0.1049    0.0343    0.2551    0.0001    0.3516    0.6713        0.1052    0.0193   -7.2105
    0.0683    0.4107    0.1404    0.1406    0.0341    0.2509    0.0001    0.3209    0.8774        0.0460    0.0255  -10.2788
    0.0658    0.3481    0.2999    0.1338    0.0329    0.1251    0.0001    0.3181    0.2252        0.1067    0.0092  -13.1912
    0.0737    0.3481    0.0143    0.1506    0.0369    0.1250    0.0001    0.4683    0.4586        0.3674    0.0346  -17.0218
    0.1202    0.3393    0.0134    0.2113    0.0601    0.0305    0.0001    0.3976    0.4256        0.1027    0.0136   -4.1267
    0.1171    0.3412    0.0135    0.2441    0.0585    0.0300    0.0001    0.4191    0.4249        0.1190    0.0023   -5.7604
    0.1437    0.3605    0.2781    0.0993    0.0719    0.0481    0.0001    0.3436    0.7404       -0.1805    0.0259   -0.5463
    0.1577    0.3848    0.2998    0.0524    0.0789    0.0604    0.0001    0.4184    2.8767        0.1701    0.2303   -6.2342
    0.0980    0.3355    0.2195    0.2039    0.0490    0.0615    0.0001    0.2988    0.3873       -0.0643    0.0118   -1.1755
    0.1016    0.3355    0.2156    0.2121    0.0508    0.0615    0.0001    0.2950    0.4636       -0.0593    0.0113   -1.3625
    0.0652    0.3363    0.2653    0.1307    0.0326    0.0300    0.0001    0.4930    0.5347        0.0296    0.0046  -18.6667
    0.0651    0.3363    0.2499    0.1333    0.0325    0.0300    0.0001    0.4431    0.5887        0.0306    0.0049  -18.9078
    0.0861    0.3651    0.2998    0.1767    0.0431    0.0788    0.0001    0.3367    0.2514        0.1045    0.0110   -5.9369
    0.0923    0.3600    0.3000    0.1910    0.0461    0.0792    0.0001    0.3465    0.2703        0.1083    0.0108   -5.6946
    0.0669    0.3717    0.2447    0.1376    0.0334    0.1186    0.0001    0.2635    0.1866        0.0881    0.0121   -8.5259
    0.0880    0.3717    0.1915    0.1826    0.0440    0.1186    0.0001    0.2994    0.2295        0.0772    0.0108   -9.4181
    0.0656    0.3510    0.2390    0.1338    0.0328    0.1054    0.0001    0.2637    0.1737        0.0958    0.0096  -10.5971
    0.0667    0.3507    0.0934    0.1347    0.0333    0.1045    0.0001    0.4719    0.3705        0.0387   -0.0025  -11.2100
    0.0772    0.3391    0.0212    0.1256    0.0386    0.1059    0.0001    0.6328    0.3470        0.1546    0.0063   -9.2138
    0.0690    0.3418    0.0209    0.1419    0.0345    0.1025    0.0001    0.6256    0.3731        0.1672    0.0060  -12.5267
    0.0670    0.3701    0.1812    0.1371    0.0335    0.1409    0.0001    0.9317    0.7362        0.0342    0.0024  -14.3570
    0.0650    0.3701    0.2381    0.1324    0.0325    0.1410    0.0001    0.8733    0.7163        0.0317    0.0040  -14.8310
    0.0651    0.4024    0.2997    0.1324    0.0326    0.1500    0.0001    0.8984    0.3311        0.0329    0.0047  -17.5795
    0.0650    0.4024    0.3000    0.1324    0.0325    0.1500    0.0001    1.0907    0.4992        0.0104    0.0068  -17.8389
    0.0698    0.3319    0.1680    0.1426    0.0349    0.0885    0.0001    0.3124    0.2665        0.1535    0.0127   -7.0941
    0.0708    0.3322    0.1920    0.1460    0.0354    0.0895    0.0001    0.3373    0.2537        0.1350    0.0137   -7.1230
    0.0834    0.3507    0.1869    0.1728    0.0417    0.0300    0.0001    0.2389    0.1767        0.0606    0.0011   -4.8693
    0.0805    0.3491    0.1822    0.1669    0.0403    0.0312    0.0001    0.2357    0.1942        0.0626    0.0011   -5.1182
    0.0672    0.3515    0.2707    0.1372    0.0336    0.1037    0.0001   -0.0443    0.4410        0.0757    0.0222  -10.1851
    0.0650    0.3475    0.2810    0.1317    0.0325    0.0975    0.0001   -0.0424    0.4426        0.0707    0.0211  -11.3186
    0.1051    0.3162    0.0101    0.0800    0.0525    0.0781    0.0001    0.1612    0.3070        0.2989   -0.0316   -6.8722
    0.1009    0.3513    0.0103    0.2104    0.0504    0.1162    0.0001    0.1696    0.3274        0.3109    0.0823  -10.9446
    0.0652    0.3551    0.0854    0.1324    0.0326    0.0769    0.0001    0.6373    0.2943        0.2077    0.0078  -14.7002
    0.0650    0.3551    0.0908    0.1326    0.0325    0.0769    0.0001    0.4662    0.2989        0.2442    0.0095  -15.2272
    0.0874    0.3498    0.1103    0.1796    0.0437    0.0700    0.0001   -0.0527    0.3595        0.0719    0.0135   -5.5951
    0.0893    0.3498    0.1110    0.1843    0.0446    0.0699    0.0001   -0.0536    0.3596        0.0727    0.0135   -5.7694
    0.0859    0.3129    0.3000    0.1786    0.0430    0.0315    0.0001    1.0227   -0.2551        0.0357    0.0043  -11.3542
    0.1035    0.3087    0.2040    0.2160    0.0517    0.0315    0.0001    0.9613   -0.2902        0.0416    0.0049  -11.8074
    0.0741    0.3423    0.2996    0.0400    0.0371    0.1093    0.0001    0.4619    0.3896        0.0284    0.0674   -9.2572
    0.0660    0.3642    0.1430    0.1342    0.0330    0.1093    0.0001    0.6073    0.1789       -0.2552    0.5623  -14.5354
    0.0651    0.3859    0.3000    0.1312    0.0325    0.1327    0.0001    0.5662    0.3737        0.1238    0.0159   -7.2728
    0.0679    0.3947    0.2333    0.1375    0.0340    0.1328    0.0001    0.5100    0.3355        0.1122    0.0153   -7.2734
    0.0802    0.3064    0.0122    0.0002    0.0401    0.0885    0.0001    0.3726    0.1206        0.0870    0.0022   -8.5851
    0.0848    0.3000    0.0119    0.0003    0.0424    0.0300    0.0001    0.3641    0.1868       -0.1143    0.0031  -11.6680
    0.0779    0.3387    0.2600    0.1050    0.0390    0.0358    0.0001    0.0468   -0.1407        0.0465    0.0166   -5.8201
    0.0671    0.3550    0.0100    0.1367    0.0336    0.0673    0.0001   -0.1124   -0.1343        0.1623    0.0479  -10.0490
    0.0919    0.3250    0.3000    0.0007    0.0459    0.1560    0.0001    0.4328    0.1350        0.1684    0.0117   -2.4643
    0.0922    0.3250    0.3000    0.0053    0.0461    0.1553    0.0001    0.4314    0.1309        0.1759   -0.0816   -2.5716
    0.1023    0.3068    0.0106    0.0665    0.0511    0.1116    0.0001    0.3237    0.3188        0.1704    0.0117   -9.0691
    0.1169    0.2725    0.0101    0.0002    0.0585    0.0301    0.0001    0.3073    0.3013        0.1640   -0.1576  -10.4328
    0.1096    0.3402    0.2921    0.2283    0.0548    0.0307    0.0001    1.5661    0.3694        0.1296   -0.0250   -6.6511
    0.1203    0.3382    0.2969    0.2518    0.0601    0.0310    0.0001    1.4481    0.3587        0.1017   -0.0350   -7.2411
    0.0755    0.3404    0.0489    0.0288    0.0377    0.1243    0.0001    0.2764    0.3959       -0.7641    0.1729  -14.2034
    0.0841    0.3467    0.0689    0.0264    0.0420    0.1402    0.0001    0.2797    1.0683       -1.0797   -0.1846  -17.9767
    0.0881    0.3446    0.0254    0.1039    0.0440    0.0392    0.0001    0.7722    0.2417        0.1635   -0.0178  -11.2950
    0.0867    0.3602    0.0296    0.1776    0.0433    0.0301    0.0001    0.8619    0.3044        0.2727   -0.0189  -12.3015
    0.0665    0.3533    0.1106    0.0422    0.0333    0.1002    0.0001    0.1730    0.4480       -0.1849    0.0323  -13.6730
    0.0651    0.3722    0.2998    0.0027    0.0325    0.1615    0.0001    0.2436    1.0559       -0.3933    0.2761  -15.1005
    0.0883    0.3257    0.0590    0.0109    0.0441    0.0323    0.0001    0.5217    0.4020       -0.0624    0.0153  -12.4638
    0.0928    0.3249    0.1065    0.0048    0.0464    0.0303    0.0001    0.6266    0.3729        0.0263    0.1506  -13.2508
    0.0690    0.3520    0.2492    0.1419    0.0345    0.0854    0.0001   -0.0130    0.1677        0.1871    0.0115   -3.4544
    0.0896    0.3464    0.2297    0.1864    0.0448    0.0850    0.0001   -0.0064    0.2114        0.3017    0.0155   -2.6034
    0.0989    0.3745    0.2950    0.2058    0.0494    0.2787    0.0001    0.2557    0.9890       -0.0970    0.0172   -1.5306
    0.0989    0.3745    0.2921    0.2062    0.0494    0.2787    0.0001    0.2565    0.9788       -0.0970    0.0172   -1.5687
    0.1569    0.3101    0.2966    0.1578    0.0784    0.0358    0.0001    0.6667    0.2236        0.0927    0.0195    1.5548
    0.1607    0.3098    0.2999    0.1695    0.0804    0.0334    0.0001    0.6668    0.2495        0.0480   -0.0405    1.4456
    0.0654    0.3182    0.3000    0.0403    0.0327    0.0431    0.0001    0.1592    0.3783        0.0385    0.0078  -13.5988
    0.0668    0.3164    0.2790    0.0019    0.0334    0.0353    0.0001    0.0417    0.0527        0.1070   -0.2215  -15.2391
    0.0844    0.3672    0.2257    0.1750    0.0422    0.0314    0.0001    0.4520    0.2563        0.3599   -0.0231   -9.5749
    0.0906    0.3636    0.2175    0.1876    0.0453    0.0335    0.0001    0.4791    0.2694        0.3393   -0.0231   -9.4672
    0.0650    0.3524    0.0836    0.1335    0.0325    0.1196    0.0001    0.3412    0.2263        0.1356    0.0172   -9.6825
    0.0710    0.3604    0.0774    0.1463    0.0355    0.1195    0.0001    0.3991    0.2591        0.1336    0.0139   -9.9872
    0.0695    0.3699    0.2848    0.1402    0.0348    0.0795    0.0001    0.0637    0.0786        0.0719    0.0412   -7.9635
    0.0651    0.3693    0.1727    0.1328    0.0325    0.0807    0.0001    0.0728    0.0982        0.1045    0.0424   -8.1037
    0.0822    0.3557    0.1225    0.1695    0.0411    0.0543    0.0001    0.3174    0.0426        0.1252    0.0172   -5.4251
    0.0838    0.3449    0.1186    0.1737    0.0419    0.0542    0.0001    0.3205    0.0408        0.1293    0.0170   -5.9114
    0.0663    0.3678    0.2974    0.1355    0.0331    0.0311    0.0001    0.2401    0.1153        0.0656    0.0136  -12.0952
    0.0651    0.3658    0.2955    0.1329    0.0325    0.0311    0.0001    0.2636    0.1122        0.0636    0.0139  -12.1266
    0.0650    0.3679    0.1159    0.1310    0.0325    0.1430    0.0001    0.1656    0.1192        0.0577    0.0084   -8.0384
    0.0655    0.3679    0.1169    0.1322    0.0328    0.1430    0.0001    0.1690    0.1190        0.0581    0.0082   -8.0380
    0.1445    0.2885    0.3000    0.0143    0.0722    0.0344    0.0001    1.2305    0.7399        0.4135    0.0279  -14.0381
    0.1468    0.2882    0.3000    0.0009    0.0734    0.0300    0.0001    1.2075    0.7439        0.4715   -0.0395  -14.2126
    0.0905    0.3319    0.0922    0.1172    0.0453    0.0925    0.0001    0.3328    0.1738        0.1540    0.0148   -1.6271
    0.0853    0.3375    0.0153    0.1271    0.0427    0.1044    0.0001    0.2449    0.1155        0.2335    0.0226   -2.1989
    0.1003    0.3609    0.2877    0.2091    0.0501    0.0356    0.0001    0.6317    0.8215        0.1911   -0.0032   -5.6609
    0.1034    0.3657    0.2741    0.2161    0.0517    0.0393    0.0001    0.5361    0.8321        0.1704   -0.0030   -6.8969
    0.0656    0.3693    0.3000    0.0002    0.0328    0.1582    0.0001    0.5764    0.6142        0.0109    0.0235  -13.8761
    0.0651    0.3618    0.0139    0.0003    0.0326    0.1531    0.0001    0.4250    0.4291        0.0114    0.0341  -16.3894
    0.0650    0.3732    0.1744    0.1332    0.0325    0.1453    0.0001    0.3435    0.0501        0.2243    0.0121   -9.6041
    0.0650    0.3715    0.1829    0.1331    0.0325    0.1462    0.0001    0.2686    0.0455        0.2412    0.0150   -9.5017
    0.0651    0.3481    0.2546    0.1331    0.0325    0.0564    0.0001    0.3391    0.1543        0.1669    0.0045  -10.3909
    0.0775    0.3481    0.1957    0.1597    0.0388    0.0564    0.0001    0.4026    0.1715        0.1930    0.0033  -10.9039
    0.0675    0.3336    0.2999    0.0887    0.0337    0.0300    0.0001    0.5833    0.3822        0.3166    0.0074  -12.0517
    0.0659    0.3365    0.3000    0.0898    0.0330    0.0396    0.0001    0.6003    0.3958        0.3117   -0.1043  -12.2205
    0.1005    0.3269    0.2800    0.0016    0.0502    0.0915    0.0001    0.6230    0.4902       -0.2899    0.0348   -9.3018
    0.0796    0.3297    0.0100    0.0035    0.0398    0.0988    0.0001    0.1612    0.1561       -0.3097    0.0898  -12.2366
    0.1135    0.3143    0.2883    0.0020    0.0567    0.0314    0.0001   -0.0873    0.3197        0.0080    0.0107   -0.5853
    0.0964    0.3140    0.0100    0.0100    0.0482    0.0345    0.0001   -0.0089    0.1579       -0.0521   -0.0419   -1.2951
    0.1612    0.2573    0.2954    0.0287    0.0806    0.0304    0.0001    0.3565    0.1471        0.5598    0.0219    0.5516
    0.1620    0.2634    0.2833    0.0045    0.0810    0.0634    0.0001    0.3843    0.1457        0.5965   -0.2244   -0.5364
    0.0786    0.3523    0.2682    0.1618    0.0393    0.0441    0.0001    0.2352    0.0340       -0.0323    0.0152   -4.7866
    0.0796    0.3493    0.2616    0.1648    0.0398    0.0441    0.0001    0.2297    0.0358       -0.0314    0.0143   -4.2505
    0.0724    0.3605    0.2685    0.1479    0.0362    0.0420    0.0001    0.3608    0.2199        0.0452    0.0061   -5.3607
    0.0782    0.3605    0.2212    0.1605    0.0391    0.0420    0.0001    0.3342    0.2189        0.0446    0.0059   -5.5463
    0.0709    0.3470    0.0215    0.0893    0.0354    0.0881    0.0001    0.6603    0.3274       -0.0446    0.0105  -14.5896
    0.0651    0.3539    0.0451    0.1335    0.0325    0.1089    0.0001    1.3182    0.7536        0.0383    0.0132  -17.9980
    0.0929    0.3690    0.1143    0.0919    0.0465    0.0343    0.0001    0.5259    0.1386        0.0198    0.0104   -6.2741
    0.0808    0.3874    0.0315    0.1318    0.0404    0.0335    0.0001    0.4910    0.2096        0.0191    0.0138   -6.6720
    0.0920    0.3299    0.2978    0.1906    0.0460    0.0564    0.0001    0.3852    0.2416        0.1418    0.0126   -3.1711
    0.0901    0.3299    0.2983    0.1874    0.0451    0.0565    0.0001    0.3312    0.2596        0.1443    0.0133   -3.3615
    0.0855    0.3193    0.1554    0.0198    0.0427    0.1126    0.0001    0.1984    0.3450        0.1491    0.0020   -5.5483
    0.0819    0.3198    0.0100    0.0019    0.0409    0.1096    0.0001    0.2996    0.3079       -0.0002    0.0057   -7.7866
    0.0880    0.3576    0.2190    0.1812    0.0440    0.1417    0.0001    0.0342    0.0611        0.1820    0.0168    1.3018
    0.0867    0.3576    0.2232    0.1789    0.0434    0.1418    0.0001    0.0341    0.0654        0.1723    0.0160    1.2978
    0.0697    0.3461    0.2987    0.1055    0.0348    0.1111    0.0001    0.6787    0.5469        0.1613    0.0068  -15.2694
    0.0681    0.3492    0.2273    0.1380    0.0341    0.1128    0.0001    0.6343    0.6264       -0.1643    0.0233  -17.4018
    0.0650    0.3456    0.3000    0.0434    0.0325    0.0858    0.0001    0.5688    0.0537        0.0844   -0.0246  -14.3357
    0.0653    0.3431    0.2995    0.0047    0.0327    0.0877    0.0001    0.5542    0.0552        0.2361    0.0126  -14.5784
    0.1399    0.2906    0.1809    0.0439    0.0700    0.0412    0.0001    0.5380    0.2903       -0.0166    0.0116   -1.7668
    0.1237    0.2886    0.0697    0.0003    0.0618    0.0308    0.0001    0.3750    0.2424       -0.0026    0.0087   -1.9825
    0.0650    0.3914    0.2930    0.1324    0.0325    0.1089    0.0001    0.3624    0.2263        0.0979    0.0143  -12.4905
    0.0650    0.3909    0.2802    0.1311    0.0325    0.1077    0.0001    0.4187    0.4433        0.1582    0.0181  -11.9453
    0.0654    0.3446    0.0423    0.1115    0.0327    0.1344    0.0001    0.3919    0.4387        0.0997    0.0180  -12.8736
    0.0653    0.3552    0.0381    0.1341    0.0326    0.1346    0.0001    0.5842    0.3877        0.0788    0.0183  -16.1536
    0.0652    0.3575    0.2353    0.1340    0.0326    0.0980    0.0001    0.3318    0.1770        0.0754    0.0078   -9.5137
    0.0683    0.3579    0.2119    0.1401    0.0342    0.0996    0.0001    0.3385    0.1741        0.0773    0.0077   -9.6528
    0.0902    0.3644    0.0106    0.1344    0.0451    0.0300    0.0001    0.3249    0.3184        0.0915    0.0153   -6.3286
    0.0862    0.3738    0.0106    0.1779    0.0431    0.0327    0.0001    0.3217    0.3299        0.0392    0.0153   -8.6070
    0.0650    0.3587    0.2953    0.1336    0.0325    0.0703    0.0001    0.3549    0.2204        0.1010    0.0080   -9.5384
    0.0651    0.3587    0.2098    0.1337    0.0325    0.0703    0.0001    0.3700    0.2261        0.1024    0.0073   -9.7158
    0.0974    0.2774    0.0416    0.0164    0.0487    0.0302    0.0001    0.1400    0.0468        0.2159   -0.0033   -0.9925
    0.1036    0.2722    0.0219    0.0002    0.0518    0.0300    0.0001    0.1019    0.0270        0.1966    0.1728   -2.9644
    0.0895    0.3400    0.0221    0.0319    0.0448    0.0308    0.0001    0.3016    0.6947        0.1744    0.0051  -13.9881
    0.0917    0.3373    0.0216    0.0205    0.0459    0.0401    0.0001    0.3086    0.6742        0.2039   -0.0811  -14.4028
    0.0975    0.2938    0.0157    0.0460    0.0488    0.0399    0.0001    0.0938    0.5383        0.4698    0.0084  -14.7085
    0.0981    0.2978    0.0213    0.0509    0.0491    0.0317    0.0001    0.1712    0.6801        0.6146   -0.0675  -16.1293
    0.0650    0.3612    0.1904    0.0002    0.0325    0.1208    0.0001    0.7097    0.3135        0.1695   -0.0291  -15.5246
    0.0657    0.3694    0.2983    0.0003    0.0329    0.1337    0.0001    1.1809    0.3278        0.0189   -0.2426  -16.4906
    0.0943    0.3615    0.2833    0.1949    0.0471    0.0354    0.0001    0.3000    0.0739        0.0785    0.0139   -3.3594
    0.0960    0.3593    0.3000    0.1998    0.0480    0.0360    0.0001    0.2629    0.0757        0.0765    0.0140   -3.1247
    0.0660    0.3939    0.2840    0.1334    0.0330    0.1340    0.0001    0.2467    0.1354        0.0534    0.0072  -12.7773
    0.0650    0.3940    0.2855    0.1320    0.0325    0.1340    0.0001    0.2464    0.1357        0.0545    0.0073  -12.9914
    0.1131    0.3161    0.0353    0.1209    0.0565    0.0841    0.0001    0.3328    0.3037        0.1415    0.0087   -2.6907
    0.0988    0.3429    0.0321    0.2059    0.0494    0.0698    0.0001    0.2881    0.2575        0.2771    0.0130   -6.3555
    0.0869    0.3445    0.0265    0.1784    0.0435    0.0300    0.0001    0.4374    0.3410        0.0460    0.0138   -5.9728
    0.0844    0.3425    0.0268    0.1729    0.0422    0.0300    0.0001    0.4237    0.3512        0.0469    0.0147   -5.9182
    0.0953    0.3514    0.1494    0.1961    0.0476    0.0300    0.0001    0.8126    0.2711        0.1578   -0.0023   -7.8815
    0.0905    0.3495    0.1543    0.1858    0.0452    0.0301    0.0001    0.9140    0.2649        0.1517   -0.0022   -7.2553
    0.0655    0.3640    0.2343    0.1319    0.0328    0.1301    0.0001    0.2432    0.1824        0.0712    0.0063   -4.9998
    0.0690    0.3727    0.2526    0.1409    0.0345    0.1300    0.0001    0.2302    0.1464        0.0726    0.0065   -5.7998
    0.1542    0.3102    0.2770    0.0883    0.0771    0.0377    0.0001    0.4577    0.3093        0.2047    0.0176    3.5694
    0.1512    0.3095    0.3000    0.0009    0.0756    0.0300    0.0001    0.4396    0.2308        0.2565   -0.0344    3.0838
    0.0672    0.3415    0.2932    0.1382    0.0336    0.0840    0.0001    0.1134    0.1262        0.1088    0.0107   -2.5030
    0.0681    0.3415    0.0100    0.1398    0.0340    0.0840    0.0001    0.1134    0.1213        0.1430    0.0134   -4.9688
    0.0674    0.3601    0.2839    0.1369    0.0337    0.0743    0.0001   -0.0768    0.1885        0.1022    0.0066   -7.4061
    0.0947    0.3551    0.2783    0.1949    0.0474    0.0709    0.0001   -0.0276    0.4385        0.1604    0.0073   -7.6104
    0.0839    0.3377    0.2065    0.1740    0.0420    0.0435    0.0001    0.6633    0.3818       -0.0071    0.0040  -13.2355
    0.0813    0.3319    0.2107    0.1682    0.0407    0.0435    0.0001    0.6405    0.3905       -0.0070    0.0039  -13.0956
    0.1012    0.3147    0.2967    0.0039    0.0506    0.0300    0.0001    0.4151    0.1391        0.3595    0.0111   -7.4359
    0.0937    0.3148    0.1770    0.0013    0.0468    0.0362    0.0001    0.3354    0.1497        0.2567   -0.2043   -7.9119
    0.1268    0.2978    0.2789    0.1348    0.0634    0.0892    0.0001    0.2741    0.4836        0.2105   -0.0042   -1.1327
    0.1561    0.2638    0.2980    0.0206    0.0781    0.0440    0.0001    0.3426    0.5439        0.2772    0.2531   -2.8107
    0.0683    0.3571    0.2972    0.1397    0.0341    0.0842    0.0001    0.3492    0.3032        0.1089    0.0096  -10.9030
    0.0750    0.3571    0.1460    0.1537    0.0375    0.0843    0.0001    0.4274    0.2945        0.0975    0.0065  -11.4462
    0.0777    0.3671    0.2931    0.0144    0.0389    0.1378    0.0001    1.6069    0.0568        0.0123   -0.0037  -10.3892
    0.0761    0.3729    0.2740    0.0013    0.0380    0.1408    0.0001    4.4723    0.1690       -0.1253   -0.0036  -12.0709
    0.0725    0.3401    0.2688    0.1491    0.0363    0.1454    0.0001    0.8498   -0.0295        0.0862    0.0104   -5.6067
    0.0728    0.3305    0.2688    0.1489    0.0364    0.1453    0.0001    0.8539   -0.0300        0.0868    0.0105   -5.0815
    0.0830    0.3642    0.0100    0.0881    0.0415    0.0864    0.0001    0.1580    0.3084        0.0757    0.0342   -6.1459
    0.0887    0.3436    0.0111    0.0048    0.0444    0.0688    0.0001    0.1724    0.3387        0.0959    0.0029   -6.4349
    0.0857    0.3189    0.2993    0.0017    0.0429    0.0748    0.0001    0.2969    0.2857       -0.0248    0.0125   -7.0671
    0.0855    0.3197    0.3000    0.0028    0.0427    0.0762    0.0001    0.2878    0.2912       -0.0213    0.0020   -7.0705
    0.0950    0.2986    0.2979    0.0008    0.0475    0.0300    0.0001    0.5583    0.4316        0.1580   -0.0099  -11.4558
    0.1007    0.2987    0.3000    0.0005    0.0504    0.0368    0.0001    0.5543    0.4719        0.2789    0.3895  -13.0155
    0.0670    0.3804    0.2983    0.0333    0.0335    0.1838    0.0001    0.1451    0.6532        0.6517    0.0017  -13.1108
    0.0668    0.3718    0.0334    0.0153    0.0334    0.1909    0.0001    0.2498    0.5123        0.5279    0.0024  -13.7207
    0.1152    0.2734    0.0106    0.0717    0.0576    0.0303    0.0001    0.3306    0.3218        0.1103    0.0037   -7.4683
    0.1048    0.3158    0.0113    0.2183    0.0524    0.0315    0.0001    0.3731    0.3446        0.1907   -0.0429   -9.9172
    0.0795    0.3426    0.0100    0.0874    0.0397    0.1250    0.0001    0.7889    0.3060        0.1536    0.0082  -11.4066
    0.0724    0.3532    0.0100    0.1476    0.0362    0.1108    0.0001    0.7859    0.3046        0.1462    0.0070  -13.3128
    0.0672    0.3696    0.1169    0.1382    0.0336    0.1080    0.0001    0.2857    0.1497        0.1495    0.0359  -10.1250
    0.0659    0.3665    0.1175    0.1354    0.0330    0.1059    0.0001    0.2823    0.1441        0.1563    0.0357   -9.0440
    0.0651    0.3593    0.0288    0.1322    0.0326    0.0940    0.0001    0.4822    0.2536        0.1415    0.0090  -14.3325
    0.0651    0.3593    0.0290    0.1335    0.0325    0.0941    0.0001    0.4752    0.2605        0.1400    0.0088  -14.6297
    0.0674    0.3703    0.0107    0.0145    0.0337    0.2403    0.0001    0.3257    0.3297       -0.0320    0.0201  -12.0896
    0.0652    0.3859    0.0215    0.0069    0.0326    0.2451    0.0001    0.6373    0.6477       -0.0451    0.3083  -13.6261
    0.0650    0.3675    0.2847    0.1322    0.0325    0.0502    0.0001    0.3622    0.2145        0.1211    0.0163  -10.3491
    0.0650    0.3609    0.2629    0.1325    0.0325    0.0510    0.0001    0.4164    0.2167        0.1139    0.0128   -9.9848
    0.0674    0.3533    0.1075    0.0994    0.0337    0.0871    0.0001    0.1899    0.2406        0.0630    0.0138   -5.5677
    0.0713    0.3542    0.0121    0.1462    0.0356    0.0837    0.0001    0.1628    0.3756        0.0622    0.0206   -9.8074
    0.1171    0.3462    0.2738    0.2443    0.0586    0.0527    0.0001    0.3252   -0.1151       -0.0424   -0.0028   -0.1232
    0.1165    0.3427    0.2573    0.2439    0.0582    0.0525    0.0001    0.3273   -0.1154       -0.0426   -0.0028    0.6968
    0.0725    0.3266    0.2576    0.1474    0.0363    0.0771    0.0001    0.3730    0.3115        0.0781    0.0052   -8.8431
    0.0720    0.3214    0.0100    0.1465    0.0360    0.0772    0.0001    0.3350    0.2799        0.0769    0.0053  -10.5315
    0.0806    0.3309    0.2969    0.0035    0.0403    0.1273    0.0001    0.4136    0.3609       -0.0059    0.0028   -8.2811
    0.0881    0.3202    0.2999    0.0004    0.0441    0.0889    0.0001    0.4682    0.4278        0.0068    0.0004   -8.7632
    0.0651    0.3571    0.2721    0.1336    0.0325    0.0761    0.0001    0.2571    0.0980        0.1660    0.0030  -12.3583
    0.0650    0.3520    0.2649    0.1311    0.0325    0.0766    0.0001    0.2757    0.1347        0.1654    0.0034  -11.2785
    0.1030    0.3455    0.2545    0.2122    0.0515    0.1305    0.0001    0.1656    0.2876       -0.0202    0.0111   -0.0994
    0.1061    0.3452    0.2458    0.2201    0.0531    0.1280    0.0001    0.1613    0.2961       -0.0201    0.0110   -1.8304
    0.0706    0.3580    0.2774    0.1443    0.0353    0.1191    0.0001    0.3612    0.2349        0.1049    0.0147  -11.7327
    0.0773    0.3575    0.2724    0.1575    0.0386    0.1181    0.0001    0.5236    0.1204        0.1182    0.0300  -11.9333
    0.0651    0.3605    0.2703    0.1324    0.0325    0.0914    0.0001    0.2019    0.0938        0.1256    0.0164   -8.8780
    0.0774    0.3542    0.0826    0.1558    0.0387    0.0911    0.0001    0.2233   -0.1720        0.4033    0.0014   -9.2912
    0.0777    0.3373    0.1049    0.1605    0.0388    0.1076    0.0001    0.4997    0.0014        0.0074    0.0129   -2.3685
    0.0779    0.3373    0.1066    0.1610    0.0389    0.1076    0.0001    0.4877    0.0014        0.0074    0.0131   -2.4066
    0.0732    0.3385    0.1503    0.1498    0.0366    0.0750    0.0001    0.4205    0.1499        0.0015    0.0136   -4.0029
    0.0745    0.3354    0.1515    0.1539    0.0373    0.0764    0.0001    0.4134    0.1466        0.0014    0.0129   -5.0145
    0.0801    0.2975    0.0104    0.1137    0.0401    0.0347    0.0001    0.3171    0.1641        0.1593    0.0295   -9.9124
    0.0725    0.3060    0.0114    0.1494    0.0362    0.0300    0.0001    0.3558    0.1864        0.1758    0.0062  -11.6507
    0.0807    0.3447    0.0482    0.1671    0.0404    0.1300    0.0001    0.5219    0.3181        0.1797    0.0049  -12.0417
    0.0781    0.3534    0.0455    0.1614    0.0390    0.1299    0.0001    0.6882    0.3714        0.1435    0.0059  -12.5874
    0.1450    0.3081    0.3000    0.2080    0.0725    0.0326    0.0001    0.5757    0.1417        0.1565   -0.0209    3.6665
    0.1199    0.3370    0.2904    0.2512    0.0600    0.0300    0.0001    0.7251   -0.1551        0.0742   -0.0454    0.9772
    0.1876    0.3121    0.3000    0.3015    0.0938    0.0301    0.0001    1.0055    0.1861       -0.0715    0.0342    5.8386
    0.1814    0.3311    0.2783    0.3830    0.0907    0.0347    0.0001    0.8557    0.0311       -0.0855    0.0348    2.9372
    0.0839    0.3491    0.1645    0.1733    0.0419    0.1022    0.0001    0.7847    0.3528       -0.0388    0.0120   -7.1341
    0.0910    0.3491    0.0505    0.1892    0.0455    0.1022    0.0001    0.7858    0.2673       -0.0209    0.0162   -7.5440
    0.1762    0.2425    0.2030    0.0112    0.0881    0.0300    0.0001    0.2616    0.3846        0.0270   -0.0071    6.7073
    0.1692    0.2661    0.1724    0.0003    0.0846    0.1625    0.0001    0.2343    0.4024        0.0152    0.1587    6.1982
    0.0651    0.3901    0.3000    0.1184    0.0326    0.2019    0.0001    0.7499   -0.1381        0.2762   -0.0039   -8.7409
    0.0650    0.3894    0.3000    0.1335    0.0325    0.1762    0.0001    1.6707   -0.1000        0.0422   -0.0036  -12.4259
    0.0650    0.3707    0.0794    0.1287    0.0325    0.1397    0.0001    0.5400    0.2630        0.0988    0.0006  -11.5458
    0.0650    0.3801    0.0952    0.1309    0.0325    0.1395    0.0001    0.7086    0.3537        0.0532    0.0004  -13.1782
    0.0977    0.3548    0.2797    0.0174    0.0489    0.1742    0.0001    0.7506    0.5348        0.0712    0.0062   -6.8680
    0.1031    0.2980    0.0125    0.0146    0.0515    0.0304    0.0001    0.3843    0.3884       -0.1053    0.0112  -11.0515
    0.0756    0.3243    0.0100    0.0925    0.0378    0.0795    0.0001    0.7561    0.0673        0.0743    0.0053  -11.6653
    0.0772    0.3332    0.0101    0.1580    0.0386    0.0469    0.0001    0.7820    0.0936        0.1486   -0.0065  -15.4035
    0.0651    0.3541    0.3000    0.1338    0.0326    0.0980    0.0001    0.7288    0.0711        0.1202    0.0093  -15.6591
    0.0650    0.3541    0.2994    0.1335    0.0325    0.0980    0.0001    0.7543    0.0728        0.1194    0.0104  -15.7455
    0.0935    0.3068    0.0100    0.0751    0.0467    0.0328    0.0001    0.2609    0.1099        0.2957    0.0685   -6.7300
    0.0852    0.3426    0.0102    0.1757    0.0426    0.0330    0.0001    0.3344    0.0573        0.3011    0.0391  -10.4019
    0.0699    0.3382    0.3000    0.0275    0.0349    0.1260    0.0001    0.3346    0.6776       -0.0713    0.0144  -12.4146
    0.0656    0.3505    0.0100    0.1327    0.0328    0.1258    0.0001    0.3012    0.7537       -0.1658    0.0377  -19.6268
    0.0988    0.2963    0.0185    0.0002    0.0494    0.0406    0.0001    0.1957    0.5740        0.2668    0.0231  -11.6758
    0.0952    0.3147    0.0342    0.0009    0.0476    0.0684    0.0001    0.2441    1.0497        0.1391    0.1045  -13.3049
    0.0774    0.3695    0.0132    0.0772    0.0387    0.1523    0.0001    1.0100    0.4196        0.1316    0.0172  -18.2849
    0.0650    0.3828    0.0141    0.0745    0.0325    0.1418    0.0001    1.1171    0.4270        0.2192    0.0097  -19.4755
    0.0984    0.3089    0.2022    0.0212    0.0492    0.0906    0.0001    0.4557    0.1744       -0.0082    0.0911   -4.7176
    0.1075    0.3075    0.3000    0.0002    0.0538    0.0789    0.0001    0.5408    0.2233       -0.0078    0.1306   -4.8850
    0.0802    0.3526    0.1170    0.1630    0.0401    0.0626    0.0001    0.3015    0.6805        0.2327    0.0181   -8.0561
    0.0857    0.3526    0.0504    0.1762    0.0429    0.0626    0.0001    0.3019    0.7962        0.1692    0.0201   -9.1913
    0.0652    0.3886    0.2900    0.1332    0.0326    0.0414    0.0001    0.5854    0.1472        0.0799    0.0065  -11.1651
    0.0667    0.3858    0.1962    0.1364    0.0334    0.0414    0.0001    0.4450    0.1412        0.0865    0.0068  -11.0614
    0.0656    0.3654    0.2996    0.1332    0.0328    0.0876    0.0001    0.0666    0.1593        0.0908    0.0126   -5.0777
    0.0805    0.3654    0.3000    0.1641    0.0403    0.0877    0.0001    0.0815    0.1268        0.0628    0.0149   -5.4746
    0.0650    0.3686    0.1129    0.1319    0.0325    0.1313    0.0001    0.4475    0.1464        0.0957    0.0106  -11.6515
    0.0679    0.3511    0.1066    0.1380    0.0339    0.1312    0.0001    0.3865    0.1584        0.0989    0.0117  -11.1323
    0.0653    0.3362    0.2991    0.1326    0.0326    0.0618    0.0001    0.2348    0.1420        0.0517    0.0084   -7.9148
    0.0671    0.3403    0.2481    0.1365    0.0336    0.0618    0.0001    0.2504    0.1433        0.0522    0.0088   -8.4422
    0.0655    0.3549    0.1629    0.1331    0.0328    0.0637    0.0001    0.5909    0.1310        0.1315    0.0078  -15.3983
    0.0674    0.3549    0.1745    0.1371    0.0337    0.0638    0.0001    0.5717    0.1314        0.1325    0.0062  -15.4266
    0.0657    0.3587    0.2615    0.1298    0.0328    0.1138    0.0001    0.4627    0.2402        0.0780    0.0111   -6.1694
    0.0702    0.3588    0.2408    0.1430    0.0351    0.1141    0.0001    0.5000    0.1662        0.0921    0.0142   -7.0675
    0.1273    0.2953    0.2872    0.0233    0.0637    0.0351    0.0001    0.3216    0.1989        0.3013   -0.1060    0.2617
    0.1320    0.2935    0.2998    0.0011    0.0660    0.0300    0.0001    0.3556    0.1668        0.2031   -0.3731   -0.9027
    0.1060    0.3094    0.1303    0.1423    0.0530    0.0300    0.0001    0.5907    0.1454        0.0652    0.0072   -3.0519
    0.0950    0.3120    0.0333    0.1190    0.0475    0.0301    0.0001    0.5202    0.0978       -0.0146    0.0059   -3.8187
    0.0653    0.3915    0.0205    0.1157    0.0326    0.1713    0.0001    1.6417    0.1700       -0.0127    0.0102  -10.8993
    0.0660    0.3930    0.0212    0.1343    0.0330    0.1647    0.0001    1.6940    0.2049       -0.0121    0.0104  -15.6089
    0.0782    0.3341    0.0101    0.0752    0.0391    0.1029    0.0001    0.2987    0.3143        0.1146    0.0093  -11.0949
    0.0788    0.3368    0.0107    0.0943    0.0394    0.1057    0.0001    0.3175    0.3352        0.1705    0.0024  -11.6063
    0.0898    0.3396    0.2037    0.0324    0.0449    0.1408    0.0001    0.3625    0.1797        0.1046    0.0085   -5.5187
    0.0999    0.3383    0.2953    0.0026    0.0500    0.1382    0.0001    0.5169    0.3124        0.1589    0.1475   -6.0335
    0.0655    0.3785    0.2999    0.1347    0.0328    0.1340    0.0001    0.2845    0.2208        0.1232    0.0132   -9.7900
    0.0655    0.3785    0.2909    0.1347    0.0328    0.1340    0.0001    0.4518    0.1452        0.1150    0.0128   -9.9132
    0.1113    0.2956    0.0100    0.0006    0.0557    0.0300    0.0001    0.7998    0.1544       -0.1649    0.0006  -12.0689
    0.1114    0.3318    0.0208    0.1218    0.0557    0.0536    0.0001    1.8042    0.2814       -0.3474   -0.1403  -13.5526
    0.1480    0.3723    0.2809    0.3098    0.0740    0.0345    0.0001    0.8166    0.5419       -0.0543    0.0035    0.0536
    0.1518    0.3700    0.2994    0.3183    0.0759    0.0345    0.0001    0.8308    0.4748       -0.0520    0.0036   -0.2579
    0.1640    0.3371    0.2929    0.0174    0.0820    0.0350    0.0001    0.5682    0.5079       -0.3642   -0.0034   -2.3396
    0.1301    0.3915    0.2998    0.2285    0.0650    0.0300    0.0001    0.8106    0.2911       -0.3592    0.0174   -2.8443
    0.0822    0.3649    0.2997    0.0019    0.0411    0.1574    0.0001    0.9790   -0.0796       -0.2009    0.0042   -8.9052
    0.0778    0.3669    0.2998    0.0035    0.0389    0.1624    0.0001    0.8551    0.0246       -0.3220    0.0096   -9.2151
    0.0917    0.2894    0.1098    0.0390    0.0459    0.0363    0.0001    0.1455    0.1483       -0.1666    0.0654   -3.6458
    0.0919    0.2872    0.0138    0.0387    0.0459    0.0300    0.0001    0.1242    0.2007       -0.1130    0.2272   -5.8677
    0.0676    0.3333    0.2150    0.0628    0.0338    0.0854    0.0001    0.3522    0.1833        0.1810    0.0068   -9.0256
    0.0650    0.3344    0.0167    0.0698    0.0325    0.0827    0.0001    0.5106    0.1571        0.2624    0.0067  -10.8579
    0.0848    0.3621    0.1819    0.1646    0.0424    0.0887    0.0001    0.0303    0.4902        0.1023    0.0083   -2.3436
    0.0856    0.3566    0.1520    0.1776    0.0428    0.0885    0.0001    0.0246    0.4058        0.0925    0.0063   -3.7405
    0.0770    0.3515    0.0539    0.1562    0.0385    0.0302    0.0001    0.5024    0.4340        0.1493   -0.0082   -8.2100
    0.1000    0.3450    0.0593    0.2071    0.0500    0.0338    0.0001    0.4487    0.3227        0.2890   -0.0101  -10.8709
    0.0650    0.3752    0.2989    0.1327    0.0325    0.0757    0.0001    0.3754    0.1843       -0.0052    0.0062   -8.2129
    0.0650    0.3753    0.2991    0.1334    0.0325    0.0765    0.0001    0.3696    0.1847       -0.0052    0.0062   -7.8502
    0.0788    0.3775    0.2863    0.1621    0.0394    0.1995    0.0001    0.1475    0.0337        0.1646   -0.0008   -4.1780
    0.0791    0.3907    0.2865    0.1629    0.0396    0.1990    0.0001    0.1466    0.0337        0.1641   -0.0008   -6.7381
    0.0728    0.3836    0.0124    0.1387    0.0364    0.1932    0.0001    0.9771    0.1357        0.0050    0.0177   -5.7916
    0.0722    0.3817    0.0134    0.1480    0.0361    0.2007    0.0001    1.0484    0.1198        0.0044    0.0200   -9.7590
    0.0817    0.3315    0.2704    0.1683    0.0409    0.0300    0.0001   -0.2761    0.2768        0.0390    0.0123   -1.9928
    0.0914    0.3355    0.2771    0.1889    0.0457    0.0300    0.0001   -0.3805    0.2748        0.0355    0.0104   -2.3891
    0.0747    0.3224    0.2711    0.0013    0.0374    0.0829    0.0001    0.0916   -0.2680       -0.0436    0.0091   -7.7858
    0.0683    0.3237    0.0100    0.0331    0.0341    0.0847    0.0001   -0.0378   -0.1570       -0.1518   -0.1601  -10.5628
    0.0655    0.3631    0.3000    0.1333    0.0328    0.0790    0.0001    0.2614    0.2329        0.0846    0.0092   -9.8203
    0.0668    0.3626    0.2843    0.1367    0.0334    0.0769    0.0001    0.2536    0.2210        0.0886    0.0094   -8.9049
    0.0651    0.3350    0.2991    0.1330    0.0325    0.0300    0.0001    0.3503    0.0449        0.3886   -0.0230  -13.2175
    0.0658    0.3401    0.2948    0.1339    0.0329    0.0333    0.0001    0.3607    0.0448        0.3822   -0.0248  -14.0749
    0.1120    0.3166    0.1011    0.1371    0.0560    0.0315    0.0001    0.6006    0.3948        0.1693    0.0030   -7.0850
    0.1485    0.3309    0.3000    0.2626    0.0743    0.0396    0.0001    0.9881    0.5595        0.3677   -0.0678   -7.4412
    0.0781    0.3652    0.3000    0.1592    0.0390    0.1391    0.0001    0.1669    0.2322        0.0127    0.0058   -5.7249
    0.0812    0.3652    0.3000    0.1658    0.0406    0.1390    0.0001    0.0768    0.5788       -0.0055    0.0062   -6.4290
    0.0650    0.3858    0.2153    0.1338    0.0325    0.1045    0.0001    0.3215    0.1130        0.1117    0.0086   -4.8956
    0.0718    0.3871    0.2174    0.1479    0.0359    0.1055    0.0001    0.3398    0.1184        0.1145    0.0078   -5.0047
    0.0694    0.4212    0.1900    0.1413    0.0347    0.2719    0.0001   -0.0752    0.1077        0.3555    0.0059   -6.3414
    0.0650    0.4212    0.2136    0.1332    0.0325    0.2719    0.0001   -0.0652    0.1750        0.3324    0.0055   -6.9155
    0.0706    0.3771    0.2480    0.1433    0.0353    0.0384    0.0001    0.2306   -0.1280       -0.4789    0.0248  -13.3515
    0.0671    0.3770    0.2960    0.1353    0.0335    0.0385    0.0001    0.2921    0.2357       -0.2954    0.0158  -14.1110
    0.0827    0.3486    0.0127    0.1236    0.0413    0.0714    0.0001    0.3852    0.3944       -0.0107    0.0107   -8.1577
    0.0847    0.3521    0.0118    0.1759    0.0424    0.0738    0.0001    0.3635    0.3736       -0.0127    0.0094  -10.2204
    0.0656    0.3621    0.2993    0.1339    0.0328    0.0677    0.0001    0.0207    0.1591        0.1451    0.0102   -9.1591
    0.0695    0.3621    0.2592    0.1422    0.0347    0.0677    0.0001    0.0163    0.0943        0.2140    0.0148   -9.3161
    0.1193    0.2943    0.1518    0.0090    0.0597    0.0313    0.0001    0.5299    0.2308        0.1232    0.0130   -3.6754
    0.1254    0.3001    0.2060    0.0016    0.0627    0.0563    0.0001    0.6198    0.2475        0.1479    0.1407   -4.1331
    0.0650    0.3711    0.0100    0.1013    0.0325    0.0972    0.0001    0.2968    0.3029        0.1064    0.0127   -6.8437
    0.0813    0.3742    0.0102    0.1683    0.0406    0.1003    0.0001    0.3085    0.3384        0.0448    0.0128  -10.3620
    0.0858    0.3971    0.2966    0.1775    0.0429    0.1414    0.0001    0.5616    0.2531       -0.0770    0.0039   -2.8734
    0.0927    0.3966    0.3000    0.1924    0.0463    0.1386    0.0001    0.5929   -0.0254       -0.0671    0.0044   -2.8426
    0.0917    0.3204    0.0258    0.0929    0.0459    0.0301    0.0001    0.4020    0.0879        0.1542    0.0090   -1.2555
    0.0819    0.3406    0.0288    0.1671    0.0409    0.0408    0.0001    0.4525    0.1285       -0.0138    0.0057   -4.6943
    0.0745    0.3417    0.0653    0.1521    0.0372    0.0307    0.0001    1.0818    0.0903        0.2484    0.0082  -14.8009
    0.0752    0.3396    0.0650    0.1545    0.0376    0.0307    0.0001    1.0308    0.0877        0.2498    0.0084  -14.8490
    0.0671    0.3311    0.1474    0.1345    0.0335    0.0809    0.0001    0.4899    0.2436        0.3554    0.0184  -12.2831
    0.0679    0.3366    0.1577    0.1383    0.0339    0.0813    0.0001    0.2349    0.2585        0.3766    0.0195  -13.5993
    0.1003    0.2994    0.0114    0.0971    0.0501    0.0471    0.0001    0.3339    0.3631        0.0260    0.0117   -8.4613
    0.0760    0.3353    0.0108    0.1565    0.0380    0.0312    0.0001    0.3397    0.3134        0.0317    0.0100  -11.3093
    0.0702    0.3665    0.2340    0.1432    0.0351    0.0720    0.0001    0.3187    0.3281        0.0912    0.0111   -9.2941
    0.0675    0.3665    0.2623    0.1372    0.0337    0.0720    0.0001    0.3097    0.3321        0.0988    0.0111   -9.3729
    0.0979    0.3399    0.2531    0.1782    0.0489    0.0521    0.0001    0.2680    0.3912       -0.0417    0.0191    3.6252
    0.1015    0.3410    0.2293    0.2118    0.0507    0.0531    0.0001    0.2968    0.3284       -0.0403    0.0194    1.6216
    0.0658    0.3726    0.2169    0.1339    0.0329    0.1648    0.0001    0.4931    0.1506        0.0253    0.0160   -6.9191
    0.0654    0.3722    0.0925    0.1324    0.0327    0.1656    0.0001    0.4124    0.2882        0.0321    0.0159   -7.2421
    0.0754    0.3103    0.2698    0.0022    0.0377    0.0316    0.0001    0.3350    0.3734        0.1796    0.0160  -13.4470
    0.0759    0.3111    0.2704    0.0162    0.0380    0.0300    0.0001    0.3375    0.3742        0.2173    0.2164  -13.8465
    0.0806    0.3266    0.1605    0.0422    0.0403    0.1143    0.0001    0.5433    0.2982        0.1538    0.0107   -8.4701
    0.0764    0.3282    0.0170    0.0517    0.0382    0.1114    0.0001    0.5218    0.1562        0.1456    0.0189  -10.3133
    0.1043    0.3210    0.1508    0.1314    0.0522    0.0340    0.0001    1.1801    0.1201       -0.1770   -0.0021   -7.0640
    0.1029    0.3237    0.0370    0.1410    0.0514    0.0382    0.0001    1.1340    0.1439       -0.2082   -0.0019   -8.6075
    0.1157    0.3373    0.0135    0.1815    0.0579    0.0788    0.0001    0.3952    0.4236        0.2227    0.0049   -1.4858
    0.0991    0.3431    0.0140    0.2068    0.0496    0.0856    0.0001    0.4144    0.4290        0.2111    0.0053   -5.6689
    0.0728    0.3515    0.2065    0.0002    0.0364    0.0919    0.0001    0.2622    0.1217        0.0483    0.0045   -7.3033
    0.0699    0.3500    0.0100    0.0002    0.0350    0.0865    0.0001    0.3047    0.1576        0.0008    0.0094   -9.0027
    0.0760    0.3688    0.2722    0.1556    0.0380    0.0895    0.0001    0.0670    0.3073        0.0768    0.0145   -3.7891
    0.0772    0.3688    0.2709    0.1582    0.0386    0.0895    0.0001    0.0665    0.3057        0.0762    0.0144   -3.8599
    0.0660    0.3637    0.2398    0.1342    0.0330    0.0957    0.0001    0.1779    0.1504        0.2228    0.0165   -8.4794
    0.0661    0.3574    0.1926    0.1350    0.0330    0.0956    0.0001    0.1903    0.1509        0.2157    0.0193   -8.5328
    0.1050    0.3290    0.2847    0.2174    0.0525    0.1470    0.0001   -0.1626   -0.1438        0.0015    0.0225    6.3233
    0.1287    0.3292    0.2999    0.2687    0.0644    0.1439    0.0001    0.0276    0.0427        0.0038    0.0080    5.0870
    0.0654    0.3484    0.1470    0.1328    0.0327    0.1288    0.0001    0.2922    0.3095        0.0063    0.0267   -8.1728
    0.0708    0.3484    0.1922    0.1459    0.0354    0.1288    0.0001    0.3586    0.2210        0.0079    0.0309   -8.7821
    0.0701    0.3635    0.0100    0.1428    0.0350    0.0434    0.0001    0.7220    0.0848        0.0878    0.0236  -16.0075
    0.0724    0.3492    0.0103    0.1486    0.0362    0.0450    0.0001    0.7281    0.0854        0.1060    0.0225  -15.6503
    0.0650    0.3271    0.2863    0.0632    0.0325    0.0420    0.0001   -0.0069    0.0727       -0.1950    0.0350  -11.3612
    0.0659    0.3270    0.3000    0.0599    0.0329    0.0444    0.0001    0.0094   -0.0078       -0.1901   -0.2955  -12.3010
    0.0671    0.3493    0.1551    0.1380    0.0336    0.1417    0.0001    0.0487    0.0862        0.1345    0.0089   -1.0594
    0.0753    0.3493    0.0504    0.1556    0.0376    0.1418    0.0001    0.0681    0.0861        0.1327    0.0094   -1.5226
    0.1211    0.2764    0.2999    0.0712    0.0606    0.0300    0.0001    0.1511    0.0384       -0.0066    0.0112    2.7178
    0.1250    0.2686    0.2788    0.0026    0.0625    0.0409    0.0001    0.1854   -0.0088        0.0085   -0.2066    1.8989
    0.1131    0.3786    0.2361    0.2332    0.0565    0.1431    0.0001   -0.0391    0.6620        0.6718   -0.0129   -1.5626
    0.1134    0.3787    0.1560    0.2348    0.0567    0.1431    0.0001   -0.0044    0.7594        0.3493   -0.0126   -2.3086
    0.0880    0.3198    0.0105    0.0762    0.0440    0.0684    0.0001    0.3290    0.3129        0.0607    0.0115  -10.1880
    0.0783    0.3445    0.0117    0.1619    0.0391    0.0795    0.0001    0.3616    0.3422        0.0152    0.0112  -13.2841
    0.0835    0.3680    0.2997    0.0386    0.0417    0.1953    0.0001    0.2075    0.0437        0.2498    0.0140   -3.1555
    0.0830    0.3674    0.2770    0.0013    0.0415    0.1862    0.0001    0.2421    0.0089        0.3481   -0.0263   -3.4727
    0.0783    0.3243    0.0100    0.0879    0.0391    0.1051    0.0001    0.3095    0.3001        0.1669    0.0152   -8.4078
    0.0750    0.3419    0.0104    0.1539    0.0375    0.0765    0.0001    0.3212    0.3322        0.1731    0.0164  -10.9693
    0.1042    0.2864    0.0115    0.0943    0.0521    0.0458    0.0001    0.1723    0.0135        0.3613    0.0292   -2.2428
    0.0833    0.3212    0.0103    0.1727    0.0417    0.0565    0.0001    0.1555   -0.0036        0.3275    0.0363   -5.1078
    0.0708    0.3175    0.0167    0.0817    0.0354    0.0301    0.0001    0.5108    0.2651        0.1270    0.0111   -9.3433
    0.0770    0.3314    0.0208    0.1582    0.0385    0.0323    0.0001    0.6105    0.3323       -0.0171    0.0097  -13.1787
    0.0651    0.3432    0.1181    0.1335    0.0325    0.0875    0.0001    0.2618    0.1840        0.0943    0.0125  -10.3047
    0.0659    0.3416    0.1187    0.1352    0.0330    0.0841    0.0001    0.2642    0.1878        0.0933    0.0124   -9.7841
    0.0926    0.3447    0.2998    0.1271    0.0463    0.0456    0.0001    0.2013    0.1579       -0.0330   -0.0086   -2.4215
    0.0762    0.3620    0.2391    0.1570    0.0381    0.0310    0.0001    0.0862    0.3127       -0.0532   -0.0105   -4.1474
    0.0656    0.3606    0.0100    0.1279    0.0328    0.0815    0.0001    0.6368    0.2952        0.0241    0.0111  -14.5802
    0.0651    0.3597    0.0100    0.1330    0.0326    0.0813    0.0001    0.7860    0.3014        0.0177    0.0104  -18.1467
    0.0806    0.4099    0.2259    0.1670    0.0403    0.1247    0.0001    0.0558    0.2189        0.2246    0.0063   -5.0180
    0.0815    0.4065    0.2207    0.1689    0.0408    0.1270    0.0001    0.0560    0.2186        0.2244    0.0062   -4.1804
    0.0656    0.3787    0.2723    0.1339    0.0328    0.0837    0.0001    0.1450    0.1766        0.1642    0.0070   -9.4952
    0.0650    0.3785    0.2480    0.1320    0.0325    0.0833    0.0001    0.0974    0.2235        0.2007    0.0078  -10.2021
    0.0725    0.3676    0.1850    0.1482    0.0363    0.1170    0.0001    1.0785    0.3417        0.2757   -0.0166  -12.4335
    0.0763    0.3635    0.0563    0.1576    0.0382    0.0863    0.0001    1.7538    0.0915        0.8044   -0.0221  -16.1995
    0.1564    0.2882    0.2684    0.0104    0.0782    0.0402    0.0001    0.1010    0.2688        0.7476   -0.0037   -2.4623
    0.1000    0.3720    0.2974    0.2073    0.0500    0.1284    0.0001    0.0209    0.3668        1.4077    0.1866   -6.4963
    0.0650    0.3628    0.2657    0.1336    0.0325    0.0877    0.0001    0.4053    0.1599        0.1069    0.0117  -12.5200
    0.0654    0.3628    0.2686    0.1344    0.0327    0.0877    0.0001    0.5268    0.1657        0.0991    0.0117  -12.7547
    0.0719    0.3675    0.2990    0.1466    0.0359    0.1452    0.0001    0.5024    0.0928        0.0241    0.0065   -7.3261
    0.0794    0.3675    0.3000    0.1626    0.0397    0.1452    0.0001    0.5367    0.0594        0.0262    0.0074   -7.3437
    0.0669    0.3231    0.2786    0.0004    0.0335    0.0704    0.0001    0.2233    0.0685        0.2480    0.0211  -10.9181
    0.0656    0.3182    0.0219    0.0011    0.0328    0.0629    0.0001    0.1966   -0.0172        0.1861    0.0230  -11.1444
    0.0857    0.3467    0.2179    0.1449    0.0429    0.0375    0.0001   -0.0260    0.3226        0.2059    0.0176   -5.0000
    0.0986    0.3517    0.2793    0.2037    0.0493    0.0303    0.0001   -0.0349    0.4418        0.3347    0.0125   -7.6552
    0.1385    0.3192    0.0275    0.0002    0.0692    0.0845    0.0001    0.3918    0.3150        0.8569    0.0743  -13.1002
    0.1740    0.3567    0.1456    0.0005    0.0870    0.0930    0.0001    0.6169    0.7141        4.3710    0.0635  -18.2819
    0.0655    0.3929    0.0519    0.1327    0.0328    0.0893    0.0001    0.4377    0.1456        0.0929    0.0062  -10.5239
    0.0671    0.3929    0.0715    0.1380    0.0335    0.0893    0.0001    0.3619    0.1673        0.0741    0.0054  -10.8851
    0.0811    0.3624    0.2999    0.1663    0.0405    0.1070    0.0001    0.7274    0.2510        0.0467    0.0172   -6.8972
    0.0985    0.3624    0.2798    0.2028    0.0492    0.1070    0.0001    1.0939    0.2189        0.0555    0.0049   -7.4722
    0.0897    0.3265    0.0128    0.1016    0.0448    0.0493    0.0001    0.9910    0.3967        0.0842    0.0200  -14.6071
    0.0823    0.3433    0.0129    0.1703    0.0412    0.0300    0.0001    1.0132    0.3830        0.1133    0.0167  -17.8472
    0.0714    0.3430    0.0222    0.0475    0.0357    0.0647    0.0001    0.6751    0.0799        0.3504    0.0107  -18.9327
    0.0650    0.3591    0.0270    0.1330    0.0325    0.0757    0.0001    0.8605   -0.0137        0.4275    0.0104  -22.0352
    0.1028    0.2981    0.2810    0.0093    0.0514    0.0384    0.0001    0.4511   -0.0345       -0.1591    0.0105   -3.4683
    0.1079    0.2934    0.2999    0.0007    0.0540    0.0304    0.0001    0.4674   -0.0259       -0.1794    0.1078   -3.6984
    0.0682    0.3532    0.2173    0.1388    0.0341    0.1256    0.0001    0.2141    0.2076        0.0854    0.0099   -8.4408
    0.0650    0.3532    0.1970    0.1318    0.0325    0.1257    0.0001    0.2297    0.2228        0.0874    0.0103   -8.4910
    0.0807    0.3294    0.0144    0.1052    0.0404    0.0795    0.0001    0.4353    0.2299        0.0749    0.0095   -9.0851
    0.1058    0.3028    0.0143    0.1120    0.0529    0.0381    0.0001    0.4378    0.4308        0.0140    0.2382  -13.0879
    0.0723    0.3556    0.1584    0.1488    0.0362    0.0890    0.0001    0.3753    0.2916        0.1067    0.0149   -8.5714
    0.0788    0.3551    0.1468    0.1632    0.0394    0.0901    0.0001    0.3960    0.3063        0.0882    0.0154   -8.8055
    0.0655    0.3471    0.2037    0.1339    0.0328    0.0771    0.0001    0.5928    0.2576        0.2405    0.0069  -14.8849
    0.0652    0.3420    0.2091    0.1336    0.0326    0.0750    0.0001    0.5747    0.2557        0.2292    0.0067  -13.6562
    0.0650    0.3750    0.2820    0.1320    0.0325    0.1033    0.0001    0.1011    0.1950        0.0717    0.0101   -5.4656
    0.0915    0.3750    0.2770    0.1885    0.0458    0.1032    0.0001    0.0304    0.2517        0.0935    0.0056   -6.3384
    0.0651    0.3796    0.2966    0.0883    0.0325    0.1594    0.0001    0.1335    0.1033        0.0252    0.0153   -6.8514
    0.0668    0.3653    0.2934    0.1374    0.0334    0.1305    0.0001    0.1892    0.0660       -0.4271    0.0826   -9.8296
    0.1108    0.3399    0.0130    0.1817    0.0554    0.0724    0.0001    0.4046    0.3878        0.1304    0.0126   -7.0531
    0.0985    0.3495    0.0102    0.0505    0.0493    0.2138    0.0001    0.3149    0.3165        0.1517    0.0063   -9.1650
    0.0867    0.3488    0.1694    0.1799    0.0433    0.0909    0.0001    0.4568   -0.0316        0.0107   -0.0197   -1.2398
    0.1017    0.3547    0.1591    0.2098    0.0509    0.0925    0.0001    0.4866   -0.0345        0.0110   -0.0129   -1.2255
    0.0764    0.3920    0.2942    0.0805    0.0382    0.1510    0.0001    0.0063   -0.1090        0.0432    0.0122   -3.0783
    0.0656    0.3986    0.2030    0.1349    0.0328    0.1494    0.0001    0.0063   -0.1070        0.0423    0.0094   -5.4716
    0.0661    0.3615    0.2613    0.1342    0.0331    0.0705    0.0001    0.2668    0.2477        0.0742    0.0083   -8.1927
    0.0955    0.3615    0.2481    0.1968    0.0478    0.0705    0.0001    0.2317    0.3937        0.0235    0.0070   -9.3074
    0.0791    0.3465    0.1026    0.0833    0.0395    0.0765    0.0001    1.0026    0.2524       -0.1307    0.0363  -11.7347
    0.0697    0.3691    0.0888    0.1421    0.0349    0.0457    0.0001    1.5477    0.3117       -0.0649    0.0503  -16.1756
    0.0675    0.3927    0.2954    0.1367    0.0337    0.1002    0.0001    0.4799    0.3641        0.0769    0.0117  -17.6935
    0.0650    0.3887    0.2932    0.1325    0.0325    0.0996    0.0001    0.4735    0.3313        0.0761    0.0109  -18.0851
    0.0685    0.3864    0.2353    0.1182    0.0343    0.1017    0.0001    0.1647    0.2696        0.1002    0.0160   -2.7772
    0.0650    0.3826    0.1996    0.1334    0.0325    0.1027    0.0001    0.1130    0.2654        0.1027    0.0212   -4.9470
    0.1190    0.3395    0.2982    0.2476    0.0595    0.0334    0.0001    1.5254    0.7798        0.2080    0.0335  -11.2244
    0.1226    0.3328    0.3000    0.2560    0.0613    0.0334    0.0001    1.5562    0.7910        0.1524    0.0346  -11.1649
    0.0655    0.3492    0.2987    0.1345    0.0327    0.0904    0.0001    0.6144    0.2078        0.1265    0.0183  -11.9238
    0.0850    0.3558    0.1927    0.1752    0.0425    0.0919    0.0001    0.5464    0.2666        0.1681    0.0169  -13.1524
    0.0666    0.3813    0.2820    0.1344    0.0333    0.1293    0.0001    0.1817    0.1385        0.0841    0.0122   -3.1608
    0.0714    0.3813    0.2709    0.1454    0.0357    0.1293    0.0001    0.1282    0.2173        0.0820    0.0100   -3.4179
    0.0682    0.3944    0.2999    0.0032    0.0341    0.1831    0.0001    0.7940   -0.0697        0.0579    0.0093  -10.2028
    0.0673    0.4145    0.1709    0.0117    0.0337    0.1883    0.0001    5.1530   -0.1875       -0.2463   -0.0318  -15.3717
    0.0849    0.3350    0.2747    0.1760    0.0424    0.0768    0.0001    0.2233    0.2316       -0.0023    0.0106   -9.0610
    0.0652    0.3350    0.1957    0.1339    0.0326    0.0768    0.0001    0.2142    0.2349       -0.0025    0.0132   -9.5803
    0.0921    0.3233    0.1392    0.1910    0.0461    0.0430    0.0001    0.5701    0.7661       -0.0838    0.0091  -15.1773
    0.0925    0.3261    0.1447    0.1919    0.0463    0.0430    0.0001    0.5943    0.6423       -0.0854    0.0091  -15.6590
    0.0931    0.3078    0.1115    0.0032    0.0466    0.0538    0.0001    0.6093    0.3012       -0.0314    0.0335  -11.4711
    0.0881    0.3114    0.0746    0.0047    0.0441    0.0546    0.0001    0.6680    0.2679        0.0079    0.0049  -11.6862
    0.0650    0.3638    0.2087    0.1311    0.0325    0.0615    0.0001    0.2998    0.1228        0.1683    0.0078  -16.4208
    0.0650    0.3556    0.3000    0.1316    0.0325    0.0613    0.0001    0.6748    0.1026        0.2186    0.0207  -16.7108
    0.0652    0.3994    0.0428    0.1337    0.0326    0.1819    0.0001    0.0914    0.1682        0.0376   -0.0187   -3.7353
    0.0653    0.3994    0.0432    0.1337    0.0326    0.1819    0.0001    0.0902    0.1684        0.0376   -0.0187   -3.7424
    0.1403    0.3645    0.2924    0.2982    0.0701    0.1330    0.0001    0.7874    3.0514        1.0904   -0.0512  -31.9633
    0.1414    0.3625    0.2927    0.3061    0.0707    0.1327    0.0001    0.7873    3.0444        1.0904   -0.0512  -37.2049
    0.0844    0.3635    0.2932    0.1742    0.0422    0.0907    0.0001    0.4617    0.2757        0.0444    0.0104   -3.7653
    0.0958    0.3635    0.2752    0.1985    0.0479    0.0907    0.0001    0.4465    0.2711        0.0341    0.0110   -3.9489
    0.0651    0.3428    0.1073    0.1263    0.0325    0.0604    0.0001    0.1041    0.4840        0.0872   -0.0238  -10.0678
    0.0652    0.3429    0.1307    0.1332    0.0326    0.0604    0.0001    0.1091    0.8958        0.0936   -0.0627  -12.2458
    0.0651    0.3712    0.0340    0.1339    0.0325    0.0940    0.0001    0.3001    0.2049        0.1061    0.0137   -4.3113
    0.0650    0.3649    0.0341    0.1323    0.0325    0.0940    0.0001    0.3015    0.2074        0.1065    0.0139   -3.8892
    0.1098    0.3335    0.0324    0.1457    0.0549    0.1349    0.0001    0.9932    0.1671        0.1584    0.0067   -2.9711
    0.1038    0.3503    0.0393    0.2167    0.0519    0.1157    0.0001    1.2126    0.2675        0.2263    0.0095   -7.5932
    0.0666    0.3478    0.2411    0.1303    0.0333    0.0705    0.0001   -0.0140    0.2745        0.0173    0.0103   -7.2040
    0.0650    0.3535    0.2415    0.1316    0.0325    0.0710    0.0001   -0.0141    0.2786        0.0173    0.0105   -9.4728
    0.0984    0.3467    0.2905    0.2027    0.0492    0.0300    0.0001    0.2975    0.0097        0.0137    0.0022   -4.7354
    0.0871    0.3407    0.3000    0.1786    0.0436    0.0300    0.0001    0.3214    0.0098        0.0154    0.0025   -4.5483
    0.1377    0.3606    0.2999    0.2860    0.0688    0.0301    0.0001    0.7734    0.2992       -0.0215    0.0149    0.3164
    0.1388    0.3546    0.3000    0.2890    0.0694    0.0300    0.0001    0.6814    0.2094       -0.0226    0.0145    0.3063
    0.0819    0.3589    0.0137    0.1672    0.0410    0.0303    0.0001    0.4163    0.0558        0.2144    0.0212  -13.3371
    0.0759    0.3630    0.0214    0.1560    0.0379    0.0321    0.0001    0.6286    0.0305        0.3413    0.0293  -14.7746
    0.0664    0.3526    0.2346    0.1351    0.0332    0.1051    0.0001    0.4081    0.1534        0.1180    0.0128   -7.0231
    0.0672    0.3531    0.2347    0.1370    0.0336    0.1066    0.0001    0.3740    0.1519        0.1191    0.0127   -7.9713
    0.1081    0.2982    0.0103    0.0044    0.0540    0.0845    0.0001    0.3238    0.1447        0.1599    0.0073   -4.6649
    0.1158    0.3045    0.0127    0.0548    0.0579    0.0839    0.0001    0.4068    0.1598        0.1981    0.1364   -6.4040
    0.0783    0.3359    0.0151    0.0344    0.0391    0.1317    0.0001    0.4547    0.0636        0.0672    0.0111   -7.3279
    0.0696    0.3933    0.0840    0.1256    0.0348    0.2256    0.0001    2.6205    0.0262        0.0707   -0.0002   -9.2661
    0.0835    0.4181    0.2998    0.1731    0.0417    0.0536    0.0001    0.1785    0.2635        0.2049    0.0124   -6.1154
    0.0817    0.4133    0.2993    0.1692    0.0408    0.0498    0.0001    0.1790    0.2659        0.1961    0.0122   -7.2675
    0.0976    0.3028    0.0128    0.0118    0.0488    0.0783    0.0001    0.3981    0.1785        0.0719    0.0035  -10.3673
    0.1106    0.3012    0.0181    0.0508    0.0553    0.0588    0.0001    0.5475    0.2892        0.2734    0.0707  -12.9415
    0.0949    0.2961    0.2130    0.0002    0.0474    0.0310    0.0001    0.5472    0.1703       -0.1113   -0.0056   -8.3803
    0.0866    0.2972    0.0277    0.0002    0.0433    0.0300    0.0001    0.4323    0.1644       -0.0875   -0.0037   -8.9445
    0.0685    0.4184    0.0123    0.0035    0.0342    0.2973    0.0001    0.3913    0.1232        0.3491   -0.0241   -8.8678
    0.0729    0.4093    0.0110    0.0127    0.0365    0.2747    0.0001    0.3364    0.1718        0.3367   -0.1733  -10.4665
    0.1277    0.3526    0.2935    0.2790    0.0639    0.1257    0.0001    0.5636    0.7011        0.0460    0.0126   -1.9806
    0.1165    0.3522    0.2837    0.2431    0.0582    0.1240    0.0001    0.2932    0.8279        0.0532    0.0121   -2.9677
    0.0757    0.3152    0.0146    0.0295    0.0378    0.0634    0.0001    0.1400    0.4546       -0.1862    0.0024   -9.2831
    0.0682    0.3259    0.0115    0.0109    0.0341    0.0983    0.0001    0.1043    0.3519       -0.1780   -0.0014  -10.2335
    0.0650    0.3772    0.2397    0.0777    0.0325    0.0401    0.0001   -0.0354    0.1412        0.0625    0.0085  -11.1642
    0.0650    0.3725    0.0139    0.0574    0.0325    0.0408    0.0001    0.0143    0.1289        0.2160    0.0230  -11.7371
    0.0672    0.3438    0.0138    0.0568    0.0336    0.0636    0.0001    0.4333    0.2078        0.1891    0.0024  -14.1500
    0.0650    0.3414    0.0120    0.0025    0.0325    0.0792    0.0001    0.3613    0.1852        0.1942    0.0035  -14.6906
    0.0650    0.3787    0.2302    0.1335    0.0325    0.1324    0.0001    0.2162    0.2872        0.0757    0.0178  -10.9148
    0.0650    0.3761    0.1720    0.1317    0.0325    0.1228    0.0001    0.2038    0.5226        0.0973    0.0176  -12.6029
    0.0744    0.3406    0.2249    0.1523    0.0372    0.0877    0.0001    0.3528    0.1338        0.1027    0.0027   -2.0363
    0.0743    0.3378    0.2263    0.1534    0.0371    0.0879    0.0001    0.3586    0.1368        0.1031    0.0027   -0.7376
    0.0655    0.3343    0.2061    0.1330    0.0327    0.0350    0.0001    0.2166    0.0675        0.0927    0.0091  -11.3021
    0.0681    0.3320    0.1236    0.1392    0.0340    0.0349    0.0001    0.4875    0.0277        0.2025   -0.0043  -11.7078
    0.0711    0.3603    0.2993    0.1466    0.0355    0.1122    0.0001    0.4946    0.1348        0.0702    0.0062   -6.0131
    0.0729    0.3531    0.3000    0.1494    0.0365    0.0935    0.0001    0.4968    0.1383        0.0694    0.0071   -7.3137
    0.0650    0.3570    0.2993    0.1304    0.0325    0.1083    0.0001    0.2803    0.2092        0.1192    0.0117  -12.6864
    0.0652    0.3570    0.1298    0.1301    0.0326    0.1082    0.0001    0.2910    0.1890        0.1046    0.0122  -12.8835
    0.0723    0.3633    0.2380    0.1493    0.0362    0.1060    0.0001    0.3978    0.2074        0.1259    0.0116  -13.1125
    0.0650    0.3623    0.2438    0.1324    0.0325    0.1084    0.0001    0.3996    0.2060        0.1256    0.0115  -14.5548
    0.0900    0.2685    0.0100    0.0028    0.0450    0.0301    0.0001    0.3045    0.0845        0.0372    0.0339   -3.9754
    0.0939    0.2676    0.0106    0.0080    0.0469    0.0302    0.0001    0.3197    0.1644        0.0013    0.1695   -5.8913
    0.0655    0.3485    0.2772    0.1331    0.0327    0.1233    0.0001    0.1891    0.2030        0.1389    0.0151  -13.1739
    0.0650    0.3567    0.2628    0.1320    0.0325    0.1233    0.0001    0.1879    0.2178        0.1362    0.0150  -13.6082
    0.0971    0.3607    0.2999    0.2022    0.0486    0.0570    0.0001    0.8775    0.3613        0.1975    0.0045   -8.9038
    0.1241    0.3617    0.2171    0.2597    0.0621    0.0356    0.0001    1.2207    0.4076        0.2511    0.0045  -11.9298
    0.0684    0.3640    0.2950    0.1407    0.0342    0.0545    0.0001    0.3520    0.2478        0.0613    0.0086   -6.5030
    0.0749    0.3614    0.2991    0.1535    0.0375    0.0555    0.0001    0.3555    0.2506        0.0613    0.0079   -7.1649
    0.1158    0.3185    0.2047    0.0484    0.0579    0.0301    0.0001    0.2463    0.4440        0.1093    0.0144   -0.6467
    0.0910    0.3356    0.0100    0.0522    0.0455    0.0306    0.0001    0.1502    0.3127        0.0925    0.1554   -3.0253
    0.1028    0.3624    0.2989    0.2147    0.0514    0.1376    0.0001    0.2456    0.0456        0.0719    0.0004    5.8378
    0.1038    0.3557    0.2993    0.2169    0.0519    0.1335    0.0001    0.2460    0.0450        0.0722    0.0004    6.3214
    0.0719    0.3877    0.0143    0.1405    0.0359    0.1661    0.0001    0.4098    0.4577        0.1100    0.0149  -12.1532
    0.0683    0.3767    0.0150    0.1392    0.0342    0.1661    0.0001    0.4408    0.4782        0.1522    0.0124  -12.6236
    0.0650    0.3743    0.0678    0.1236    0.0325    0.0539    0.0001    0.2207    0.3473        0.1090    0.0211   -6.0978
    0.0652    0.3709    0.0701    0.1340    0.0326    0.0535    0.0001    0.2282    0.3544        0.1046    0.0200   -7.8376
    0.0655    0.3587    0.3000    0.0059    0.0328    0.1900    0.0001    0.0535    0.4304        0.5309   -0.0550  -11.8039
    0.0650    0.3676    0.3000    0.0023    0.0325    0.2195    0.0001    0.0239    0.3542        1.5551   -0.0321  -12.4137
    0.0876    0.3177    0.3000    0.0005    0.0438    0.0846    0.0001    0.3204    0.2581        0.0819    0.0070   -6.3043
    0.0872    0.3180    0.2997    0.0011    0.0436    0.0870    0.0001    0.3326    0.2522        0.0054    0.0113   -6.3855
    0.0941    0.3493    0.2264    0.1950    0.0471    0.0301    0.0001    0.0372    0.1981        0.2050    0.0223    0.9387
    0.1007    0.3413    0.2390    0.2091    0.0504    0.0300    0.0001    0.0428    0.2770        0.1956    0.0227    1.2795
    0.0699    0.3435    0.2596    0.1432    0.0350    0.0927    0.0001   -0.0088    0.2225        0.0935    0.0057   -4.8139
    0.0751    0.3435    0.2210    0.1549    0.0375    0.0927    0.0001   -0.0085    0.1632        0.0936    0.0057   -5.0610
    0.0656    0.3564    0.0135    0.1304    0.0328    0.0970    0.0001    1.0880    0.0149       -0.0284   -0.0011  -11.8729
    0.0650    0.3578    0.0135    0.1329    0.0325    0.0988    0.0001    1.0583    0.0142       -0.0280   -0.0011  -13.9851
    0.1001    0.3166    0.0148    0.1694    0.0500    0.0599    0.0001    0.2583    0.4345       -0.0845    0.0123    0.5780
    0.0934    0.3248    0.0165    0.1936    0.0467    0.0487    0.0001    0.2609    0.5183       -0.0922    0.0132   -3.8326
    0.0653    0.3530    0.2451    0.1332    0.0327    0.0647    0.0001   -0.1322    0.2442        0.1206    0.0098   -5.2440
    0.0725    0.3530    0.3000    0.1488    0.0362    0.0648    0.0001    0.2723    0.3480        0.1892   -0.0232   -6.2554
    0.0684    0.3716    0.2424    0.1375    0.0342    0.1301    0.0001    0.2059    0.1961        0.0758    0.0101   -4.3672
    0.0845    0.3703    0.1223    0.1739    0.0422    0.1269    0.0001    0.2401    0.2258        0.0446    0.0119   -5.4938
