    0.0781    0.3496    0.2809    0.1534    0.0391    0.1034    0.0001    0.4035    0.2752        0.0726    0.0096 -150.2654
    0.0825    0.3496    0.2995    0.1627    0.0413    0.1034    0.0001    0.5252    0.3155        0.0935    0.0126 -151.9702
    0.0819    0.3483    0.2993    0.1600    0.0410    0.0932    0.0001    0.3298    0.1980        0.1322    0.0109 -123.0056
    0.0832    0.3486    0.2938    0.1616    0.0416    0.0946    0.0001    0.4923    0.2404        0.1229    0.0059 -128.0508
    0.0798    0.3491    0.2164    0.1512    0.0399    0.1041    0.0001    0.3832    0.2783        0.0867    0.0124 -109.7787
    0.0797    0.3492    0.2137    0.1519    0.0398    0.1043    0.0001    0.3807    0.3006        0.0674    0.0129 -110.1862
    0.0889    0.3289    0.1518    0.1268    0.0444    0.0820    0.0001    0.3565    0.1766        0.0991    0.0057  -89.7200
    0.0936    0.3366    0.2578    0.1599    0.0468    0.0923    0.0001    0.4704    0.2715        0.1122    0.0029  -93.5003
    0.0854    0.3495    0.2999    0.1551    0.0427    0.1035    0.0001    0.4005    0.3115        0.1075    0.0074 -110.6424
    0.0822    0.3500    0.2569    0.1615    0.0411    0.1026    0.0001    0.4412    0.2659        0.1103    0.0078 -115.0487
    0.0874    0.3321    0.2760    0.1293    0.0437    0.0905    0.0001    0.4077    0.2522        0.1419    0.0116 -129.3156
    0.0851    0.3397    0.2997    0.1544    0.0425    0.0949    0.0001    0.4391    0.2802        0.1350    0.0081 -131.5463
    0.0789    0.3502    0.2723    0.1535    0.0395    0.0999    0.0001    0.5281    0.3021        0.1248    0.0166 -187.6317
    0.0783    0.3505    0.2718    0.1561    0.0391    0.1010    0.0001    0.5313    0.3016        0.1367    0.0160 -190.1186
    0.0942    0.3082    0.1166    0.0908    0.0471    0.0489    0.0001    0.3092    0.2179        0.0655    0.0093 -102.3401
    0.0960    0.3209    0.1831    0.1309    0.0480    0.0604    0.0001    0.4023    0.2638        0.0886    0.0148 -105.1015
    0.0996    0.3088    0.1879    0.1045    0.0498    0.0346    0.0001    0.2665    0.1653        0.0736    0.0069  -50.3477
    0.0928    0.3453    0.2794    0.1868    0.0464    0.0884    0.0001    0.3393    0.3043        0.0566    0.0122  -64.6319
    0.0838    0.3486    0.2835    0.1603    0.0419    0.1030    0.0001    0.5461    0.3334        0.0608    0.0110 -159.1613
    0.0823    0.3474    0.2670    0.1530    0.0411    0.1055    0.0001    0.5313    0.3402        0.0598    0.0105 -157.3527
    0.0917    0.3389    0.2987    0.1492    0.0459    0.0888    0.0001    0.3896    0.3331        0.1247    0.0151 -106.8878
    0.0902    0.3407    0.2975    0.1797    0.0451    0.0883    0.0001    0.4311    0.3444        0.0726    0.0151 -111.0514
    0.0750    0.3404    0.1723    0.1443    0.0375    0.0879    0.0001    0.3642    0.1481        0.1092    0.0095 -129.1182
    0.0742    0.3407    0.1703    0.1454    0.0371    0.0883    0.0001    0.3928    0.1461        0.1075    0.0084 -130.4824
    0.0866    0.3500    0.2966    0.1713    0.0433    0.1014    0.0001    0.3895    0.2860        0.1847    0.0110 -126.4302
    0.0833    0.3498    0.2376    0.1616    0.0416    0.1008    0.0001    0.4934    0.3128        0.1532    0.0109 -131.4759
    0.0838    0.3468    0.2897    0.1510    0.0419    0.1052    0.0001    0.3925    0.3446        0.0907    0.0115 -120.8232
    0.0788    0.3487    0.2305    0.1481    0.0394    0.1031    0.0001    0.3698    0.2914        0.1054    0.0124 -123.0437
    0.0927    0.3263    0.2474    0.1306    0.0464    0.0699    0.0001    0.2888    0.2505        0.0372    0.0082  -62.3272
    0.0861    0.3310    0.1812    0.1257    0.0431    0.0745    0.0001    0.2639    0.2139        0.0167    0.0171  -63.2078
    0.0843    0.3526    0.2681    0.1645    0.0421    0.1181    0.0001    0.4243    0.2381        0.1476    0.0150 -103.9807
    0.0829    0.3518    0.2428    0.1595    0.0415    0.1162    0.0001    0.4333    0.3439        0.1082    0.0198 -109.1572
    0.0755    0.3557    0.2683    0.1491    0.0377    0.0953    0.0001    0.3290    0.2567        0.1252    0.0133 -139.3254
    0.0769    0.3555    0.2477    0.1493    0.0385    0.0951    0.0001    0.4279    0.3098        0.1389    0.0126 -142.4632
    0.0935    0.3394    0.2936    0.1591    0.0467    0.0917    0.0001    0.3706    0.2709        0.1319    0.0052  -65.5162
    0.0945    0.3402    0.3000    0.1641    0.0473    0.0898    0.0001    0.3954    0.2986        0.0487    0.0061  -67.6844
    0.0963    0.3073    0.1954    0.0988    0.0481    0.0520    0.0001    0.3591    0.2038        0.1333    0.0085 -101.6252
    0.0945    0.3269    0.2493    0.1510    0.0472    0.0704    0.0001    0.4336    0.2535        0.1662   -0.0118 -105.0318
    0.0856    0.3509    0.2983    0.1724    0.0428    0.1002    0.0001    0.3744    0.2585        0.1768    0.0120 -112.7175
    0.0856    0.3509    0.3000    0.1724    0.0428    0.1002    0.0001    0.3765    0.2563        0.1844    0.0121 -112.4665
    0.0873    0.3419    0.2924    0.1432    0.0437    0.0979    0.0001    0.3718    0.3163        0.1074    0.0105 -122.5538
    0.0809    0.3440    0.2380    0.1597    0.0404    0.1002    0.0001    0.3764    0.2938        0.1053    0.0127 -126.2570
    0.0805    0.3485    0.1865    0.1372    0.0403    0.1022    0.0001    0.3587    0.1570        0.1062    0.0116  -82.7632
    0.0873    0.3497    0.2986    0.1658    0.0436    0.1019    0.0001    0.4531    0.2711        0.1277    0.0043  -89.1657
    0.0840    0.3464    0.3000    0.1614    0.0420    0.0928    0.0001    0.3296    0.3015        0.1113    0.0109  -89.7759
    0.0855    0.3464    0.2903    0.1645    0.0427    0.0928    0.0001    0.3035    0.3445        0.1058    0.0126  -90.6782
    0.0894    0.3378    0.3000    0.1744    0.0447    0.0803    0.0001    0.4055    0.3062        0.1141    0.0132 -108.8566
    0.0887    0.3378    0.2990    0.1730    0.0444    0.0802    0.0001    0.4498    0.2750        0.1146    0.0062 -109.6542
    0.0819    0.3391    0.2299    0.1393    0.0409    0.0863    0.0001    0.3438    0.2709        0.1306    0.0131 -132.6520
    0.0829    0.3393    0.2511    0.1448    0.0414    0.0858    0.0001    0.3614    0.3231        0.1320    0.0081 -133.2308
    0.0844    0.3433    0.2406    0.1687    0.0422    0.0960    0.0001    0.4179    0.2795        0.1214    0.0067 -143.0189
    0.0831    0.3433    0.2802    0.1660    0.0416    0.0960    0.0001    0.4376    0.3001        0.1327    0.0066 -144.0041
    0.0753    0.3453    0.1656    0.1194    0.0376    0.0929    0.0001    0.2932    0.1767        0.1222    0.0147  -92.4924
    0.0757    0.3466    0.1515    0.1426    0.0378    0.0935    0.0001    0.3364    0.1580        0.0687    0.0139  -98.4658
    0.0787    0.3544    0.2847    0.1491    0.0394    0.1074    0.0001    0.4076    0.2144        0.1489    0.0126 -114.2799
    0.0795    0.3546    0.2543    0.1539    0.0398    0.1075    0.0001    0.4275    0.2318        0.1402    0.0127 -115.7296
    0.0828    0.3462    0.2489    0.1596    0.0414    0.0950    0.0001    0.4299    0.2721        0.1172    0.0096 -121.5224
    0.0764    0.3462    0.1566    0.1455    0.0382    0.0950    0.0001    0.3935    0.1917        0.1073    0.0160 -123.0831
    0.0836    0.3412    0.1857    0.1211    0.0418    0.0953    0.0001    0.3302    0.1789        0.0946    0.0074  -95.3657
    0.0874    0.3495    0.3000    0.1612    0.0437    0.1021    0.0001    0.4491    0.2695        0.0951    0.0098 -100.7301
    0.0784    0.3425    0.2024    0.1190    0.0392    0.0996    0.0001    0.3098    0.1891        0.0945    0.0100 -109.8919
    0.0845    0.3426    0.2851    0.1338    0.0423    0.0986    0.0001    0.3592    0.2504        0.1016    0.0591 -111.7838
    0.0894    0.3290    0.1491    0.1156    0.0447    0.0738    0.0001    0.2709    0.2112        0.1215    0.0124  -71.4225
    0.0875    0.3355    0.1554    0.1272    0.0437    0.0789    0.0001    0.2972    0.2154        0.1121    0.0659  -73.4995
    0.0952    0.3361    0.2999    0.1540    0.0476    0.0840    0.0001    0.4053    0.2520        0.1361    0.0092  -72.8398
    0.0957    0.3359    0.3000    0.1545    0.0478    0.0839    0.0001    0.4002    0.2674        0.0951    0.0147  -73.4253
    0.0888    0.3503    0.2187    0.1749    0.0444    0.0998    0.0001    0.5329    0.3657        0.1354    0.0213 -119.7678
    0.0939    0.3502    0.2460    0.1871    0.0469    0.0993    0.0001    0.5127    0.4140        0.1540    0.0148 -121.6670
    0.0844    0.3447    0.2762    0.1520    0.0422    0.1104    0.0001    0.4317    0.1935        0.1155    0.0114  -88.0496
    0.0815    0.3486    0.2560    0.1516    0.0407    0.1028    0.0001    0.3995    0.2222        0.1123    0.0109  -92.4589
    0.0728    0.3473    0.1817    0.1368    0.0364    0.0903    0.0001    0.2889    0.2731        0.0532    0.0136 -134.9914
    0.0717    0.3474    0.1553    0.1364    0.0359    0.0903    0.0001    0.3181    0.2440        0.0154    0.0149 -136.3026
    0.0809    0.3522    0.1544    0.1474    0.0405    0.0938    0.0001    0.3705    0.2420        0.0521    0.0105  -67.8081
    0.0812    0.3526    0.1780    0.1570    0.0406    0.0946    0.0001    0.3842    0.2091        0.0589    0.0113  -71.5980
    0.0793    0.3419    0.2215    0.1533    0.0396    0.0887    0.0001    0.3293    0.2043        0.0393    0.0072  -75.8522
    0.0786    0.3419    0.1853    0.1514    0.0393    0.0886    0.0001    0.2684    0.2264        0.0419    0.0082  -78.0755
    0.0800    0.3506    0.2748    0.1527    0.0400    0.1146    0.0001    0.3920    0.2571        0.1503    0.0129 -103.4831
    0.0817    0.3507    0.2834    0.1568    0.0408    0.1146    0.0001    0.5129    0.2200        0.1242    0.0239 -106.2731
    0.0856    0.3472    0.2999    0.1399    0.0428    0.1066    0.0001    0.3627    0.1587        0.1214    0.0037  -90.2997
    0.0858    0.3484    0.2984    0.1494    0.0429    0.1024    0.0001    0.3763    0.1815        0.0952    0.0053  -91.4806
    0.0806    0.3396    0.2430    0.1350    0.0403    0.0887    0.0001    0.3852    0.1589        0.0703    0.0094 -119.1196
    0.0798    0.3402    0.2446    0.1510    0.0399    0.0879    0.0001    0.3611    0.2469        0.0948    0.0136 -122.6779
    0.0833    0.3477    0.2896    0.1627    0.0416    0.1064    0.0001    0.5174    0.2350        0.0829    0.0108 -114.0713
    0.0733    0.3486    0.1221    0.1357    0.0366    0.1100    0.0001    0.3800    0.1963        0.0448    0.0116 -117.8076
    0.0832    0.3465    0.2880    0.1579    0.0416    0.0952    0.0001    0.3833    0.2679        0.0813    0.0095 -131.2422
    0.0794    0.3468    0.2217    0.1527    0.0397    0.0934    0.0001    0.3838    0.2836        0.0922    0.0097 -135.0058
    0.0846    0.3422    0.2233    0.1457    0.0423    0.0837    0.0001    0.3755    0.2836       -0.0057    0.0087 -127.8789
    0.0835    0.3415    0.1863    0.1369    0.0418    0.0824    0.0001    0.3579    0.2877        0.0060   -0.0306 -129.2197
    0.0857    0.3387    0.2034    0.1334    0.0428    0.0950    0.0001    0.3315    0.2569        0.1189    0.0058  -87.8986
    0.0885    0.3422    0.2528    0.1503    0.0442    0.1032    0.0001    0.3809    0.2979        0.1226    0.0038  -88.8755
    0.0782    0.3468    0.1452    0.1138    0.0391    0.1028    0.0001    0.3288    0.2243        0.1344    0.0056 -125.1782
    0.0902    0.3488    0.2991    0.1707    0.0451    0.1030    0.0001    0.4972    0.3393        0.2089   -0.0026 -132.1580
    0.1038    0.3025    0.2107    0.0905    0.0519    0.0476    0.0001    0.2579    0.1990        0.1372    0.0112  -36.1793
    0.1025    0.3288    0.2992    0.1501    0.0512    0.0800    0.0001    0.3638    0.2808        0.1385    0.0097  -41.0788
    0.0911    0.3340    0.1749    0.1327    0.0455    0.0785    0.0001    0.3279    0.2142        0.0678    0.0134  -66.3072
    0.0921    0.3344    0.1850    0.1375    0.0461    0.0786    0.0001    0.3204    0.2673        0.0914    0.0748  -69.5399
    0.0826    0.3477    0.2074    0.1607    0.0413    0.0910    0.0001    0.4130    0.0994        0.0628    0.0159  -75.5361
    0.0817    0.3479    0.2289    0.1615    0.0409    0.0906    0.0001    0.4540    0.1138        0.0612    0.0147  -76.9775
    0.0762    0.3495    0.1723    0.1362    0.0381    0.0861    0.0001    0.2345    0.2454        0.0694    0.0198 -135.4137
    0.0720    0.3498    0.1254    0.1345    0.0360    0.0848    0.0001    0.2676    0.2553        0.0699    0.0174 -138.1038
    0.0777    0.3476    0.1747    0.1295    0.0388    0.1107    0.0001    0.3980    0.2526        0.0707    0.0149  -99.1069
    0.0782    0.3492    0.1713    0.1496    0.0391    0.1040    0.0001    0.4004    0.2026        0.0801    0.0133 -104.1248
    0.0835    0.3490    0.2976    0.1647    0.0417    0.1082    0.0001    0.4846    0.2609        0.1313    0.0090 -129.8733
    0.0814    0.3497    0.2999    0.1632    0.0407    0.1067    0.0001    0.4814    0.2656        0.1329    0.0090 -133.7691
    0.0857    0.3411    0.2440    0.1503    0.0429    0.0853    0.0001    0.3605    0.2390        0.1218    0.0110 -101.8393
    0.0885    0.3413    0.2807    0.1620    0.0442    0.0851    0.0001    0.3976    0.2411        0.1353    0.0102 -102.0421
    0.0821    0.3412    0.2374    0.1256    0.0411    0.1044    0.0001    0.3877    0.2500        0.0963    0.0101 -127.8937
    0.0824    0.3410    0.2162    0.1255    0.0412    0.1040    0.0001    0.3719    0.2751        0.1180    0.0189 -128.9233
    0.0823    0.3461    0.2991    0.1656    0.0412    0.1101    0.0001    0.3713    0.2773        0.1310    0.0114 -107.2380
    0.0784    0.3535    0.2957    0.1570    0.0392    0.1101    0.0001    0.4105    0.2830        0.1322    0.0101 -110.3378
    0.0968    0.3172    0.1778    0.1134    0.0484    0.0591    0.0001    0.2655    0.1840        0.0798    0.0141  -39.8507
    0.0878    0.3477    0.2309    0.1634    0.0439    0.0998    0.0001    0.3911    0.2569        0.0716    0.0216  -48.2707
    0.0816    0.3498    0.1834    0.1414    0.0408    0.0992    0.0001    0.4356    0.1601        0.1450    0.0075 -104.3549
    0.0848    0.3510    0.2200    0.1680    0.0424    0.0990    0.0001    0.4760    0.1854        0.2287    0.0080 -113.2809
    0.0831    0.3415    0.1831    0.1251    0.0416    0.0985    0.0001    0.4339    0.2299        0.0860    0.0117 -141.5779
    0.0864    0.3424    0.2349    0.1422    0.0432    0.0986    0.0001    0.4567    0.3088        0.1347    0.0194 -143.6529
    0.0764    0.3484    0.2257    0.1335    0.0382    0.1030    0.0001    0.3742    0.2094        0.1217    0.0126 -149.2535
    0.0719    0.3479    0.1246    0.1214    0.0359    0.1026    0.0001    0.3446    0.2131        0.1091    0.0262 -152.3494
    0.0706    0.3446    0.1670    0.1236    0.0353    0.1044    0.0001    0.2543    0.2030        0.0875    0.0086 -142.2397
    0.0729    0.3447    0.1908    0.1338    0.0364    0.1041    0.0001    0.3514    0.2399        0.0600    0.0072 -145.1781
    0.0772    0.3544    0.2651    0.1528    0.0386    0.1065    0.0001    0.4245    0.3266        0.0625    0.0117 -144.6108
    0.0779    0.3544    0.2618    0.1543    0.0389    0.1065    0.0001    0.4876    0.3125        0.0640    0.0119 -145.5088
    0.0842    0.3385    0.1374    0.1456    0.0421    0.0828    0.0001    0.3692    0.2368        0.0530    0.0110  -91.4160
    0.0927    0.3393    0.2339    0.1764    0.0464    0.0832    0.0001    0.4911    0.3249        0.1075   -0.0210  -95.0428
    0.0876    0.3393    0.1867    0.1332    0.0438    0.0860    0.0001    0.3991    0.2805        0.0555    0.0072 -102.2858
    0.0880    0.3413    0.2167    0.1505    0.0440    0.0843    0.0001    0.4023    0.2960        0.0925   -0.0006 -103.8951
    0.0841    0.3463    0.2463    0.1526    0.0420    0.0952    0.0001    0.4668    0.2494        0.1059    0.0089 -140.1201
    0.0809    0.3453    0.1874    0.1301    0.0405    0.0954    0.0001    0.4199    0.2323        0.0789    0.0142 -140.9303
    0.0871    0.3475    0.2992    0.1742    0.0435    0.0902    0.0001    0.3318    0.3679        0.1109    0.0123  -84.0888
    0.0827    0.3475    0.1962    0.1648    0.0413    0.0902    0.0001    0.3132    0.2517        0.0745    0.0132  -85.2863
    0.0751    0.3532    0.2923    0.1429    0.0375    0.1120    0.0001    0.4289    0.2496        0.1556    0.0128 -179.9268
    0.0695    0.3532    0.1846    0.1311    0.0347    0.1120    0.0001    0.4690    0.2584        0.1349    0.0129 -184.3893
    0.0860    0.3498    0.2948    0.1703    0.0430    0.0960    0.0001    0.3318    0.2738        0.1495    0.0141  -84.3902
    0.0787    0.3496    0.1785    0.1498    0.0393    0.0960    0.0001    0.3423    0.2437        0.1048    0.0165  -87.8813
    0.0803    0.3487    0.2804    0.1505    0.0402    0.1037    0.0001    0.4348    0.3566        0.0872    0.0165 -146.5104
    0.0830    0.3488    0.2798    0.1604    0.0415    0.1035    0.0001    0.4902    0.3228        0.0918    0.0167 -148.0639
    0.0884    0.3387    0.2149    0.1236    0.0442    0.0917    0.0001    0.3212    0.2000        0.1390    0.0061  -73.0772
    0.0894    0.3481    0.2698    0.1522    0.0447    0.1036    0.0001    0.4181    0.2439        0.0993    0.0036  -76.2167
    0.0852    0.3428    0.2586    0.1436    0.0426    0.0992    0.0001    0.3645    0.1970        0.0883    0.0085  -99.8740
    0.0795    0.3437    0.1542    0.1361    0.0397    0.0929    0.0001    0.3377    0.1908        0.0860    0.0092 -102.9437
    0.0749    0.3491    0.1152    0.1325    0.0374    0.0838    0.0001    0.2757    0.2160        0.0488    0.0125  -87.5244
    0.0847    0.3499    0.2233    0.1636    0.0423    0.0847    0.0001    0.4329    0.3071        0.1104    0.0122  -92.2358
    0.0780    0.3501    0.1756    0.1177    0.0390    0.1144    0.0001    0.3779    0.1812        0.1074    0.0082 -106.9649
    0.0810    0.3509    0.2231    0.1402    0.0405    0.1141    0.0001    0.4032    0.2163        0.0940    0.0009 -108.3260
    0.0903    0.3207    0.2074    0.1226    0.0451    0.0557    0.0001    0.2956    0.2254        0.0619    0.0083  -93.5181
    0.0893    0.3191    0.1860    0.1161    0.0446    0.0540    0.0001    0.2796    0.2075        0.0613    0.0088  -93.6334
    0.0891    0.3430    0.2998    0.1730    0.0446    0.0879    0.0001    0.3954    0.3215        0.1242    0.0096  -86.4796
    0.0879    0.3427    0.2610    0.1690    0.0439    0.0870    0.0001    0.3650    0.3679        0.0742    0.0134  -88.7585
    0.0808    0.3444    0.1933    0.1339    0.0404    0.0906    0.0001    0.4140    0.2321        0.1188    0.0050 -134.2464
    0.0784    0.3442    0.1550    0.1258    0.0392    0.0908    0.0001    0.3789    0.2066        0.0934    0.0061 -134.5799
    0.0828    0.3506    0.2963    0.1593    0.0414    0.0995    0.0001    0.3382    0.2349        0.1734    0.0120 -100.0229
    0.0856    0.3506    0.2984    0.1652    0.0428    0.0995    0.0001    0.3988    0.2622        0.1485    0.0098 -101.1373
    0.0909    0.3421    0.2872    0.1788    0.0454    0.0925    0.0001    0.4316    0.3247        0.1047    0.0145 -139.7883
    0.0875    0.3452    0.2849    0.1730    0.0438    0.0886    0.0001    0.4751    0.3736        0.1083    0.0146 -144.4451
    0.0819    0.3418    0.2202    0.1435    0.0409    0.0797    0.0001    0.3808    0.2651        0.1822    0.0098 -126.3501
    0.0774    0.3413    0.1402    0.1298    0.0387    0.0791    0.0001    0.3373    0.1810        0.1221    0.0126 -128.8912
    0.0881    0.3427    0.2983    0.1761    0.0441    0.1009    0.0001    0.4436    0.3595        0.1046    0.0132 -120.7511
    0.0857    0.3425    0.2470    0.1672    0.0428    0.1010    0.0001    0.4053    0.4422        0.0812    0.0162 -123.8530
    0.0822    0.3551    0.2933    0.1492    0.0411    0.1190    0.0001    0.4312    0.2669        0.1242    0.0092 -149.4105
    0.0762    0.3501    0.1290    0.1151    0.0381    0.1087    0.0001    0.3317    0.2464        0.0597    0.0567 -155.1602
    0.0795    0.3488    0.2615    0.1485    0.0398    0.1036    0.0001    0.3588    0.1231        0.0563    0.0122  -58.5126
    0.0777    0.3489    0.1648    0.1465    0.0388    0.1035    0.0001    0.3193    0.1499        0.0878    0.0084  -62.6410
    0.0777    0.3413    0.2033    0.1419    0.0389    0.1015    0.0001    0.3871    0.2109        0.1117    0.0117 -104.6636
    0.0839    0.3429    0.3000    0.1621    0.0420    0.0958    0.0001    0.4403    0.2827        0.1061    0.0136 -110.7357
    0.0891    0.3363    0.1402    0.1469    0.0446    0.0807    0.0001    0.3689    0.2202        0.0757    0.0115  -71.2054
    0.0984    0.3372    0.2444    0.1796    0.0492    0.0807    0.0001    0.4639    0.2988        0.1333    0.0137  -73.5027
    0.0855    0.3420    0.2249    0.1492    0.0427    0.1015    0.0001    0.4408    0.3531        0.0868    0.0150 -114.8079
    0.0849    0.3434    0.2442    0.1641    0.0424    0.0987    0.0001    0.4735    0.3403        0.0851    0.0204 -116.7895
    0.0933    0.3169    0.1658    0.1011    0.0467    0.0602    0.0001    0.2973    0.1459        0.0727    0.0076  -63.2782
    0.0998    0.3292    0.2816    0.1399    0.0499    0.0703    0.0001    0.4217    0.2306        0.1333    0.0545  -69.7144
    0.0754    0.3514    0.2166    0.1441    0.0377    0.1173    0.0001    0.3755    0.2368        0.1523    0.0123 -135.5509
    0.0809    0.3514    0.3000    0.1579    0.0405    0.1169    0.0001    0.4616    0.3277        0.1440    0.0115 -137.7427
    0.0783    0.3454    0.1697    0.1214    0.0391    0.0963    0.0001    0.3758    0.1926        0.1338    0.0094 -148.7711
    0.0842    0.3467    0.2704    0.1530    0.0421    0.0968    0.0001    0.5195    0.2720        0.1692    0.0107 -151.0420
    0.0912    0.3416    0.2393    0.1542    0.0456    0.1036    0.0001    0.4177    0.2731        0.1430    0.0146  -84.1394
    0.0926    0.3422    0.2712    0.1646    0.0463    0.1035    0.0001    0.4364    0.2830        0.1895    0.0189  -84.8417
    0.0741    0.3607    0.2907    0.1429    0.0371    0.1108    0.0001    0.4309    0.2226        0.1611    0.0093 -145.0819
    0.0737    0.3607    0.2272    0.1440    0.0368    0.1104    0.0001    0.4550    0.2921        0.1282    0.0060 -150.3212
    0.0819    0.3501    0.2763    0.1623    0.0409    0.1054    0.0001    0.3573    0.2368        0.1118    0.0128 -116.4943
    0.0828    0.3501    0.2932    0.1644    0.0414    0.1054    0.0001    0.4195    0.3452        0.0770    0.0144 -119.2817
    0.0698    0.3500    0.1543    0.1311    0.0349    0.1060    0.0001    0.2583    0.1915        0.0840    0.0142 -133.1911
    0.0700    0.3462    0.1085    0.1094    0.0350    0.1063    0.0001    0.2383    0.2043        0.0462    0.0016 -134.2864
    0.0916    0.3289    0.2491    0.1359    0.0458    0.0662    0.0001    0.3864    0.2146        0.1291    0.0086 -119.0745
    0.0898    0.3287    0.2253    0.1299    0.0449    0.0667    0.0001    0.3703    0.2258        0.1298    0.0087 -119.3673
    0.0861    0.3350    0.2582    0.1235    0.0430    0.0859    0.0001    0.3898    0.2923        0.0868    0.0068 -131.4710
    0.0835    0.3349    0.2172    0.1185    0.0418    0.0853    0.0001    0.3599    0.2635        0.0750    0.0077 -131.7792
    0.0803    0.3515    0.2244    0.1543    0.0402    0.1172    0.0001    0.4649    0.2968        0.0944    0.0068 -137.2234
    0.0787    0.3515    0.2134    0.1512    0.0394    0.1173    0.0001    0.4806    0.2742        0.1356    0.0071 -138.2191
    0.0922    0.3303    0.2274    0.1205    0.0461    0.0846    0.0001    0.3632    0.1340        0.1256    0.0079  -71.7580
    0.0915    0.3462    0.2999    0.1751    0.0458    0.0948    0.0001    0.4754    0.3032        0.1323    0.0095  -82.0995
    0.0805    0.3395    0.2237    0.1264    0.0403    0.0889    0.0001    0.3107    0.2232        0.0696    0.0111 -121.9318
    0.0801    0.3395    0.2161    0.1246    0.0400    0.0890    0.0001    0.3545    0.2354        0.0730   -0.0425 -123.7295
    0.0860    0.3487    0.3000    0.1605    0.0430    0.1026    0.0001    0.4179    0.2885        0.0813    0.0130  -98.7788
    0.0846    0.3491    0.2725    0.1604    0.0423    0.1032    0.0001    0.3960    0.3028        0.1016    0.0164  -99.2903
    0.0841    0.3430    0.2263    0.1260    0.0421    0.0956    0.0001    0.4133    0.1709        0.1166    0.0067 -117.7614
    0.0794    0.3421    0.1373    0.1092    0.0397    0.0945    0.0001    0.3169    0.1557        0.1062    0.0066 -120.0117
    0.0779    0.3475    0.1707    0.1391    0.0390    0.1001    0.0001    0.3922    0.2258        0.1190    0.0199 -145.8325
    0.0814    0.3490    0.2272    0.1491    0.0407    0.1035    0.0001    0.4629    0.2588        0.1234    0.0258 -146.8947
    0.0850    0.3342    0.1960    0.1345    0.0425    0.0796    0.0001    0.2814    0.1802        0.0972    0.0041  -58.3321
    0.0815    0.3353    0.1614    0.1288    0.0407    0.0848    0.0001    0.2579    0.1481        0.0747    0.0050  -59.6579
    0.0878    0.3439    0.2817    0.1414    0.0439    0.0954    0.0001    0.3720    0.2352        0.1369    0.0132  -97.5396
    0.0888    0.3436    0.2853    0.1399    0.0444    0.0907    0.0001    0.3765    0.2377        0.1385    0.0133 -100.3352
    0.0889    0.3457    0.2999    0.1583    0.0445    0.0809    0.0001    0.5134    0.3349        0.1126    0.0155 -146.7008
    0.0859    0.3468    0.2773    0.1670    0.0430    0.0881    0.0001    0.4862    0.3182        0.1399    0.1223 -151.0085
    0.0700    0.3489    0.1651    0.1275    0.0350    0.1034    0.0001    0.2560    0.1600        0.0976    0.0106 -124.6394
    0.0745    0.3490    0.2180    0.1392    0.0372    0.1034    0.0001    0.3628    0.1823        0.1043    0.0082 -126.8806
    0.0886    0.3442    0.2504    0.1693    0.0443    0.0973    0.0001    0.4114    0.2309        0.0781    0.0063 -102.2200
    0.0809    0.3443    0.1817    0.1554    0.0404    0.0975    0.0001    0.3763    0.2261        0.0914    0.0067 -104.1702
    0.0804    0.3484    0.2526    0.1474    0.0402    0.1020    0.0001    0.4269    0.2493        0.0943    0.0172 -133.6959
    0.0747    0.3486    0.1629    0.1388    0.0373    0.1020    0.0001    0.4108    0.2147        0.0972    0.0189 -136.0374
    0.0935    0.3184    0.1835    0.1083    0.0467    0.0551    0.0001    0.3400    0.2347        0.0856    0.0059 -124.5422
    0.0950    0.3194    0.2037    0.1132    0.0475    0.0568    0.0001    0.3601    0.2461        0.1106   -0.0093 -124.9296
    0.0836    0.3531    0.2996    0.1596    0.0418    0.1113    0.0001    0.4622    0.3114        0.1696    0.0124 -125.7468
    0.0819    0.3473    0.2523    0.1564    0.0409    0.1070    0.0001    0.4476    0.2972        0.0971    0.0080 -126.5657
    0.0811    0.3490    0.2837    0.1602    0.0405    0.1027    0.0001    0.4693    0.2764        0.0622    0.0131 -129.1004
    0.0856    0.3434    0.2719    0.1650    0.0428    0.0984    0.0001    0.4909    0.3910        0.0525    0.0065 -131.3509
    0.0750    0.3496    0.2093    0.1499    0.0375    0.1034    0.0001    0.3448    0.2701        0.0761    0.0008 -127.6836
    0.0783    0.3493    0.1919    0.1528    0.0392    0.1032    0.0001    0.3286    0.2961        0.0836    0.0009 -126.0228
    0.0806    0.3506    0.1441    0.1499    0.0403    0.0904    0.0001    0.4909    0.2474        0.0982    0.0181  -97.4576
    0.0835    0.3458    0.1717    0.1571    0.0418    0.0859    0.0001    0.4733    0.2276        0.1047    0.0168  -97.9615
    0.0838    0.3500    0.2987    0.1620    0.0419    0.1023    0.0001    0.3846    0.3257        0.1058    0.0084 -120.0856
    0.0794    0.3500    0.2052    0.1529    0.0397    0.1023    0.0001    0.4071    0.2949        0.1223    0.0086 -123.9494
    0.0807    0.3546    0.2999    0.1579    0.0404    0.1085    0.0001    0.4445    0.2412        0.1456    0.0074 -141.6409
    0.0819    0.3546    0.2881    0.1603    0.0409    0.1085    0.0001    0.5094    0.2319        0.1278    0.0079 -142.9496
    0.0860    0.3441    0.2740    0.1515    0.0430    0.0899    0.0001    0.4836    0.2893        0.1094    0.0119 -121.5132
    0.0766    0.3442    0.1198    0.1318    0.0383    0.0898    0.0001    0.3775    0.1871        0.0664    0.0190 -125.3945
    0.0817    0.3471    0.1742    0.1297    0.0409    0.1009    0.0001    0.4651    0.2590        0.1320    0.0088 -106.0041
    0.0845    0.3484    0.1987    0.1492    0.0423    0.1030    0.0001    0.4389    0.2750        0.1269   -0.0047 -108.5013
    0.0764    0.3479    0.1552    0.1278    0.0382    0.1036    0.0001    0.4118    0.2450        0.0415    0.0105 -102.9117
    0.0776    0.3488    0.1953    0.1495    0.0388    0.1023    0.0001    0.4312    0.2202        0.0457    0.0083 -108.8196
    0.0855    0.3331    0.2292    0.1241    0.0428    0.0706    0.0001    0.3311    0.2137        0.0921    0.0093 -135.9154
    0.0877    0.3311    0.2222    0.1248    0.0438    0.0690    0.0001    0.3590    0.2513        0.1226   -0.0144 -137.8545
    0.0849    0.3429    0.2625    0.1478    0.0424    0.0797    0.0001    0.4305    0.2354        0.1174    0.0080 -151.4371
    0.0806    0.3424    0.1959    0.1290    0.0403    0.0794    0.0001    0.3663    0.2402        0.0946    0.0077 -152.6235
    0.0835    0.3487    0.2932    0.1596    0.0418    0.1030    0.0001    0.4157    0.2286        0.1358    0.0107 -105.6325
    0.0843    0.3490    0.2847    0.1628    0.0422    0.1031    0.0001    0.4140    0.2722        0.0925    0.0072 -106.9628
    0.0913    0.3182    0.2032    0.1033    0.0456    0.0632    0.0001    0.3446    0.1389        0.0327    0.0123  -85.1355
    0.0941    0.3313    0.2968    0.1401    0.0471    0.0818    0.0001    0.4181    0.1998        0.0545    0.0247  -87.3672
    0.0777    0.3532    0.2593    0.1481    0.0388    0.1117    0.0001    0.3848    0.2026        0.1126    0.0147 -113.4475
    0.0798    0.3523    0.2606    0.1473    0.0399    0.1101    0.0001    0.4216    0.2992        0.1538    0.0123 -114.9575
    0.0818    0.3485    0.2020    0.1490    0.0409    0.1027    0.0001    0.3751    0.2287        0.1001    0.0084 -106.2939
    0.0838    0.3485    0.2375    0.1542    0.0419    0.1026    0.0001    0.4103    0.2661        0.1246    0.0137 -106.8379
    0.0876    0.3467    0.2999    0.1669    0.0438    0.0965    0.0001    0.4181    0.4079        0.1113    0.0094 -125.7582
    0.0883    0.3466    0.2999    0.1681    0.0441    0.0965    0.0001    0.4505    0.4001        0.1395   -0.0054 -126.2388
    0.0819    0.3531    0.2968    0.1535    0.0410    0.1117    0.0001    0.3745    0.3023        0.1020    0.0103  -96.0380
    0.0769    0.3531    0.2149    0.1437    0.0385    0.1117    0.0001    0.3576    0.2769        0.1176    0.0110  -97.6511
    0.1000    0.3357    0.2994    0.1682    0.0500    0.0984    0.0001    0.4169    0.2135        0.1355    0.0139  -46.0226
    0.0910    0.3443    0.2758    0.1754    0.0455    0.1182    0.0001    0.4775    0.2504        0.1100    0.0171  -53.6862
    0.0803    0.3518    0.2892    0.1520    0.0402    0.1171    0.0001    0.4197    0.2547        0.1390    0.0140 -156.7806
    0.0768    0.3524    0.2554    0.1462    0.0384    0.1099    0.0001    0.4175    0.3028        0.1680    0.0188 -161.4749
    0.0896    0.3271    0.1528    0.1327    0.0448    0.0749    0.0001    0.3555    0.1505        0.0776    0.0017  -56.5768
    0.0982    0.3362    0.3000    0.1758    0.0491    0.0828    0.0001    0.4976    0.2555        0.1354    0.0008  -61.3788
    0.0836    0.3423    0.2220    0.1186    0.0418    0.1111    0.0001    0.4038    0.2775        0.0684    0.0133 -138.3537
    0.0796    0.3402    0.1281    0.1077    0.0398    0.1058    0.0001    0.3223    0.2424        0.0631    0.0242 -140.1516
    0.0692    0.3525    0.2223    0.1301    0.0346    0.1107    0.0001    0.3462    0.3408        0.0585    0.0114 -159.8285
    0.0714    0.3525    0.2074    0.1346    0.0357    0.1106    0.0001    0.4072    0.2922        0.0554    0.0114 -161.8656
    0.0849    0.3469    0.2955    0.1690    0.0424    0.0965    0.0001    0.3892    0.2817        0.1663    0.0108 -108.4774
    0.0832    0.3434    0.2809    0.1678    0.0416    0.0960    0.0001    0.3878    0.2795        0.1674    0.0108 -104.6996
    0.0901    0.3397    0.2748    0.1530    0.0451    0.0874    0.0001    0.4200    0.3081        0.0819    0.0097 -106.9031
    0.0909    0.3410    0.2998    0.1763    0.0454    0.0882    0.0001    0.4586    0.3362        0.1152    0.0069 -107.3894
    0.0806    0.3466    0.1795    0.1526    0.0403    0.0974    0.0001    0.4248    0.2611        0.0811    0.0151  -93.9765
    0.0838    0.3467    0.2263    0.1616    0.0419    0.0974    0.0001    0.4172    0.2926        0.0498    0.0161  -95.5685
    0.0820    0.3461    0.2309    0.1358    0.0410    0.0974    0.0001    0.3007    0.1262        0.1009    0.0099  -80.0801
    0.0828    0.3490    0.2272    0.1610    0.0414    0.1038    0.0001    0.4263    0.2044        0.0926    0.0102  -89.6089
    0.0856    0.3396    0.2235    0.1294    0.0428    0.0883    0.0001    0.4479    0.3089       -0.0074    0.0182 -132.4180
    0.0851    0.3407    0.2290    0.1371    0.0425    0.0867    0.0001    0.4504    0.2559       -0.0154   -0.0092 -134.1946
    0.0859    0.3470    0.2996    0.1702    0.0429    0.0964    0.0001    0.4263    0.2899        0.1308    0.0111  -91.4851
    0.0865    0.3468    0.3000    0.1731    0.0432    0.0954    0.0001    0.4397    0.3001        0.1332    0.0111  -92.0849
    0.0844    0.3408    0.2828    0.1377    0.0422    0.0825    0.0001    0.4317    0.2492        0.1278    0.0090 -155.0637
    0.0858    0.3411    0.3000    0.1455    0.0429    0.0823    0.0001    0.4597    0.2551        0.1481    0.0087 -155.4276
    0.0941    0.3160    0.1532    0.0959    0.0470    0.0616    0.0001    0.2785    0.1809        0.0729    0.0092  -46.7710
    0.0979    0.3316    0.2562    0.1466    0.0490    0.0739    0.0001    0.3836    0.2303        0.0770    0.0054  -50.5939
    0.0747    0.3495    0.1356    0.1449    0.0373    0.0965    0.0001    0.2533    0.1939        0.0754    0.0101  -90.5258
    0.0768    0.3496    0.1288    0.1519    0.0384    0.0965    0.0001    0.2953    0.2451        0.0859    0.0087  -93.3835
    0.0808    0.3489    0.2434    0.1514    0.0404    0.1048    0.0001    0.4532    0.1941        0.1330    0.0100 -105.8015
    0.0850    0.3485    0.2695    0.1587    0.0425    0.1030    0.0001    0.4824    0.1960        0.0835    0.0075 -107.1175
    0.0824    0.3508    0.2492    0.1584    0.0412    0.0983    0.0001    0.3675    0.3539        0.0757    0.0102  -87.8849
    0.0770    0.3508    0.1576    0.1472    0.0385    0.0982    0.0001    0.3350    0.2704        0.0731    0.0113  -89.5530
    0.0864    0.3462    0.2961    0.1631    0.0432    0.0949    0.0001    0.3911    0.2709        0.0849    0.0110 -116.8046
    0.0875    0.3462    0.2845    0.1656    0.0437    0.0948    0.0001    0.4412    0.3619        0.1841    0.0173 -121.8740
    0.0786    0.3488    0.2872    0.1489    0.0393    0.1035    0.0001    0.4029    0.3212        0.0965    0.0108 -116.5719
    0.0785    0.3488    0.2199    0.1499    0.0393    0.1035    0.0001    0.3509    0.2392        0.0879    0.0127 -119.4519
    0.0928    0.3379    0.2613    0.1768    0.0464    0.0771    0.0001    0.4011    0.2801        0.1861    0.0127  -71.6850
    0.0981    0.3379    0.3000    0.1885    0.0491    0.0770    0.0001    0.4728    0.3607        0.1715   -0.0184  -74.2422
    0.0813    0.3479    0.2894    0.1651    0.0407    0.1063    0.0001    0.4513    0.3058        0.1325    0.0087 -128.0282
    0.0815    0.3505    0.2535    0.1607    0.0408    0.1006    0.0001    0.4760    0.2642        0.1352    0.0090 -131.9617
    0.0858    0.3351    0.2714    0.1282    0.0429    0.0825    0.0001    0.4376    0.2126        0.1472    0.0115 -140.0070
    0.0750    0.3393    0.1034    0.1142    0.0375    0.0887    0.0001    0.3938    0.1608        0.0652    0.0187 -143.4856
    0.0781    0.3526    0.1783    0.1376    0.0391    0.0874    0.0001    0.3301    0.2441        0.1142    0.0119 -138.1227
    0.0842    0.3530    0.2624    0.1627    0.0421    0.0871    0.0001    0.4464    0.3013        0.1686   -0.0036 -141.1713
    0.0781    0.3533    0.2792    0.1528    0.0391    0.1128    0.0001    0.3337    0.2065        0.1728    0.0119 -111.2048
    0.0793    0.3533    0.2597    0.1556    0.0397    0.1128    0.0001    0.4231    0.2725        0.1436    0.0144 -114.8208
    0.0894    0.3461    0.2998    0.1520    0.0447    0.1078    0.0001    0.3875    0.3012        0.1036    0.0115  -72.4012
    0.0868    0.3502    0.3000    0.1692    0.0434    0.1007    0.0001    0.3915    0.2884        0.0886    0.0108  -77.8639
    0.0784    0.3479    0.2310    0.1533    0.0392    0.0887    0.0001    0.3227    0.1959        0.0775    0.0064  -82.0896
    0.0789    0.3478    0.2374    0.1510    0.0395    0.0888    0.0001    0.2960    0.2177        0.0879    0.0065  -82.2250
    0.0916    0.3196    0.1504    0.1140    0.0458    0.0539    0.0001    0.3256    0.2070        0.0880    0.0069  -81.8878
    0.0970    0.3240    0.2345    0.1414    0.0485    0.0565    0.0001    0.3644    0.2645        0.0874    0.0328  -83.9672
    0.0917    0.3456    0.2912    0.1634    0.0459    0.0930    0.0001    0.4163    0.3757        0.1115    0.0095 -118.7768
    0.0794    0.3455    0.1364    0.1332    0.0397    0.0923    0.0001    0.3537    0.2509        0.0703    0.0125 -123.3631
    0.0829    0.3390    0.1757    0.1104    0.0414    0.0980    0.0001    0.3334    0.2095        0.1242    0.0156 -108.1766
    0.0874    0.3404    0.2370    0.1388    0.0437    0.0878    0.0001    0.4021    0.2439        0.1125    0.0149 -109.9070
    0.0909    0.3108    0.1260    0.0843    0.0454    0.0458    0.0001    0.3154    0.2122        0.0106    0.0129 -121.3278
    0.0816    0.3291    0.0832    0.0954    0.0408    0.0794    0.0001    0.3119    0.1889       -0.0075    0.0014 -122.7517
    0.0852    0.3340    0.1866    0.0931    0.0426    0.0939    0.0001    0.3855    0.2251        0.1058    0.0133 -155.4460
    0.0827    0.3408    0.1837    0.1056    0.0413    0.0986    0.0001    0.3981    0.2345        0.0963    0.0313 -155.8472
    0.0865    0.3314    0.1136    0.1069    0.0433    0.0883    0.0001    0.3378    0.1729        0.0727   -0.0008  -80.8630
    0.0883    0.3430    0.1942    0.1499    0.0442    0.0988    0.0001    0.4373    0.2766        0.0690   -0.0007  -86.6187
    0.0698    0.3608    0.2506    0.1319    0.0349    0.1189    0.0001    0.4155    0.1914        0.1784    0.0075 -177.9004
    0.0688    0.3606    0.1976    0.1263    0.0344    0.1192    0.0001    0.4085    0.3147        0.1466    0.0044 -184.1364
    0.0939    0.3224    0.1673    0.1265    0.0470    0.0596    0.0001    0.3525    0.1583        0.1035   -0.0008  -50.8113
    0.1017    0.3330    0.2915    0.1708    0.0509    0.0737    0.0001    0.4932    0.2506        0.0985    0.0005  -54.4504
    0.0876    0.3402    0.2093    0.1435    0.0438    0.0833    0.0001    0.4011    0.2241        0.1327   -0.0002  -89.3130
    0.0910    0.3412    0.2431    0.1596    0.0455    0.0848    0.0001    0.4177    0.2861        0.1083   -0.0002  -90.9523
    0.0850    0.3523    0.2859    0.1636    0.0425    0.1101    0.0001    0.4009    0.2701        0.1028    0.0128 -118.1784
    0.0803    0.3524    0.2238    0.1539    0.0401    0.1099    0.0001    0.4175    0.2897        0.1074    0.0160 -120.7475
    0.0904    0.3428    0.3000    0.1752    0.0452    0.0976    0.0001    0.3799    0.3609        0.0943    0.0104 -102.1451
    0.0888    0.3427    0.2880    0.1725    0.0444    0.0975    0.0001    0.4283    0.3160        0.1116    0.0099 -103.6661
    0.0841    0.3378    0.2367    0.1654    0.0420    0.0805    0.0001    0.3749    0.2349        0.1522    0.0112 -110.9541
    0.0845    0.3378    0.2502    0.1659    0.0422    0.0806    0.0001    0.4028    0.2315        0.1146    0.0119 -111.7952
    0.0821    0.3412    0.1663    0.1492    0.0410    0.0903    0.0001    0.3711    0.2133        0.0447    0.0060  -81.0221
    0.0865    0.3416    0.2344    0.1683    0.0432    0.0908    0.0001    0.4035    0.2639        0.0131    0.0048  -83.0169
    0.0857    0.3341    0.2225    0.1329    0.0429    0.0872    0.0001    0.4332    0.2954        0.0818    0.0096 -146.2188
    0.0816    0.3339    0.1643    0.1213    0.0408    0.0877    0.0001    0.3738    0.2585        0.1060    0.0102 -147.4679
    0.0792    0.3491    0.2335    0.1512    0.0396    0.1047    0.0001    0.4540    0.1663        0.1027    0.0157 -135.5850
    0.0784    0.3491    0.2228    0.1493    0.0392    0.1044    0.0001    0.4315    0.2603        0.1049    0.0144 -138.7517
    0.0937    0.3231    0.1721    0.1171    0.0469    0.0720    0.0001    0.2985    0.2187        0.1074    0.0078  -60.5460
    0.0992    0.3370    0.2751    0.1705    0.0496    0.0820    0.0001    0.4256    0.2905        0.1982    0.0071  -64.8198
    0.0831    0.3451    0.1832    0.1521    0.0416    0.0874    0.0001    0.2909    0.2449        0.0254    0.0159  -83.6140
    0.0849    0.3448    0.2195    0.1525    0.0424    0.0868    0.0001    0.3603    0.2635        0.0587    0.0014  -85.7620
    0.0902    0.3303    0.1984    0.1068    0.0451    0.0913    0.0001    0.3842    0.2995        0.0890    0.0133 -129.1659
    0.0931    0.3400    0.2804    0.1398    0.0465    0.1004    0.0001    0.4723    0.3732        0.1025    0.0598 -131.4953
    0.0846    0.3480    0.2999    0.1670    0.0423    0.0717    0.0001    0.4108    0.2180        0.1695    0.0084 -155.2392
    0.0850    0.3480    0.2997    0.1679    0.0425    0.0717    0.0001    0.5005    0.2703        0.1361    0.0073 -157.7833
    0.0768    0.3380    0.1740    0.1216    0.0384    0.0842    0.0001    0.2710    0.2313        0.0450    0.0170 -131.7247
    0.0761    0.3378    0.1609    0.1172    0.0381    0.0841    0.0001    0.2662    0.2147        0.0239    0.0232 -132.0223
    0.0835    0.3399    0.1985    0.1344    0.0418    0.0901    0.0001    0.4533    0.1696        0.1422    0.0158 -133.4401
    0.0872    0.3403    0.2463    0.1480    0.0436    0.0897    0.0001    0.5156    0.2080        0.1255    0.0174 -134.3524
    0.0797    0.3451    0.2362    0.1291    0.0398    0.0932    0.0001    0.4271    0.2729        0.0666    0.0129 -155.1661
    0.0743    0.3460    0.1391    0.1201    0.0372    0.0968    0.0001    0.3515    0.2554        0.0522   -0.0001 -157.1607
    0.0760    0.3536    0.2987    0.1507    0.0380    0.0957    0.0001    0.3889    0.2482        0.1357    0.0138  -94.2179
    0.0833    0.3535    0.2955    0.1640    0.0416    0.0959    0.0001    0.3855    0.2448        0.1259    0.0137  -95.7730
    0.0795    0.3500    0.2487    0.1533    0.0397    0.1054    0.0001    0.4275    0.2506        0.0452    0.0014  -90.6573
    0.0819    0.3488    0.2650    0.1572    0.0409    0.1027    0.0001    0.4195    0.2632        0.0483    0.0012  -92.5520
    0.0840    0.3418    0.1899    0.1370    0.0420    0.0859    0.0001    0.3610    0.1477        0.0509    0.0065  -75.6914
    0.0837    0.3425    0.1713    0.1464    0.0418    0.0849    0.0001    0.3790    0.1803        0.0996    0.0071  -78.1163
    0.0836    0.3465    0.2916    0.1564    0.0418    0.0938    0.0001    0.4231    0.2794        0.1480    0.0110 -116.0205
    0.0807    0.3465    0.2320    0.1476    0.0403    0.0937    0.0001    0.4350    0.2483        0.0722    0.0125 -118.2594
    0.0768    0.3398    0.2190    0.1175    0.0384    0.0907    0.0001    0.3035    0.1934        0.0719    0.0081 -124.9238
    0.0764    0.3398    0.2114    0.1163    0.0382    0.0907    0.0001    0.2968    0.1944        0.0746    0.0084 -124.9422
    0.1054    0.3069    0.2182    0.1134    0.0527    0.0316    0.0001    0.3601    0.2858        0.0491    0.0043  -66.5957
    0.0905    0.3413    0.2078    0.1588    0.0452    0.0838    0.0001    0.4264    0.2963        0.0418    0.0018  -73.2155
    0.0866    0.3354    0.2564    0.1425    0.0433    0.0819    0.0001    0.4183    0.2173        0.1146    0.0116 -114.4032
    0.0809    0.3350    0.1636    0.1232    0.0405    0.0823    0.0001    0.3772    0.1797        0.0833    0.0222 -115.9542
    0.0823    0.3409    0.2083    0.1254    0.0411    0.0919    0.0001    0.4186    0.2414        0.1007    0.0088 -126.6816
    0.0798    0.3486    0.2240    0.1427    0.0399    0.1038    0.0001    0.4474    0.2796        0.1061    0.0120 -130.3430
    0.0875    0.3247    0.1299    0.1092    0.0438    0.0624    0.0001    0.3079    0.1367        0.1063    0.0118  -85.6215
    0.0922    0.3408    0.2736    0.1858    0.0461    0.0849    0.0001    0.5108    0.2934        0.0890    0.0119  -94.8095
    0.0831    0.3487    0.2962    0.1363    0.0416    0.1016    0.0001    0.3547    0.2375        0.1377    0.0117 -116.7272
    0.0752    0.3494    0.1448    0.1375    0.0376    0.1041    0.0001    0.3550    0.2062        0.0878    0.0194 -121.2654
    0.0768    0.3498    0.2042    0.1371    0.0384    0.1175    0.0001    0.4081    0.2121        0.1066    0.0113 -119.0196
    0.0763    0.3485    0.2044    0.1476    0.0382    0.1122    0.0001    0.4242    0.2294        0.1202    0.0120 -124.3783
    0.0892    0.3486    0.2870    0.1686    0.0446    0.1025    0.0001    0.4144    0.2641        0.1417    0.0133 -109.0814
    0.0851    0.3435    0.2353    0.1654    0.0425    0.0989    0.0001    0.4253    0.2976        0.1257    0.0127 -111.3201
    0.0831    0.3491    0.2370    0.1602    0.0415    0.1030    0.0001    0.4431    0.3371        0.1553    0.0117 -134.5610
    0.0807    0.3491    0.2124    0.1561    0.0404    0.1030    0.0001    0.3972    0.3064        0.1663    0.0120 -135.2004
    0.0755    0.3476    0.2873    0.1507    0.0377    0.1055    0.0001    0.4027    0.1724        0.0819    0.0104  -94.2006
    0.0834    0.3472    0.3000    0.1651    0.0417    0.1064    0.0001    0.3906    0.2028        0.0769    0.0104  -95.3441
    0.1084    0.3162    0.2975    0.1360    0.0542    0.0466    0.0001    0.3626    0.2044        0.0894    0.0074  -38.5284
    0.1058    0.3218    0.2998    0.1436    0.0529    0.0557    0.0001    0.3883    0.2029        0.1199    0.0090  -39.0501
    0.0853    0.3413    0.1964    0.1389    0.0427    0.0870    0.0001    0.3887    0.1626        0.0832    0.0073  -82.3596
    0.0901    0.3432    0.2803    0.1777    0.0451    0.0875    0.0001    0.4975    0.2264        0.0926    0.0111  -84.8750
    0.0902    0.3276    0.2133    0.1147    0.0451    0.0776    0.0001    0.2756    0.2126        0.0901    0.0094  -80.2537
    0.0799    0.3534    0.2131    0.1554    0.0400    0.1110    0.0001    0.4344    0.2759        0.0487    0.0139  -91.5309
    0.0725    0.3541    0.1854    0.1363    0.0363    0.1048    0.0001    0.3980    0.2078        0.0991    0.0089 -162.2135
    0.0809    0.3546    0.2625    0.1623    0.0404    0.1052    0.0001    0.5331    0.3219        0.0626    0.0102 -170.1404
    0.0848    0.3465    0.2919    0.1519    0.0424    0.0938    0.0001    0.3921    0.2734        0.0859    0.0108 -112.2829
    0.0821    0.3504    0.2967    0.1625    0.0410    0.1013    0.0001    0.4137    0.2871        0.0855    0.0108 -117.9345
    0.0853    0.3301    0.1781    0.1137    0.0427    0.0816    0.0001    0.3591    0.1515        0.0978    0.0106  -93.2639
    0.0896    0.3383    0.2976    0.1723    0.0448    0.0800    0.0001    0.4511    0.2054        0.1438    0.0329  -98.3453
    0.0869    0.3412    0.2832    0.1484    0.0434    0.0884    0.0001    0.3322    0.1828        0.0267    0.0085  -73.1304
    0.0826    0.3424    0.2293    0.1581    0.0413    0.0887    0.0001    0.3420    0.2068        0.0291    0.0075  -75.5165
    0.0780    0.3463    0.2998    0.1528    0.0390    0.1128    0.0001    0.3379    0.3052        0.1125    0.0159 -105.3637
    0.0835    0.3487    0.2443    0.1601    0.0417    0.1031    0.0001    0.3585    0.3944        0.1145    0.0158 -114.3552
    0.0842    0.3404    0.2753    0.1613    0.0421    0.0916    0.0001    0.3847    0.1359        0.0764    0.0064 -104.8896
    0.0800    0.3400    0.1987    0.1385    0.0400    0.0897    0.0001    0.3473    0.1934        0.1018    0.0153 -107.5624
    0.0772    0.3569    0.2994    0.1474    0.0386    0.1049    0.0001    0.4394    0.2680        0.1381    0.0123 -126.2300
    0.0803    0.3561    0.2946    0.1521    0.0401    0.1026    0.0001    0.4919    0.2361        0.1243    0.0123 -128.0588
    0.0857    0.3387    0.1849    0.1219    0.0428    0.0895    0.0001    0.3914    0.2066        0.1178    0.0107 -100.0417
    0.0863    0.3392    0.1925    0.1274    0.0431    0.0899    0.0001    0.3976    0.2052        0.0686    0.0113 -101.3972
    0.0810    0.3418    0.2309    0.1321    0.0405    0.0971    0.0001    0.3337    0.2202        0.0722    0.0074 -119.7077
    0.0801    0.3416    0.2164    0.1300    0.0401    0.0969    0.0001    0.3375    0.2182        0.0836    0.0080 -119.8915
    0.0805    0.3435    0.2074    0.1360    0.0402    0.0701    0.0001    0.3149    0.1501        0.1209    0.0113  -84.4314
    0.0817    0.3446    0.2151    0.1615    0.0409    0.0702    0.0001    0.3633    0.1541        0.0462    0.0130  -90.7454
    0.0969    0.3120    0.2113    0.1030    0.0484    0.0427    0.0001    0.3198    0.2063        0.1140    0.0104 -103.1758
    0.0992    0.3188    0.2657    0.1205    0.0496    0.0556    0.0001    0.3805    0.2310        0.1337    0.0365 -103.6500
    0.0787    0.3420    0.2724    0.1529    0.0393    0.0883    0.0001    0.3674    0.1585        0.1171    0.0091 -124.1964
    0.0798    0.3419    0.2160    0.1550    0.0399    0.0881    0.0001    0.3986    0.2512        0.1011    0.0083 -129.4902
    0.0817    0.3510    0.2784    0.1601    0.0409    0.0994    0.0001    0.3872    0.2736        0.1472    0.0159 -166.5869
    0.0766    0.3510    0.2116    0.1485    0.0383    0.0994    0.0001    0.4199    0.2321        0.1614    0.0162 -169.1850
    0.0779    0.3443    0.1301    0.1240    0.0389    0.0907    0.0001    0.3652    0.2450        0.1299    0.0062 -146.4200
    0.0896    0.3455    0.2975    0.1697    0.0448    0.0900    0.0001    0.5668    0.3640        0.1731   -0.0003 -152.2924
    0.0783    0.3498    0.2680    0.1494    0.0392    0.1020    0.0001    0.3852    0.2880        0.0676    0.0137 -115.3513
    0.0873    0.3502    0.2950    0.1734    0.0437    0.1028    0.0001    0.4588    0.3545        0.0924    0.0020 -119.4267
    0.0784    0.3499    0.1993    0.1526    0.0392    0.1022    0.0001    0.5518    0.2633        0.1152    0.0127  -89.6478
    0.0914    0.3499    0.2982    0.1810    0.0457    0.1022    0.0001    0.5968    0.2913        0.0999    0.0232  -96.2451
    0.0794    0.3500    0.2742    0.1541    0.0397    0.1046    0.0001    0.4591    0.2448        0.1291    0.0132 -141.9160
    0.0775    0.3500    0.2380    0.1502    0.0388    0.1046    0.0001    0.4733    0.2281        0.1359    0.0144 -142.5306
    0.0842    0.3440    0.2585    0.1398    0.0421    0.1070    0.0001    0.4055    0.2477        0.0973    0.0112 -109.8917
    0.0800    0.3432    0.1779    0.1290    0.0400    0.1038    0.0001    0.3943    0.1741        0.0885    0.0179 -111.5195
    0.0804    0.3452    0.1199    0.1333    0.0402    0.0887    0.0001    0.3440    0.2224        0.1349    0.0042 -118.6697
    0.0770    0.3507    0.1244    0.1511    0.0385    0.0996    0.0001    0.3870    0.2638        0.1063    0.0045 -126.8685
    0.0782    0.3349    0.1665    0.1068    0.0391    0.0812    0.0001    0.2902    0.2086        0.1412    0.0045 -146.1899
    0.0775    0.3353    0.1503    0.1058    0.0388    0.0827    0.0001    0.2773    0.2150        0.1125    0.0045 -146.6971
    0.0850    0.3438    0.2000    0.1374    0.0425    0.0901    0.0001    0.4049    0.2839        0.1076    0.0063  -94.2207
    0.0870    0.3466    0.2394    0.1513    0.0435    0.0966    0.0001    0.4580    0.2914        0.0801    0.0049  -96.3300
    0.0803    0.3462    0.2708    0.1540    0.0401    0.0943    0.0001    0.4505    0.2285        0.1067    0.0118 -147.8529
    0.0827    0.3459    0.2529    0.1574    0.0414    0.0937    0.0001    0.5099    0.2752        0.1229    0.0082 -150.2830
    0.0865    0.3447    0.2432    0.1478    0.0433    0.0931    0.0001    0.3698    0.3157        0.0945    0.0110  -87.8213
    0.0901    0.3456    0.2869    0.1647    0.0451    0.0939    0.0001    0.3952    0.3363        0.0921    0.0107  -88.7175
    0.0813    0.3559    0.2986    0.1634    0.0406    0.1115    0.0001    0.4390    0.2846        0.1436    0.0095 -116.6795
    0.0807    0.3505    0.3000    0.1603    0.0404    0.0998    0.0001    0.4671    0.2984        0.1383    0.0093 -117.2276
    0.1040    0.3187    0.2276    0.1309    0.0520    0.0572    0.0001    0.3488    0.1757        0.0899    0.0109  -43.3477
    0.0981    0.3393    0.2476    0.1606    0.0491    0.0865    0.0001    0.4601    0.2526        0.0626    0.0126  -48.3669
    0.0845    0.3415    0.1520    0.1249    0.0422    0.1026    0.0001    0.3409    0.1980        0.0922    0.0112  -75.5056
    0.0948    0.3424    0.2757    0.1606    0.0474    0.1009    0.0001    0.4742    0.3053        0.1500    0.0333  -79.5166
    0.0742    0.3500    0.1900    0.1442    0.0371    0.1026    0.0001    0.3461    0.1711        0.1158    0.0113 -136.0296
    0.0737    0.3487    0.1812    0.1400    0.0369    0.0992    0.0001    0.4388    0.1814        0.1314    0.0112 -138.4905
    0.0832    0.3498    0.2998    0.1594    0.0416    0.0936    0.0001    0.4613    0.3070        0.1073    0.0178 -135.2487
    0.0845    0.3500    0.2996    0.1667    0.0423    0.0936    0.0001    0.5108    0.2779        0.1069    0.0170 -136.2250
    0.0992    0.3320    0.2996    0.1639    0.0496    0.0689    0.0001    0.4577    0.2979        0.1210    0.0039  -51.5817
    0.1005    0.3323    0.2992    0.1740    0.0503    0.0702    0.0001    0.4319    0.2865        0.0257    0.0199  -55.0486
    0.0801    0.3473    0.2755    0.1460    0.0400    0.0990    0.0001    0.3528    0.2190        0.1513    0.0118 -119.0692
    0.0801    0.3497    0.2479    0.1612    0.0400    0.0963    0.0001    0.3564    0.2468        0.1446    0.0129 -136.5950
    0.0886    0.3378    0.2982    0.1747    0.0443    0.0824    0.0001    0.4216    0.2749        0.0245    0.0083 -103.9210
    0.0898    0.3376    0.2982    0.1749    0.0449    0.0814    0.0001    0.4268    0.3047        0.0533    0.0534 -104.3867
    0.0841    0.3485    0.2808    0.1575    0.0421    0.1027    0.0001    0.4224    0.2905        0.1169    0.0124 -100.2566
    0.0809    0.3489    0.2273    0.1530    0.0405    0.1040    0.0001    0.4006    0.2295        0.1045    0.0036 -101.1944
    0.0784    0.3496    0.2413    0.1477    0.0392    0.1038    0.0001    0.4201    0.1828        0.1369    0.0136 -136.5267
    0.0752    0.3495    0.1616    0.1384    0.0376    0.1037    0.0001    0.3636    0.2094        0.1096    0.0209 -139.1225
    0.0976    0.3254    0.2442    0.1290    0.0488    0.0719    0.0001    0.3914    0.2734        0.0948    0.0164  -93.0852
    0.0951    0.3246    0.2118    0.1230    0.0476    0.0706    0.0001    0.3632    0.2472        0.0845    0.0209  -93.2903
    0.0662    0.3533    0.2174    0.1256    0.0331    0.1110    0.0001    0.2840    0.1807        0.1027    0.0111 -168.1672
    0.0655    0.3534    0.1158    0.1264    0.0328    0.1110    0.0001    0.3269    0.1942        0.1072    0.0138 -173.4508
    0.0851    0.3489    0.2952    0.1646    0.0425    0.1035    0.0001    0.4199    0.3349        0.0874    0.0114 -100.5591
    0.0840    0.3489    0.2685    0.1620    0.0420    0.1035    0.0001    0.4405    0.3090        0.0820    0.0111 -100.9664
    0.0828    0.3476    0.2999    0.1522    0.0414    0.1053    0.0001    0.4526    0.3955        0.0652    0.0108 -117.6538
    0.0839    0.3489    0.2855    0.1625    0.0419    0.1038    0.0001    0.4766    0.3662        0.0675    0.0100 -122.1403
    0.0838    0.3507    0.3000    0.1650    0.0419    0.1047    0.0001    0.4161    0.2925        0.1661    0.0126  -94.1281
    0.0847    0.3500    0.3000    0.1672    0.0423    0.1022    0.0001    0.4155    0.3016        0.1568    0.0130  -97.7364
    0.0846    0.3450    0.2792    0.1590    0.0423    0.1097    0.0001    0.4209    0.2503        0.1256    0.0120 -102.9865
    0.0803    0.3522    0.2797    0.1507    0.0401    0.1103    0.0001    0.4617    0.2727        0.1130    0.0134 -105.9831
    0.0806    0.3522    0.2365    0.1438    0.0403    0.1120    0.0001    0.3425    0.2794        0.0705    0.0070  -95.8185
    0.0814    0.3536    0.2308    0.1569    0.0407    0.1123    0.0001    0.3791    0.3166        0.1628   -0.0030 -101.4273
    0.0840    0.3400    0.2907    0.1317    0.0420    0.0879    0.0001    0.4705    0.2045        0.0726    0.0116 -131.9876
    0.0769    0.3400    0.1708    0.1173    0.0384    0.0879    0.0001    0.3405    0.2003        0.0328    0.0167 -134.8338
    0.0834    0.3360    0.1992    0.1307    0.0417    0.0804    0.0001    0.3053    0.2137        0.0589   -0.0001  -84.4484
    0.0880    0.3380    0.2998    0.1737    0.0440    0.0806    0.0001    0.3463    0.2637        0.0500   -0.0001  -87.6017
    0.0818    0.3451    0.2144    0.1381    0.0409    0.0962    0.0001    0.3742    0.2509        0.0777    0.0070  -99.2644
    0.0835    0.3458    0.2226    0.1529    0.0418    0.0962    0.0001    0.4102    0.2587        0.1211    0.0014 -100.3924
    0.0830    0.3393    0.2380    0.1326    0.0415    0.0940    0.0001    0.4387    0.2581        0.0501    0.0100 -137.8839
    0.0785    0.3398    0.1478    0.1266    0.0392    0.0877    0.0001    0.3810    0.2155        0.0588    0.0132 -140.3784
    0.0839    0.3483    0.2891    0.1515    0.0420    0.1024    0.0001    0.4024    0.2999        0.0954    0.0102 -155.7171
    0.0793    0.3485    0.2040    0.1446    0.0397    0.1032    0.0001    0.4512    0.2990        0.1460    0.0080 -161.6751
    0.0710    0.3464    0.1542    0.1316    0.0355    0.0918    0.0001    0.3153    0.1681        0.1032    0.0119 -137.7307
    0.0723    0.3465    0.1235    0.1359    0.0362    0.0919    0.0001    0.3229    0.2004        0.0890    0.0135 -138.9911
    0.0820    0.3532    0.2422    0.1563    0.0410    0.1114    0.0001    0.3495    0.2648        0.0971    0.0019 -116.0513
    0.0776    0.3525    0.1954    0.1512    0.0388    0.1157    0.0001    0.3385    0.3169        0.1100    0.0017 -117.0675
    0.0806    0.3521    0.2897    0.1514    0.0403    0.1171    0.0001    0.4130    0.2968        0.1190    0.0132 -119.7225
    0.0785    0.3521    0.2375    0.1476    0.0392    0.1171    0.0001    0.4755    0.3068        0.1228    0.0137 -121.7016
    0.0859    0.3438    0.2491    0.1511    0.0430    0.0981    0.0001    0.4015    0.2673        0.0893    0.0115 -100.1930
    0.0768    0.3445    0.1232    0.1259    0.0384    0.0955    0.0001    0.3162    0.2131        0.0596    0.0237 -102.3555
    0.0768    0.3546    0.2995    0.1513    0.0384    0.1074    0.0001    0.3843    0.3454        0.1205    0.0109 -125.1812
    0.0886    0.3492    0.2573    0.1744    0.0443    0.0937    0.0001    0.4910    0.3608        0.1179    0.0116 -135.1113
    0.0848    0.3445    0.2658    0.1434    0.0424    0.0951    0.0001    0.4428    0.2651        0.0907    0.0137 -102.1122
    0.0765    0.3441    0.1171    0.1217    0.0383    0.0949    0.0001    0.3206    0.1721        0.0383    0.0246 -107.6168
    0.0718    0.3438    0.1807    0.1399    0.0359    0.1002    0.0001    0.2937    0.1929        0.1235    0.0105 -143.9557
    0.0716    0.3505    0.1888    0.1398    0.0358    0.1003    0.0001    0.3462    0.2421        0.0994    0.0114 -153.1976
    0.0863    0.3491    0.2971    0.1669    0.0431    0.1037    0.0001    0.4241    0.2411        0.1615    0.0126 -112.5957
    0.0874    0.3488    0.2637    0.1693    0.0437    0.1028    0.0001    0.5198    0.2644        0.1253    0.0135 -116.1892
    0.0902    0.3199    0.1315    0.0988    0.0451    0.0694    0.0001    0.2563    0.1942        0.0453    0.0095  -56.5210
    0.0800    0.3492    0.1829    0.1570    0.0400    0.1043    0.0001    0.3873    0.2291        0.0379    0.0027  -73.7665
    0.0934    0.3236    0.2135    0.1311    0.0467    0.0624    0.0001    0.3317    0.2415        0.0909    0.0064  -69.2647
    0.0978    0.3314    0.3000    0.1677    0.0489    0.0649    0.0001    0.4113    0.2928        0.1512    0.0003  -71.8054
    0.0849    0.3498    0.2950    0.1681    0.0424    0.1055    0.0001    0.4349    0.3405        0.1160    0.0110  -80.1793
    0.0877    0.3497    0.2702    0.1731    0.0438    0.1055    0.0001    0.4386    0.3160        0.1371    0.0085  -81.2640
    0.0802    0.3518    0.2931    0.1590    0.0401    0.1203    0.0001    0.3885    0.2436        0.1568    0.0119 -115.8299
    0.0798    0.3517    0.2685    0.1535    0.0399    0.1200    0.0001    0.4400    0.2503        0.1532    0.0123 -116.9206
    0.0877    0.3460    0.2720    0.1481    0.0438    0.0855    0.0001    0.3895    0.2789        0.1169    0.0012 -111.5914
    0.0886    0.3464    0.3000    0.1608    0.0443    0.0849    0.0001    0.4475    0.3169        0.1163    0.0009 -112.7829
    0.0747    0.3534    0.2532    0.1496    0.0373    0.1115    0.0001    0.4356    0.2038        0.1045    0.0121 -135.9248
    0.0761    0.3534    0.2357    0.1520    0.0381    0.1114    0.0001    0.4725    0.2329        0.0943    0.0140 -137.1280
    0.0812    0.3477    0.2030    0.1136    0.0406    0.1005    0.0001    0.4943    0.2161        0.1160    0.0134 -139.6788
    0.0853    0.3491    0.2639    0.1480    0.0426    0.1009    0.0001    0.5493    0.2085        0.1190    0.0801 -145.1875
    0.0859    0.3487    0.3000    0.1606    0.0429    0.1031    0.0001    0.3871    0.2575        0.1362    0.0135  -95.3803
    0.0849    0.3475    0.2828    0.1665    0.0424    0.1055    0.0001    0.4060    0.2967        0.1283    0.0118  -97.8900
    0.0814    0.3412    0.1906    0.1335    0.0407    0.1015    0.0001    0.4179    0.1804        0.1164    0.0216  -87.1060
    0.0842    0.3427    0.2202    0.1639    0.0421    0.0976    0.0001    0.4563    0.1663        0.0878    0.0232  -91.3728
    0.0768    0.3440    0.2042    0.1493    0.0384    0.0927    0.0001    0.3045    0.2762        0.0830    0.0106 -125.7612
    0.0749    0.3441    0.2091    0.1488    0.0374    0.0930    0.0001    0.3661    0.2849        0.0873    0.0116 -128.3856
    0.0820    0.3460    0.2998    0.1206    0.0410    0.0903    0.0001    0.4130    0.2372        0.0901    0.0126 -160.6977
    0.0713    0.3500    0.1545    0.1334    0.0357    0.0992    0.0001    0.3514    0.2200        0.1290    0.0057 -169.4877
    0.0893    0.3374    0.2703    0.1386    0.0446    0.0898    0.0001    0.3964    0.2823        0.1360    0.0076 -129.1252
    0.0873    0.3418    0.2758    0.1702    0.0436    0.0870    0.0001    0.4449    0.3461        0.0729    0.0062 -134.0053
    0.0837    0.3538    0.3000    0.1614    0.0418    0.1130    0.0001    0.4045    0.2772        0.1354    0.0056 -117.6345
    0.0844    0.3527    0.2385    0.1613    0.0422    0.1113    0.0001    0.5052    0.3072        0.1504    0.0054 -123.3547
    0.0930    0.3500    0.2877    0.1816    0.0465    0.1059    0.0001    0.4762    0.3410        0.1037    0.0126  -74.8774
    0.0887    0.3500    0.2987    0.1718    0.0444    0.1063    0.0001    0.4677    0.3234        0.1065    0.0124  -76.6042
    0.0819    0.3530    0.2980    0.1568    0.0410    0.0940    0.0001    0.4580    0.2980        0.1116    0.0130 -121.9703
    0.0825    0.3530    0.2688    0.1603    0.0412    0.0946    0.0001    0.4788    0.2933        0.1283    0.0133 -123.5753
    0.0875    0.3376    0.2336    0.1405    0.0438    0.0759    0.0001    0.4172    0.2540        0.1055    0.0127 -133.6789
    0.0908    0.3416    0.2977    0.1609    0.0454    0.0799    0.0001    0.5093    0.2881        0.1152    0.0097 -135.1684
    0.0813    0.3395    0.2083    0.1139    0.0407    0.0869    0.0001    0.3124    0.2773        0.0476    0.0084 -138.6979
    0.0820    0.3491    0.3000    0.1483    0.0410    0.1024    0.0001    0.4215    0.3522        0.0337    0.0083 -143.5032
    0.0928    0.3169    0.1469    0.1341    0.0464    0.0436    0.0001    0.3217    0.2567        0.0226    0.0111  -87.5038
    0.0979    0.3200    0.2045    0.1576    0.0489    0.0454    0.0001    0.3790    0.3022        0.0436    0.0214  -88.5861
    0.0820    0.3417    0.2754    0.1230    0.0410    0.0976    0.0001    0.4371    0.2721        0.1269    0.0079 -143.4868
    0.0812    0.3432    0.2172    0.1596    0.0406    0.0962    0.0001    0.4445    0.2488        0.1166    0.0072 -146.4781
    0.0696    0.3500    0.1619    0.1344    0.0348    0.1025    0.0001    0.3327    0.1749        0.0950    0.0155 -141.8816
    0.0724    0.3500    0.1793    0.1401    0.0362    0.1025    0.0001    0.3978    0.1890        0.0760    0.0140 -142.9125
    0.0950    0.3095    0.1855    0.0956    0.0475    0.0413    0.0001    0.3375    0.1932        0.0840    0.0106 -109.3731
    0.0931    0.3127    0.1749    0.1008    0.0466    0.0454    0.0001    0.3354    0.1898        0.0781    0.0114 -109.4899
    0.0900    0.3401    0.2842    0.1537    0.0450    0.0901    0.0001    0.4282    0.3055        0.1331    0.0103 -129.4162
    0.0875    0.3399    0.2571    0.1456    0.0437    0.0902    0.0001    0.4015    0.2824        0.1737    0.0112 -130.1993
    0.0877    0.3397    0.1763    0.1374    0.0439    0.0911    0.0001    0.3852    0.2544        0.1047    0.0092  -96.9487
    0.0850    0.3457    0.1754    0.1475    0.0425    0.0969    0.0001    0.3972    0.2725        0.0923    0.0092  -98.8899
    0.0886    0.3291    0.2265    0.1242    0.0443    0.0887    0.0001    0.3414    0.2181        0.0389    0.0103  -70.3892
    0.0943    0.3327    0.2835    0.1512    0.0471    0.0865    0.0001    0.4215    0.2461        0.0701    0.0079  -72.4581
    0.0859    0.3459    0.2061    0.1473    0.0430    0.0980    0.0001    0.4140    0.2421        0.1315    0.0137  -80.3552
    0.0874    0.3479    0.2101    0.1501    0.0437    0.0999    0.0001    0.4213    0.2471        0.1341    0.0140  -81.8524
    0.0853    0.3355    0.1633    0.1256    0.0426    0.0819    0.0001    0.2940    0.1687        0.0866   -0.0003  -68.5848
    0.0947    0.3392    0.2999    0.1646    0.0474    0.0788    0.0001    0.4064    0.3025        0.0579   -0.0004  -73.7613
    0.0705    0.3497    0.1956    0.1329    0.0352    0.1019    0.0001    0.2463    0.2067        0.1025    0.0124 -155.9318
    0.0680    0.3497    0.0922    0.1273    0.0340    0.1018    0.0001    0.2769    0.2273        0.1068   -0.0067 -162.8697
    0.0782    0.3515    0.2168    0.1445    0.0391    0.1157    0.0001    0.4290    0.2268        0.0418    0.0127 -125.8148
    0.0728    0.3519    0.1636    0.1384    0.0364    0.1114    0.0001    0.4500    0.2003        0.0330    0.0165 -129.1382
    0.0811    0.3467    0.1847    0.1400    0.0406    0.1093    0.0001    0.4117    0.2992        0.0689    0.0144 -110.6156
    0.0884    0.3468    0.2975    0.1563    0.0442    0.1092    0.0001    0.4609    0.3820        0.0912    0.0246 -113.6458
    0.0772    0.3502    0.1515    0.1512    0.0386    0.1066    0.0001    0.4477    0.2079        0.0985    0.0171 -138.7461
    0.0763    0.3502    0.1498    0.1496    0.0381    0.1066    0.0001    0.4573    0.2128        0.0926    0.0189 -139.2134
    0.0831    0.3476    0.2154    0.1491    0.0415    0.0888    0.0001    0.4026    0.3004        0.0398    0.0181 -111.2276
    0.0856    0.3477    0.2498    0.1579    0.0428    0.0887    0.0001    0.4373    0.3142        0.0380    0.0183 -111.4603
    0.0931    0.3223    0.2395    0.0953    0.0465    0.0758    0.0001    0.3739    0.1961        0.0924    0.0115 -119.1553
    0.0943    0.3203    0.2453    0.0910    0.0472    0.0748    0.0001    0.3753    0.2009        0.0869    0.0124 -119.1987
    0.0800    0.3388    0.2384    0.1309    0.0400    0.0867    0.0001    0.3921    0.2364        0.0981    0.0110 -113.8007
    0.0848    0.3401    0.2941    0.1655    0.0424    0.0866    0.0001    0.4319    0.2083        0.0809    0.0115 -118.3118
    0.0865    0.3405    0.2659    0.1410    0.0432    0.0901    0.0001    0.3994    0.2847        0.0926    0.0111 -115.1743
    0.0858    0.3393    0.2412    0.1402    0.0429    0.0874    0.0001    0.3869    0.2425        0.0788   -0.0011 -115.8927
    0.0826    0.3476    0.2838    0.1614    0.0413    0.0894    0.0001    0.2862    0.3890        0.0900    0.0133 -152.1990
    0.0795    0.3477    0.2247    0.1555    0.0398    0.0894    0.0001    0.2894    0.3983        0.0868    0.0205 -153.3194
    0.0822    0.3432    0.3000    0.1614    0.0411    0.0962    0.0001    0.2826    0.2688        0.1235    0.0107 -101.6962
    0.0833    0.3432    0.2763    0.1628    0.0417    0.0963    0.0001    0.4105    0.2481        0.1337    0.0087 -105.9095
    0.0783    0.3464    0.2161    0.1422    0.0392    0.0976    0.0001    0.3768    0.2088        0.0816    0.0086 -120.7059
    0.0748    0.3463    0.1475    0.1318    0.0374    0.0976    0.0001    0.3555    0.1906        0.1038    0.0094 -121.9632
    0.0964    0.3184    0.2350    0.1123    0.0482    0.0554    0.0001    0.3335    0.2210        0.0823    0.0104  -93.5649
    0.0882    0.3489    0.2957    0.1757    0.0441    0.0931    0.0001    0.4465    0.2915        0.0466    0.0135 -103.0486
    0.0881    0.3357    0.1685    0.1308    0.0441    0.0804    0.0001    0.3529    0.2199        0.1344    0.0072 -100.6072
    0.0946    0.3365    0.2446    0.1506    0.0473    0.0799    0.0001    0.4225    0.2832        0.1760   -0.0098 -102.0115
    0.0878    0.3292    0.2045    0.1019    0.0439    0.0815    0.0001    0.3290    0.2102        0.0829    0.0090  -86.4423
    0.0806    0.3493    0.2413    0.1570    0.0403    0.1032    0.0001    0.3694    0.2365        0.0068    0.0090  -95.2148
    0.0803    0.3412    0.1314    0.1269    0.0401    0.0979    0.0001    0.3686    0.1573        0.0608    0.0211  -83.8832
    0.0845    0.3420    0.1981    0.1409    0.0422    0.0967    0.0001    0.4109    0.2197        0.0549    0.0092  -85.6040
    0.1002    0.3212    0.2254    0.1299    0.0501    0.0430    0.0001    0.3242    0.3186        0.1105    0.0130  -86.4645
    0.0979    0.3393    0.2890    0.1638    0.0490    0.0672    0.0001    0.4067    0.3824        0.1200    0.0069  -90.9660
    0.0716    0.3497    0.2071    0.1173    0.0358    0.1130    0.0001    0.3290    0.2143        0.0958    0.0126 -155.8023
    0.0745    0.3516    0.2640    0.1370    0.0373    0.1084    0.0001    0.4284    0.2387        0.0920    0.0065 -157.5667
    0.0858    0.3313    0.1550    0.1268    0.0429    0.0734    0.0001    0.3117    0.1770        0.1359    0.0139  -65.5219
    0.0899    0.3319    0.2023    0.1426    0.0449    0.0729    0.0001    0.3562    0.1920        0.1096    0.0745  -68.6684
    0.0835    0.3422    0.2430    0.1501    0.0418    0.0838    0.0001    0.4370    0.2479        0.1069    0.0119 -129.9259
    0.0850    0.3422    0.2552    0.1527    0.0425    0.0838    0.0001    0.4587    0.3057        0.0885    0.0060 -130.8993
    0.0827    0.3506    0.2985    0.1598    0.0414    0.1045    0.0001    0.4041    0.2990        0.1266    0.0097 -147.1595
    0.0778    0.3506    0.2208    0.1493    0.0389    0.1046    0.0001    0.4339    0.3009        0.0785    0.0133 -149.7679
    0.0780    0.3480    0.1542    0.1317    0.0390    0.1185    0.0001    0.3945    0.1849        0.1807    0.0094 -109.8635
    0.0786    0.3496    0.1745    0.1454    0.0393    0.1159    0.0001    0.4211    0.1712        0.1493    0.0081 -113.5616
    0.0892    0.3392    0.2389    0.1455    0.0446    0.0883    0.0001    0.4560    0.2722        0.1102    0.0101 -143.2625
    0.0842    0.3388    0.1805    0.1314    0.0421    0.0868    0.0001    0.3996    0.2703        0.1233    0.0108 -144.8687
    0.0859    0.3350    0.2236    0.1236    0.0430    0.0836    0.0001    0.3321    0.2910        0.1445    0.0028 -141.0714
    0.0858    0.3388    0.1609    0.1391    0.0429    0.0783    0.0001    0.4089    0.2748        0.1535    0.0032 -144.7971
    0.0905    0.3297    0.2469    0.1279    0.0452    0.0798    0.0001    0.3835    0.1946        0.0922    0.0083  -77.3130
    0.0917    0.3263    0.2389    0.1259    0.0458    0.0733    0.0001    0.3404    0.1686        0.0632    0.0777  -79.8194
    0.0716    0.3496    0.1322    0.1406    0.0358    0.1046    0.0001    0.4489    0.1999        0.1606   -0.0039  -85.9851
    0.0779    0.3490    0.1341    0.1495    0.0390    0.1036    0.0001    0.4918    0.2332        0.0692   -0.0035  -92.4937
    0.0824    0.3534    0.2409    0.1613    0.0412    0.1110    0.0001    0.3133    0.2888       -0.0162    0.0093  -72.5691
    0.0822    0.3534    0.2220    0.1615    0.0411    0.1109    0.0001    0.4024    0.2439       -0.0154    0.0121  -75.4453
    0.0815    0.3430    0.2060    0.1527    0.0407    0.0963    0.0001    0.2857    0.1958        0.1077    0.0051  -58.5434
    0.0839    0.3432    0.2412    0.1607    0.0420    0.0963    0.0001    0.2961    0.2327        0.0845    0.0035  -59.2910
    0.0779    0.3521    0.2122    0.1395    0.0389    0.1107    0.0001    0.3312    0.1903        0.1089    0.0130 -100.0107
    0.0781    0.3523    0.1634    0.1445    0.0391    0.1106    0.0001    0.3583    0.2431        0.0709    0.0170 -104.1366
    0.0840    0.3507    0.2743    0.1513    0.0420    0.0985    0.0001    0.4856    0.3199        0.1715    0.0069 -147.4407
    0.0784    0.3513    0.2156    0.1541    0.0392    0.0982    0.0001    0.4722    0.2411        0.1244    0.0083 -150.3511
    0.0766    0.3471    0.1409    0.1141    0.0383    0.1048    0.0001    0.3849    0.1276        0.1228    0.0155 -115.6009
    0.0825    0.3487    0.2237    0.1532    0.0412    0.1028    0.0001    0.4695    0.2274        0.0812    0.0180 -122.8301
    0.0778    0.3526    0.2141    0.1486    0.0389    0.0927    0.0001    0.3543    0.3163        0.0789    0.0070 -130.4005
    0.0752    0.3527    0.1902    0.1463    0.0376    0.0928    0.0001    0.3804    0.3109        0.0818    0.0075 -132.6400
    0.0766    0.3385    0.1945    0.1401    0.0383    0.0831    0.0001    0.3130    0.1381        0.0568    0.0067 -109.3476
    0.0770    0.3387    0.1708    0.1432    0.0385    0.0829    0.0001    0.3275    0.2216        0.1285    0.0118 -115.0789
    0.0823    0.3519    0.2976    0.1579    0.0412    0.1091    0.0001    0.3693    0.3177        0.1395    0.0130 -100.9926
    0.0821    0.3519    0.2676    0.1577    0.0410    0.1091    0.0001    0.3740    0.3108        0.1274    0.0122 -101.2894
    0.0808    0.3521    0.2846    0.1499    0.0404    0.1104    0.0001    0.4088    0.2795        0.1093    0.0138 -107.5464
    0.0778    0.3521    0.2060    0.1442    0.0389    0.1104    0.0001    0.3774    0.2005        0.0716    0.0212 -109.8224
