    0.0874    0.3386    0.2198    0.1353    0.0437    0.0887    0.0001    0.3117    0.2726        0.0790    0.0061  -33.7635
    0.0853    0.3388    0.1877    0.1339    0.0426    0.0884    0.0001    0.3226    0.2416        0.0679    0.0079  -34.0313
    0.0763    0.3489    0.2832    0.1517    0.0381    0.1026    0.0001    0.5330    0.2504        0.1628    0.0100  -59.0941
    0.0811    0.3477    0.2526    0.1629    0.0405    0.0972    0.0001    0.5424    0.2355        0.1574    0.0083  -60.4062
    0.0801    0.3380    0.1326    0.0146    0.0401    0.1182    0.0001    0.4287    0.2079        0.1135    0.0238 -101.8679
    0.0799    0.3283    0.0103    0.0182    0.0399    0.0888    0.0001    0.3172    0.1609        0.1593    0.0342 -123.5957
    0.0866    0.3333    0.2558    0.1318    0.0433    0.0860    0.0001    0.2975    0.1583        0.0183    0.0152  -24.4210
    0.0818    0.3364    0.2167    0.1639    0.0409    0.0876    0.0001    0.3310    0.1342        0.0196    0.0159  -28.1328
    0.0866    0.3528    0.2994    0.1635    0.0433    0.0894    0.0001    0.2865    0.2861        0.1297    0.0167  -48.6086
    0.0849    0.3528    0.2863    0.1608    0.0425    0.0893    0.0001    0.3955    0.3316        0.1195    0.0157  -50.1466
    0.0752    0.3495    0.2993    0.1423    0.0376    0.1136    0.0001    0.5380    0.2882        0.1278    0.0120  -68.7895
    0.0760    0.3572    0.2939    0.1484    0.0380    0.1136    0.0001    0.6283    0.2206        0.1386    0.0062  -72.4352
    0.0833    0.3639    0.2872    0.1615    0.0416    0.1313    0.0001    0.7252    0.2679        0.2183    0.0083  -71.9322
    0.0758    0.3637    0.2288    0.1460    0.0379    0.1320    0.0001    0.6531    0.2406        0.2045    0.0090  -72.8230
    0.0916    0.3186    0.1496    0.1199    0.0458    0.0365    0.0001    0.3297    0.1857        0.1457    0.0032  -38.6327
    0.0953    0.3211    0.2052    0.1361    0.0477    0.0380    0.0001    0.3723    0.2162        0.1935    0.0030  -38.8982
    0.0898    0.3291    0.2706    0.1288    0.0449    0.0820    0.0001    0.5536    0.2453        0.1643    0.0051  -70.0462
    0.0858    0.3328    0.1853    0.1298    0.0429    0.0907    0.0001    0.4895    0.2687        0.2460    0.0376  -73.5316
    0.0862    0.3492    0.3000    0.1692    0.0431    0.1039    0.0001    0.4577    0.3493        0.0950    0.0106  -65.9154
    0.0814    0.3492    0.2416    0.1578    0.0407    0.1040    0.0001    0.3474    0.4286        0.1176    0.0100  -68.1134
    0.0861    0.3366    0.2014    0.0909    0.0431    0.0958    0.0001    0.4548    0.3236        0.0738    0.0081  -88.6514
    0.0893    0.3475    0.2999    0.1278    0.0446    0.1065    0.0001    0.5982    0.4280        0.1144    0.0075  -89.5800
    0.0838    0.3411    0.2304    0.1283    0.0419    0.1033    0.0001    0.3809    0.2023        0.1252    0.0047  -45.1536
    0.0791    0.3409    0.1300    0.1146    0.0396    0.1027    0.0001    0.2870    0.2144        0.1354    0.0054  -46.8192
    0.0765    0.3355    0.1428    0.1002    0.0383    0.0848    0.0001    0.3944    0.0945        0.0819    0.0056  -65.5823
    0.0727    0.3345    0.0100    0.0922    0.0363    0.0782    0.0001    0.3068    0.1541        0.0268    0.0075  -83.0670
    0.0810    0.3466    0.2704    0.1536    0.0405    0.0975    0.0001    0.4218    0.1898        0.1366    0.0072  -43.3658
    0.0773    0.3466    0.1413    0.1537    0.0386    0.0987    0.0001    0.3837    0.2671        0.0774    0.0094  -49.3968
    0.0980    0.3588    0.2992    0.1971    0.0490    0.0875    0.0001    0.6904    0.2912        0.4173    0.0081  -22.9051
    0.1092    0.3588    0.3000    0.2230    0.0546    0.0875    0.0001    0.5805    0.2823        0.3316    0.0091  -27.2949
    0.0889    0.3436    0.2998    0.1798    0.0444    0.0996    0.0001    0.3821    0.4098        0.1087    0.0089  -44.5536
    0.0871    0.3435    0.2968    0.1758    0.0436    0.0991    0.0001    0.4760    0.4470        0.0887    0.0101  -46.9463
    0.0651    0.3570    0.1085    0.1192    0.0326    0.1131    0.0001    0.3297    0.2251        0.1254    0.0117  -75.9004
    0.0692    0.3571    0.1574    0.1309    0.0346    0.1131    0.0001    0.4579    0.2797        0.1189    0.0048  -77.2476
    0.0807    0.3490    0.2432    0.1591    0.0403    0.1040    0.0001    0.4221    0.2278        0.1448    0.0117  -52.6380
    0.0870    0.3490    0.2999    0.1721    0.0435    0.1040    0.0001    0.5116    0.3146        0.1318    0.0141  -53.7662
    0.0953    0.3286    0.1716    0.1313    0.0476    0.0729    0.0001    0.4205    0.1520        0.1085    0.0039  -34.5550
    0.1056    0.3360    0.2999    0.1801    0.0528    0.0756    0.0001    0.5885    0.2403        0.1232    0.0010  -35.8990
    0.0794    0.3441    0.1464    0.1265    0.0397    0.1040    0.0001    0.3355    0.2323        0.0683    0.0105  -37.6942
    0.0910    0.3447    0.2997    0.1616    0.0455    0.1035    0.0001    0.4542    0.3826        0.1043    0.0069  -38.9816
    0.0960    0.3146    0.2734    0.0628    0.0480    0.0688    0.0001    0.3551    0.1473        0.1159    0.0109  -43.4269
    0.0946    0.3127    0.2155    0.0711    0.0473    0.0611    0.0001    0.2798    0.1397        0.1623   -0.0316  -45.2948
    0.0701    0.3556    0.1860    0.1360    0.0350    0.1098    0.0001    0.3976    0.2595        0.0934    0.0096  -69.9438
    0.0713    0.3557    0.2042    0.1382    0.0357    0.1084    0.0001    0.3430    0.2775        0.0850    0.0113  -70.3419
    0.0913    0.3243    0.2386    0.1300    0.0457    0.0492    0.0001    0.3562    0.1933        0.0664    0.0072  -35.2849
    0.0824    0.3232    0.0901    0.1045    0.0412    0.0506    0.0001    0.2423    0.1327        0.0502    0.0068  -36.8959
    0.0790    0.3402    0.2155    0.1169    0.0395    0.1021    0.0001    0.3508    0.2824        0.1036    0.0045  -63.5826
    0.0774    0.3497    0.2850    0.1533    0.0387    0.1041    0.0001    0.4736    0.2810        0.3247    0.0051  -71.4427
    0.0776    0.3536    0.1770    0.1526    0.0388    0.1098    0.0001    0.3569    0.1930        0.1045    0.0096  -43.7010
    0.0738    0.3610    0.1670    0.1475    0.0369    0.1098    0.0001    0.4301    0.2630        0.0371    0.0064  -47.8410
    0.0886    0.3225    0.1425    0.1064    0.0443    0.0640    0.0001    0.3743    0.2328        0.0202    0.0152  -58.6665
    0.0849    0.3346    0.1550    0.1260    0.0424    0.0804    0.0001    0.4379    0.2669        0.0005    0.0512  -59.7800
    0.0765    0.3428    0.2161    0.1082    0.0382    0.0901    0.0001    0.2681    0.3122        0.0161    0.0153  -70.7191
    0.0749    0.3458    0.2242    0.1437    0.0374    0.0858    0.0001    0.3290    0.3343       -0.0193    0.0212  -71.9877
    0.0803    0.3501    0.2435    0.1517    0.0401    0.0947    0.0001    0.4550    0.2270        0.1056    0.0055  -53.6745
    0.0812    0.3502    0.2407    0.1562    0.0406    0.0948    0.0001    0.4287    0.2410        0.0967    0.0049  -53.8831
    0.0789    0.3412    0.1310    0.1042    0.0394    0.0849    0.0001    0.1812    0.1905        0.1116    0.0030  -52.6945
    0.0669    0.3598    0.0164    0.1172    0.0335    0.1179    0.0001    0.2537    0.1513        0.1421    0.0042  -56.9151
    0.0901    0.3400    0.2336    0.1788    0.0450    0.0786    0.0001    0.4611    0.0828        0.0825    0.0011  -43.9670
    0.0888    0.3400    0.2535    0.1769    0.0444    0.0786    0.0001    0.5107    0.0851        0.0828    0.0010  -44.3647
    0.0792    0.3520    0.3000    0.1567    0.0396    0.1085    0.0001    0.4600    0.1584        0.0999    0.0073  -41.6676
    0.0806    0.3526    0.2996    0.1600    0.0403    0.1109    0.0001    0.4585    0.1622        0.1003    0.0078  -42.8877
    0.0881    0.3283    0.1762    0.1295    0.0440    0.0414    0.0001    0.3542    0.1090        0.1167    0.0075  -38.2961
    0.0842    0.3286    0.1214    0.1189    0.0421    0.0452    0.0001    0.3202    0.1000        0.0957   -0.0201  -38.6865
    0.0933    0.3182    0.1135    0.1163    0.0466    0.0619    0.0001    0.3472    0.1519        0.0502    0.0099  -22.2939
    0.0900    0.3263    0.1075    0.1243    0.0450    0.0736    0.0001    0.3531    0.1614        0.0542    0.0293  -22.5955
    0.0849    0.3397    0.2194    0.1327    0.0424    0.0866    0.0001    0.4466    0.3020        0.1223    0.0060  -61.4651
    0.0809    0.3391    0.1700    0.1213    0.0404    0.0868    0.0001    0.3619    0.2462        0.1629    0.0073  -62.7145
    0.0819    0.3475    0.2999    0.1641    0.0410    0.0979    0.0001    0.3422    0.3383        0.1358    0.0085  -55.1281
    0.0799    0.3475    0.2936    0.1603    0.0400    0.0979    0.0001    0.3816    0.3556        0.1385    0.0065  -55.3933
    0.0853    0.3454    0.2988    0.1699    0.0427    0.1058    0.0001    0.4827    0.4222        0.1381    0.0124  -78.0366
    0.0777    0.3525    0.2979    0.1548    0.0389    0.1050    0.0001    0.5533    0.3511        0.1357    0.0135  -80.6405
    0.0753    0.3505    0.2557    0.1192    0.0377    0.1126    0.0001    0.4858    0.1815        0.1098    0.0094  -56.3830
    0.0731    0.3409    0.0604    0.1043    0.0366    0.1010    0.0001    0.3263    0.2120        0.0426    0.0053  -58.8088
    0.0746    0.3500    0.1926    0.1471    0.0373    0.1023    0.0001    0.4171    0.0735        0.1115    0.0071  -39.2548
    0.0759    0.3500    0.1849    0.1511    0.0380    0.1024    0.0001    0.4186    0.0819        0.1109    0.0061  -39.5121
    0.0840    0.3508    0.2990    0.1656    0.0420    0.1153    0.0001    0.4906    0.3588        0.0921    0.0113  -48.3951
    0.0827    0.3474    0.2700    0.1660    0.0414    0.1085    0.0001    0.5142    0.3512        0.0616    0.0157  -50.6474
    0.0971    0.3093    0.1755    0.1328    0.0485    0.0382    0.0001    0.3330    0.2814        0.0974    0.0068  -35.8928
    0.0904    0.3034    0.0100    0.0947    0.0452    0.0367    0.0001    0.3029    0.1577        0.0405    0.0195  -52.5352
    0.0790    0.3543    0.2999    0.1576    0.0395    0.1065    0.0001    0.5647    0.2861        0.1130    0.0220  -58.5832
    0.0810    0.3543    0.2196    0.1618    0.0405    0.1065    0.0001    0.4435    0.3963        0.1237    0.0268  -62.1220
    0.1021    0.3168    0.1862    0.1384    0.0511    0.0466    0.0001    0.2870    0.2841        0.0951    0.0174   -6.6316
    0.1073    0.3274    0.2958    0.1848    0.0537    0.0591    0.0001    0.4089    0.3907        0.0526    0.0036   -9.2469
    0.0859    0.3266    0.2633    0.1227    0.0430    0.0717    0.0001    0.3243    0.2922        0.0636    0.0029  -55.8528
    0.0883    0.3273    0.2949    0.1330    0.0441    0.0726    0.0001    0.3455    0.3126        0.1120    0.0042  -56.1749
    0.0840    0.3381    0.1768    0.1350    0.0420    0.0820    0.0001    0.3977    0.2039        0.0352    0.0135  -44.0786
    0.0828    0.3380    0.1633    0.1304    0.0414    0.0824    0.0001    0.3819    0.1793        0.0267    0.0517  -44.4718
    0.0827    0.3515    0.1973    0.1496    0.0413    0.1018    0.0001    0.3478    0.2364        0.0845    0.0077  -25.6557
    0.0783    0.3520    0.1838    0.1582    0.0392    0.1020    0.0001    0.3432    0.2213        0.0879    0.0078  -27.4981
    0.0907    0.3127    0.2162    0.0964    0.0453    0.0406    0.0001    0.2841    0.1751        0.1188    0.0117  -44.7680
    0.0820    0.3116    0.0427    0.0741    0.0410    0.0415    0.0001    0.2039    0.1335        0.0612    0.0085  -45.3684
    0.0756    0.3539    0.1938    0.1470    0.0378    0.0970    0.0001    0.4742    0.2927        0.0863    0.0122  -54.3757
    0.0820    0.3539    0.1899    0.1598    0.0410    0.0966    0.0001    0.4290    0.3143        0.0939    0.0126  -55.7975
    0.0909    0.3435    0.2624    0.1798    0.0454    0.0836    0.0001    0.2808    0.2331        0.0911    0.0055   -4.7991
    0.0926    0.3433    0.3000    0.1839    0.0463    0.0826    0.0001    0.2823    0.2516        0.0644    0.0058   -5.6488
    0.0654    0.3587    0.2648    0.1311    0.0327    0.1154    0.0001    0.3708    0.1440        0.0990    0.0074  -77.2992
    0.0681    0.3584    0.1604    0.1335    0.0341    0.1149    0.0001    0.4878    0.1725        0.1099    0.0073  -79.1842
    0.1080    0.3074    0.2068    0.1382    0.0540    0.0314    0.0001    0.4159    0.2740        0.0014    0.0082  -26.7274
    0.1106    0.3074    0.2273    0.1433    0.0553    0.0318    0.0001    0.4476    0.2721        0.0013   -0.0114  -26.9182
    0.0995    0.3137    0.2395    0.1185    0.0498    0.0597    0.0001    0.3276    0.3216        0.0815    0.0125  -36.6621
    0.1020    0.3169    0.2700    0.1331    0.0510    0.0613    0.0001    0.3536    0.3356        0.0813    0.0147  -36.7895
    0.0894    0.3453    0.2502    0.1349    0.0447    0.0914    0.0001    0.5586    0.3201        0.1162    0.0143  -53.5373
    0.0903    0.3548    0.2965    0.1812    0.0452    0.0800    0.0001    0.5760    0.3797        0.0567    0.0144  -60.5230
    0.0712    0.3488    0.1977    0.1353    0.0356    0.1044    0.0001    0.3337    0.1323        0.0979    0.0126  -58.8582
    0.0707    0.3500    0.1841    0.1421    0.0354    0.1021    0.0001    0.3249    0.1491        0.0898    0.0134  -66.9101
    0.0821    0.3510    0.2356    0.1241    0.0410    0.1101    0.0001    0.4070    0.1281        0.1743    0.0111  -51.7676
    0.0751    0.3514    0.1111    0.1085    0.0376    0.1098    0.0001    0.3222    0.1005        0.1524    0.1161  -55.2151
    0.0653    0.3606    0.2902    0.1254    0.0326    0.1207    0.0001    0.3584    0.1566        0.1413    0.0161  -67.5641
    0.0652    0.3596    0.1959    0.1230    0.0326    0.1179    0.0001    0.4488    0.1746        0.0600    0.0181  -70.5122
    0.0705    0.3513    0.2029    0.1337    0.0353    0.1117    0.0001    0.2438    0.2703        0.0848    0.0115  -55.4679
    0.0741    0.3513    0.2480    0.1421    0.0371    0.1116    0.0001    0.3301    0.3664        0.1089   -0.0026  -56.4145
    0.0825    0.3521    0.2910    0.1631    0.0413    0.0872    0.0001    0.4086    0.3046        0.1157    0.0143  -57.2457
    0.0837    0.3520    0.2750    0.1656    0.0419    0.0872    0.0001    0.4538    0.2883        0.0563    0.0142  -57.9120
    0.0775    0.3466    0.0959    0.1196    0.0387    0.0914    0.0001    0.4139    0.1737        0.0952    0.0062  -56.2467
    0.0756    0.3486    0.0996    0.1506    0.0378    0.0900    0.0001    0.4572    0.1790        0.1047    0.0061  -59.6940
    0.0838    0.3467    0.2998    0.1647    0.0419    0.1061    0.0001    0.4664    0.2626        0.1052    0.0143  -50.1095
    0.0834    0.3467    0.2905    0.1640    0.0417    0.1061    0.0001    0.4648    0.2269        0.1240    0.0168  -50.2734
    0.0718    0.3450    0.1325    0.1365    0.0359    0.1061    0.0001    0.2387    0.2203        0.1120    0.0089  -56.1557
    0.0686    0.3503    0.1333    0.1355    0.0343    0.1010    0.0001    0.2435    0.2140        0.1151    0.0086  -61.4627
    0.0857    0.3502    0.2994    0.1659    0.0429    0.1087    0.0001    0.4266    0.3188        0.1610    0.0119  -44.6011
    0.0855    0.3502    0.2952    0.1661    0.0428    0.1086    0.0001    0.4047    0.3508        0.1369    0.0128  -44.8053
    0.0780    0.3471    0.2291    0.1531    0.0390    0.0962    0.0001    0.2814    0.1544        0.0590    0.0172  -36.8480
    0.0761    0.3471    0.2127    0.1493    0.0380    0.0961    0.0001    0.2949    0.1483        0.0668    0.0173  -37.1150
    0.0717    0.3467    0.1586    0.1422    0.0359    0.0885    0.0001    0.2871    0.1957        0.0652    0.0112  -52.7125
    0.0736    0.3408    0.1538    0.1451    0.0368    0.0878    0.0001    0.3308    0.1780        0.0710    0.0106  -50.4496
    0.0729    0.3527    0.2598    0.1454    0.0364    0.1237    0.0001    0.3782    0.3083        0.1188    0.0127  -69.1906
    0.0702    0.3527    0.1590    0.1396    0.0351    0.1237    0.0001    0.2942    0.3144        0.1062    0.0154  -70.6978
    0.0819    0.3420    0.2622    0.1567    0.0409    0.0810    0.0001    0.4610    0.2737        0.1388    0.0080  -47.4698
    0.0828    0.3466    0.2512    0.1631    0.0414    0.0788    0.0001    0.4343    0.3051        0.1157    0.0097  -50.9118
    0.0875    0.3472    0.3000    0.1751    0.0437    0.0969    0.0001    0.4443    0.3908        0.0933    0.0123  -56.4078
    0.0837    0.3472    0.2961    0.1668    0.0419    0.0969    0.0001    0.5060    0.3448        0.0924    0.0139  -57.3086
    0.0823    0.3499    0.2963    0.1591    0.0412    0.1052    0.0001    0.2866    0.3166        0.1154    0.0111  -34.3890
    0.0771    0.3503    0.1485    0.1517    0.0386    0.1035    0.0001    0.3396    0.2207        0.1553    0.0167  -40.1369
    0.0784    0.3422    0.1669    0.1103    0.0392    0.1065    0.0001    0.4110    0.1510        0.1153    0.0129  -54.0648
    0.0792    0.3486    0.2626    0.1542    0.0396    0.0997    0.0001    0.6402    0.1993        0.0555   -0.0424  -57.7555
    0.0880    0.3299    0.1529    0.1330    0.0440    0.0783    0.0001    0.3583    0.1612        0.0823    0.0085  -32.6415
    0.0908    0.3301    0.1893    0.1420    0.0454    0.0770    0.0001    0.4012    0.1909        0.0868    0.0639  -33.3814
    0.0846    0.3274    0.2350    0.1230    0.0423    0.0688    0.0001    0.3223    0.2227        0.0985    0.0055  -56.9603
    0.0867    0.3275    0.2651    0.1277    0.0433    0.0694    0.0001    0.3492    0.2427        0.1128    0.0053  -57.0286
    0.1082    0.3332    0.2847    0.2053    0.0541    0.0703    0.0001    0.6680    0.2663        0.1634    0.0090  -42.4688
    0.1043    0.3337    0.2991    0.2110    0.0521    0.0704    0.0001    0.7162    0.2770        0.1496    0.0103  -45.0399
    0.0865    0.3440    0.1542    0.1716    0.0432    0.1069    0.0001    0.2628    0.1818        0.0358    0.0048    6.3502
    0.0842    0.3512    0.1435    0.1687    0.0421    0.1070    0.0001    0.3056    0.1819        0.0389    0.0046    4.0091
    0.0836    0.3323    0.1509    0.0928    0.0418    0.0811    0.0001    0.3284    0.2107        0.1399    0.0077  -58.1283
    0.0796    0.3325    0.0608    0.0898    0.0398    0.0796    0.0001    0.2610    0.1423        0.1503    0.0223  -59.3168
    0.0777    0.3495    0.1743    0.1295    0.0389    0.1007    0.0001    0.2355    0.2310        0.1029    0.0086  -32.0475
    0.0788    0.3512    0.1419    0.1590    0.0394    0.0988    0.0001    0.3261    0.2995        0.0511    0.0090  -38.0350
    0.0854    0.3552    0.2926    0.1693    0.0427    0.1235    0.0001    0.4632    0.3108        0.1556    0.0138  -51.5115
    0.0830    0.3552    0.2463    0.1640    0.0415    0.1235    0.0001    0.4639    0.3518        0.1659    0.0139  -52.1992
    0.0734    0.3360    0.2999    0.1459    0.0367    0.0743    0.0001    0.5479    0.2554        0.0996    0.0069  -79.8556
    0.0796    0.3360    0.2897    0.1598    0.0398    0.0744    0.0001    0.4912    0.2171        0.1112    0.0063  -81.9935
    0.0812    0.3381    0.1451    0.1215    0.0406    0.0957    0.0001    0.3991    0.2441        0.1340    0.0085  -57.4862
    0.0795    0.3490    0.1927    0.1570    0.0398    0.1035    0.0001    0.4491    0.2822        0.1138    0.0079  -61.3234
    0.0855    0.3506    0.2993    0.1705    0.0427    0.1002    0.0001    0.2928    0.2546        0.1055    0.0116  -34.8997
    0.0881    0.3439    0.2650    0.1757    0.0441    0.1002    0.0001    0.3090    0.2378        0.1056    0.0121  -34.4488
    0.0993    0.3377    0.2034    0.1805    0.0496    0.0753    0.0001    0.5038    0.4013        0.0830    0.0060  -46.1672
    0.0989    0.3384    0.2225    0.2017    0.0495    0.0716    0.0001    0.5021    0.4046        0.0861    0.0058  -50.4908
    0.0763    0.3534    0.2993    0.1534    0.0381    0.0988    0.0001    0.3632    0.3082        0.0468    0.0104  -46.8500
    0.0774    0.3526    0.2792    0.1517    0.0387    0.0954    0.0001    0.3181    0.2913        0.0548    0.0076  -47.3738
    0.0917    0.3356    0.2848    0.1849    0.0458    0.0632    0.0001    0.4583    0.1532        0.0862    0.0136  -32.7617
    0.0898    0.3356    0.2866    0.1809    0.0449    0.0632    0.0001    0.4967    0.1692        0.0962    0.0138  -33.1440
    0.0882    0.3174    0.1906    0.1223    0.0441    0.0377    0.0001    0.2955    0.2073        0.1048    0.0085  -43.0552
    0.0896    0.3205    0.2119    0.1319    0.0448    0.0436    0.0001    0.3098    0.2302        0.1094   -0.0098  -43.2649
    0.0747    0.3549    0.2801    0.1501    0.0373    0.1236    0.0001    0.3083    0.2820        0.1181    0.0132  -43.6799
    0.0731    0.3549    0.2509    0.1467    0.0365    0.1236    0.0001    0.3448    0.2948        0.1088    0.0139  -43.9548
    0.0815    0.3500    0.2389    0.1609    0.0407    0.0978    0.0001    0.2989    0.3344        0.0830    0.0152  -43.0366
    0.0823    0.3500    0.2473    0.1631    0.0412    0.0977    0.0001    0.3396    0.3495        0.1021    0.0150  -43.3630
    0.0662    0.3611    0.1551    0.1247    0.0331    0.1140    0.0001    0.4554    0.3755        0.1236    0.0108  -94.1785
    0.0650    0.3613    0.1590    0.1306    0.0325    0.1136    0.0001    0.4881    0.3751        0.1242    0.0105  -96.6385
    0.0683    0.3606    0.2623    0.1346    0.0341    0.1248    0.0001    0.3930    0.1990        0.1340    0.0133  -66.0349
    0.0758    0.3562    0.2425    0.1528    0.0379    0.1243    0.0001    0.4625    0.1860        0.1239    0.0125  -70.6759
    0.0857    0.3260    0.1191    0.0934    0.0428    0.0881    0.0001    0.2708    0.2116        0.0661    0.0131  -43.1597
    0.0942    0.3331    0.2364    0.1397    0.0471    0.0873    0.0001    0.3962    0.2859        0.1329    0.0147  -45.0504
    0.0891    0.3333    0.2446    0.1268    0.0445    0.0848    0.0001    0.3737    0.2389        0.0565    0.0060  -52.8553
    0.0941    0.3339    0.3000    0.1386    0.0470    0.0865    0.0001    0.5018    0.2938        0.0348    0.0084  -54.3503
    0.0826    0.3346    0.2891    0.1633    0.0413    0.0839    0.0001    0.4552    0.1452        0.1495    0.0108  -35.9320
    0.0870    0.3346    0.2850    0.1733    0.0435    0.0839    0.0001    0.4867    0.1465        0.0319   -0.0076  -38.1262
    0.0732    0.3469    0.1963    0.1422    0.0366    0.0935    0.0001    0.3030    0.2259        0.0906    0.0049  -64.6807
    0.0713    0.3470    0.1656    0.1395    0.0356    0.0936    0.0001    0.3276    0.2151        0.0994    0.0050  -65.0272
    0.0853    0.3355    0.2003    0.0824    0.0426    0.1037    0.0001    0.4103    0.2255        0.0952    0.0095  -68.3560
    0.0870    0.3486    0.2987    0.1235    0.0435    0.1161    0.0001    0.5538    0.3110        0.1324   -0.0011  -69.3625
    0.0685    0.3432    0.1621    0.1363    0.0343    0.1072    0.0001    0.2583    0.1980        0.1081    0.0088  -63.4774
    0.0711    0.3431    0.1460    0.1416    0.0356    0.1072    0.0001    0.2682    0.1748        0.1095    0.0109  -63.9499
    0.0725    0.3434    0.1698    0.1437    0.0363    0.0824    0.0001    0.3418    0.1734        0.0812    0.0120  -63.8227
    0.0705    0.3434    0.1080    0.1392    0.0352    0.0824    0.0001    0.3167    0.1931        0.0676    0.0202  -64.5009
    0.0671    0.3511    0.2978    0.1351    0.0335    0.0777    0.0001    0.3228    0.2148        0.0910    0.0078  -70.0289
    0.0674    0.3511    0.1780    0.1353    0.0337    0.0777    0.0001    0.3484    0.1937        0.1052    0.0083  -73.2818
    0.0767    0.3385    0.1672    0.1036    0.0383    0.0928    0.0001    0.3200    0.2223        0.0402    0.0116  -62.5917
    0.0756    0.3389    0.1356    0.1080    0.0378    0.0906    0.0001    0.3055    0.2177        0.0399    0.0715  -63.3627
    0.0680    0.3635    0.0926    0.1283    0.0340    0.1279    0.0001    0.5033    0.1568        0.0879    0.0117  -52.8902
    0.0704    0.3636    0.0952    0.1343    0.0352    0.1279    0.0001    0.5071    0.1548        0.0665    0.0120  -53.3184
    0.0717    0.3559    0.2349    0.1419    0.0359    0.1027    0.0001    0.3218    0.2214        0.0887    0.0107  -79.3429
    0.0653    0.3627    0.2312    0.1303    0.0326    0.1026    0.0001    0.3747    0.2379        0.0823    0.0086  -83.4411
    0.0820    0.3445    0.1976    0.1224    0.0410    0.1132    0.0001    0.3832    0.3115        0.0290    0.0134  -42.2107
    0.0792    0.3450    0.1368    0.1210    0.0396    0.1138    0.0001    0.3639    0.2655        0.0358    0.0191  -42.6308
    0.0719    0.3568    0.2132    0.1363    0.0359    0.1182    0.0001    0.5393    0.2321        0.1191    0.0111  -72.5155
    0.0723    0.3648    0.1991    0.1391    0.0361    0.1182    0.0001    0.6666    0.2230        0.1165    0.0119  -73.4760
    0.1006    0.3564    0.2963    0.1912    0.0503    0.1056    0.0001    0.3877    0.3362        0.0679    0.0194  -23.1586
    0.0992    0.3569    0.2998    0.1997    0.0496    0.1064    0.0001    0.4434    0.3705        0.0572    0.0222  -25.0298
    0.0803    0.3431    0.1345    0.1532    0.0402    0.1023    0.0001    0.4003    0.1612        0.0686    0.0061  -23.5590
    0.0922    0.3431    0.2994    0.1785    0.0461    0.1023    0.0001    0.5183    0.2469        0.0115    0.0111  -26.1042
    0.0692    0.3581    0.2618    0.1378    0.0346    0.1037    0.0001    0.4461    0.3098        0.1667    0.0079  -88.5177
    0.0728    0.3581    0.2542    0.1451    0.0364    0.1037    0.0001    0.4124    0.3146        0.1598    0.0084  -89.1182
    0.0785    0.3458    0.1832    0.1351    0.0393    0.1133    0.0001    0.3690    0.3020        0.1044    0.0120  -48.8336
    0.0770    0.3462    0.1834    0.1550    0.0385    0.1105    0.0001    0.3999    0.3176        0.0958    0.0120  -53.5733
    0.0845    0.3335    0.1690    0.0877    0.0423    0.0722    0.0001    0.3507    0.2503        0.1192    0.0109  -42.7487
    0.0846    0.3495    0.2725    0.1676    0.0423    0.0869    0.0001    0.4850    0.2840        0.1197    0.0156  -48.3686
    0.0674    0.3629    0.2352    0.1324    0.0337    0.1242    0.0001    0.3810    0.1579        0.0903    0.0087  -78.5435
    0.0650    0.3628    0.1775    0.1266    0.0325    0.1242    0.0001    0.3964    0.1747        0.1014    0.0106  -79.2576
    0.0848    0.3451    0.2864    0.1687    0.0424    0.1173    0.0001    0.4572    0.3570        0.0995    0.0124  -47.5361
    0.0825    0.3451    0.2274    0.1636    0.0412    0.1173    0.0001    0.4477    0.3060        0.1248    0.0135  -48.0388
    0.0754    0.3602    0.2846    0.1411    0.0377    0.1253    0.0001    0.3728    0.2078        0.1354    0.0107  -40.5737
    0.0738    0.3606    0.1633    0.1433    0.0369    0.1252    0.0001    0.3116    0.2358        0.1669    0.0115  -43.4633
    0.0781    0.3462    0.2867    0.1555    0.0390    0.1136    0.0001    0.3508    0.2437        0.0744    0.0115  -42.9911
    0.0794    0.3462    0.2226    0.1586    0.0397    0.1136    0.0001    0.4318    0.2241        0.0276    0.0189  -45.0293
    0.0727    0.3451    0.1416    0.0957    0.0363    0.0925    0.0001    0.3246    0.1380        0.0682    0.0082  -63.9092
    0.0683    0.3499    0.0722    0.1338    0.0341    0.0821    0.0001    0.3875    0.1445        0.0890    0.0096  -68.2361
    0.0750    0.3520    0.2427    0.1209    0.0375    0.1124    0.0001    0.4386    0.2104        0.1252    0.0136  -67.3094
    0.0711    0.3539    0.1200    0.1418    0.0355    0.1143    0.0001    0.4347    0.2360        0.1306    0.0144  -73.4071
    0.0816    0.3485    0.2592    0.1183    0.0408    0.1179    0.0001    0.4967    0.2713        0.1226    0.0048  -68.0937
    0.0749    0.3516    0.1951    0.1507    0.0374    0.1200    0.0001    0.4733    0.3414        0.0944    0.0046  -74.1429
    0.0765    0.3503    0.2299    0.1051    0.0383    0.1169    0.0001    0.4285    0.2031        0.0866    0.0111  -62.1130
    0.0689    0.3504    0.0112    0.0869    0.0344    0.1173    0.0001    0.3359    0.1805       -0.0438    0.0160  -81.8933
    0.0812    0.3066    0.0100    0.0744    0.0406    0.0371    0.0001    0.3000    0.1419        0.0664    0.0146  -83.1533
    0.0707    0.3312    0.0104    0.1046    0.0354    0.0696    0.0001    0.3174    0.1662        0.0404   -0.0187  -87.4897
    0.0823    0.3451    0.0884    0.1280    0.0412    0.0823    0.0001    0.4598    0.2847        0.1123    0.0126  -55.2775
    0.0780    0.3508    0.0984    0.1561    0.0390    0.0801    0.0001    0.4524    0.3156        0.0605    0.0143  -58.0822
    0.0863    0.3452    0.2944    0.1705    0.0432    0.0694    0.0001    0.3793    0.2405        0.1384    0.0091  -47.9100
    0.0858    0.3452    0.2918    0.1706    0.0429    0.0696    0.0001    0.3937    0.2850        0.1143    0.0079  -48.2306
    0.1046    0.3223    0.2581    0.1604    0.0523    0.0590    0.0001    0.4225    0.3114        0.1619    0.0092  -32.8901
    0.1038    0.3263    0.2700    0.1731    0.0519    0.0599    0.0001    0.4420    0.3479        0.1004    0.0411  -33.9011
    0.0962    0.3313    0.2846    0.1706    0.0481    0.0668    0.0001    0.4669    0.3240        0.0602    0.0068  -24.7244
    0.0945    0.3329    0.2986    0.1863    0.0473    0.0595    0.0001    0.3799    0.3356        0.0380    0.0062  -26.9998
    0.0852    0.3450    0.2362    0.1272    0.0426    0.1055    0.0001    0.3328    0.2435        0.1191    0.0158  -36.4551
    0.0897    0.3452    0.2999    0.1380    0.0448    0.1054    0.0001    0.3632    0.2844        0.1555    0.0175  -36.7124
    0.0969    0.3331    0.2440    0.1748    0.0485    0.0617    0.0001    0.4218    0.1980        0.1473   -0.0018  -37.7139
    0.0989    0.3332    0.3000    0.1912    0.0494    0.0602    0.0001    0.4842    0.2720        0.1738   -0.0028  -38.3974
    0.0797    0.3409    0.2160    0.1231    0.0399    0.1045    0.0001    0.3148    0.1239        0.1183    0.0125  -37.1039
    0.0756    0.3491    0.2094    0.1464    0.0378    0.1040    0.0001    0.3230    0.1282        0.1189    0.0149  -40.7989
    0.0870    0.3378    0.2926    0.1368    0.0435    0.0809    0.0001    0.3699    0.3532        0.0680    0.0047  -37.9403
    0.0852    0.3424    0.2999    0.1667    0.0426    0.0801    0.0001    0.3367    0.2935        0.0297    0.0129  -40.2800
    0.0885    0.3492    0.2998    0.1763    0.0443    0.1035    0.0001    0.3743    0.3556        0.1240    0.0146  -52.4177
    0.0934    0.3488    0.2977    0.1842    0.0467    0.1042    0.0001    0.5565    0.4248        0.1361    0.0147  -54.2431
    0.0969    0.3262    0.2326    0.1418    0.0485    0.0541    0.0001    0.2853    0.1601        0.0771    0.0063   -7.1564
    0.1038    0.3251    0.3000    0.1572    0.0519    0.0501    0.0001    0.3224    0.2292        0.0707    0.0122   -7.6404
    0.0791    0.3335    0.2105    0.1581    0.0396    0.0700    0.0001    0.2837    0.1702        0.0772    0.0084  -24.4901
    0.0848    0.3335    0.1766    0.1714    0.0424    0.0700    0.0001    0.2786    0.1924        0.0726    0.0070  -26.5273
    0.0835    0.3467    0.2482    0.1394    0.0417    0.1082    0.0001    0.2977    0.2380        0.0630    0.0099  -27.1707
    0.0786    0.3514    0.1903    0.1542    0.0393    0.1003    0.0001    0.3413    0.2586        0.0751    0.0095  -31.5983
    0.0730    0.3462    0.2428    0.1329    0.0365    0.0877    0.0001    0.4325    0.3085        0.0767    0.0109  -72.8097
    0.0767    0.3462    0.3000    0.1426    0.0384    0.0877    0.0001    0.4103    0.3489        0.1927    0.0257  -74.4637
    0.0790    0.3434    0.2977    0.1544    0.0395    0.0813    0.0001    0.3465    0.0860        0.0617    0.0079  -60.1437
    0.0775    0.3434    0.2168    0.1518    0.0388    0.0812    0.0001    0.3884    0.0844        0.0591    0.0090  -61.0637
    0.0784    0.3529    0.2584    0.1377    0.0392    0.1091    0.0001    0.3993    0.3468        0.0877    0.0079  -68.6926
    0.0765    0.3533    0.2029    0.1440    0.0382    0.1103    0.0001    0.4539    0.3495        0.0993    0.0080  -70.7764
    0.0776    0.3501    0.2457    0.1549    0.0388    0.0800    0.0001    0.2657    0.3064        0.1153    0.0137  -51.8419
    0.0801    0.3476    0.2114    0.1605    0.0401    0.0809    0.0001    0.2803    0.2744        0.1096    0.0136  -52.2894
    0.0941    0.3166    0.1722    0.0734    0.0470    0.0765    0.0001    0.3209    0.2504        0.0559    0.0142  -36.1855
    0.0785    0.3440    0.0207    0.1098    0.0392    0.0998    0.0001    0.3194    0.1932        0.0300    0.0231  -41.1225
    0.0768    0.3502    0.2046    0.1488    0.0384    0.0999    0.0001    0.3308    0.1424        0.0972    0.0124  -33.0429
    0.0791    0.3502    0.1530    0.1526    0.0396    0.0999    0.0001    0.4286    0.1886        0.0618    0.0139  -36.0325
    0.1013    0.3060    0.1869    0.1050    0.0506    0.0300    0.0001    0.3175    0.0916        0.0848    0.0003   -6.5789
    0.0987    0.3091    0.1570    0.1122    0.0494    0.0300    0.0001    0.3244    0.1016        0.0262    0.0002   -7.8759
    0.0884    0.3345    0.2570    0.1047    0.0442    0.0922    0.0001    0.3661    0.2493        0.0492    0.0207  -44.7442
    0.0813    0.3465    0.2193    0.1244    0.0407    0.0997    0.0001    0.3563    0.2644        0.0364   -0.0134  -45.6203
    0.0662    0.3501    0.1788    0.1302    0.0331    0.0836    0.0001    0.2612    0.1936        0.0876    0.0134  -55.6926
    0.0712    0.3498    0.1086    0.1380    0.0356    0.0843    0.0001    0.3309    0.2189        0.0906    0.0151  -57.1566
    0.0706    0.3511    0.2184    0.1344    0.0353    0.1086    0.0001    0.4443    0.3065        0.1047    0.0153  -62.8617
    0.0763    0.3511    0.2138    0.1488    0.0382    0.1086    0.0001    0.3993    0.3180        0.1425    0.0194  -64.3239
    0.0777    0.3483    0.2278    0.1578    0.0389    0.0846    0.0001    0.3356    0.3018        0.1174    0.0117  -53.7328
    0.0734    0.3482    0.1818    0.1465    0.0367    0.0842    0.0001    0.3797    0.2585        0.1190    0.0147  -54.8841
    0.0909    0.3153    0.1150    0.1147    0.0455    0.0300    0.0001    0.1940    0.1392        0.0696    0.0080   -5.1277
    0.0986    0.3347    0.3000    0.1982    0.0493    0.0601    0.0001    0.3421    0.3130        0.0480    0.0747  -11.8536
    0.0809    0.3481    0.2996    0.1569    0.0405    0.0932    0.0001    0.4572    0.3176        0.1877    0.0094  -75.5621
    0.0789    0.3475    0.2126    0.1563    0.0394    0.0902    0.0001    0.5066    0.3394        0.1539    0.0081  -80.0664
    0.0786    0.3502    0.2846    0.1576    0.0393    0.1062    0.0001    0.4445    0.3005        0.0896    0.0102  -50.9684
    0.0818    0.3502    0.1832    0.1643    0.0409    0.1061    0.0001    0.4491    0.2815        0.0846    0.0160  -54.0507
    0.0722    0.3472    0.2551    0.1295    0.0361    0.0808    0.0001    0.2731    0.2783        0.1329    0.0118  -75.7228
    0.0741    0.3471    0.3000    0.1406    0.0370    0.0790    0.0001    0.3169    0.3700        0.1232    0.0087  -76.7544
    0.0742    0.3596    0.2853    0.1467    0.0371    0.1178    0.0001    0.3508    0.3034        0.1117    0.0125  -61.0538
    0.0706    0.3596    0.1792    0.1390    0.0353    0.1178    0.0001    0.3274    0.3569        0.1125    0.0049  -62.9145
    0.0824    0.3502    0.2749    0.1629    0.0412    0.1224    0.0001    0.4032    0.2996        0.1465    0.0091  -36.0235
    0.0792    0.3494    0.2414    0.1585    0.0396    0.1201    0.0001    0.4178    0.3105        0.1567    0.0087  -36.7614
    0.0748    0.3573    0.2595    0.1490    0.0374    0.1065    0.0001    0.3628    0.2018        0.0986    0.0076  -26.5328
    0.0819    0.3571    0.1712    0.1606    0.0409    0.1064    0.0001    0.4396    0.1735        0.0809    0.0073  -30.4354
    0.0811    0.3538    0.2915    0.1582    0.0406    0.0915    0.0001    0.3848    0.3145        0.1726    0.0057  -66.7498
    0.0738    0.3538    0.1702    0.1423    0.0369    0.0915    0.0001    0.3693    0.3526        0.1064    0.0042  -68.8443
    0.0823    0.3493    0.2846    0.1644    0.0412    0.1089    0.0001    0.4254    0.2920        0.1015    0.0128  -37.8283
    0.0833    0.3495    0.2766    0.1643    0.0416    0.1100    0.0001    0.4632    0.2780        0.1017    0.0111  -38.1537
    0.0698    0.3487    0.2002    0.1332    0.0349    0.1018    0.0001    0.2771    0.1857        0.0910    0.0109  -70.9866
    0.0681    0.3487    0.1062    0.1289    0.0340    0.1018    0.0001    0.3100    0.2388        0.1355    0.0145  -73.8153
    0.0764    0.3497    0.2972    0.1486    0.0382    0.0691    0.0001    0.3297    0.3054        0.0745    0.0137  -75.2218
    0.0803    0.3497    0.2971    0.1597    0.0401    0.0691    0.0001    0.3815    0.2838       -0.0240    0.0149  -77.4103
    0.0919    0.3298    0.2360    0.1341    0.0460    0.0705    0.0001    0.4511    0.1598        0.0089    0.0056  -40.2364
    0.0833    0.3200    0.0107    0.0833    0.0417    0.0663    0.0001    0.3293    0.0949        0.0083    0.0078  -54.6893
    0.0711    0.3468    0.2709    0.1306    0.0355    0.0940    0.0001    0.3755    0.2121        0.1304    0.0098  -69.7187
    0.0700    0.3470    0.2358    0.1350    0.0350    0.0940    0.0001    0.3261    0.2221        0.1796    0.0120  -70.4382
    0.0963    0.3102    0.1607    0.0971    0.0481    0.0503    0.0001    0.3081    0.2604        0.0091    0.0288  -43.0630
    0.0875    0.3105    0.0100    0.0764    0.0438    0.0654    0.0001    0.3030    0.1588        0.0020    0.0878  -59.4499
    0.0890    0.3432    0.2975    0.1753    0.0445    0.1021    0.0001    0.7931    0.3089        0.1302    0.0162  -58.1282
    0.0862    0.3432    0.2969    0.1700    0.0431    0.1022    0.0001    0.7700    0.2761       -0.0139    0.0196  -60.5638
    0.0824    0.3532    0.2457    0.1611    0.0412    0.1243    0.0001    0.3359    0.3630        0.1079    0.0117  -34.8965
    0.0828    0.3547    0.2830    0.1647    0.0414    0.1268    0.0001    0.3591    0.3592        0.1040    0.0118  -35.9102
    0.0905    0.3286    0.1960    0.1245    0.0452    0.0781    0.0001    0.4148    0.2190        0.0633    0.0084  -36.5828
    0.0878    0.3281    0.1630    0.1151    0.0439    0.0792    0.0001    0.3919    0.2033        0.0517    0.0133  -36.6503
    0.0768    0.3562    0.2081    0.1548    0.0384    0.1087    0.0001    0.5975    0.2820        0.0602    0.0157  -65.3613
    0.0758    0.3562    0.1979    0.1529    0.0379    0.1087    0.0001    0.5726    0.3039        0.0617    0.0167  -65.4280
    0.0770    0.3510    0.2098    0.1382    0.0385    0.1046    0.0001    0.3658    0.2681        0.1225    0.0136  -39.9316
    0.0832    0.3516    0.2019    0.1612    0.0416    0.1049    0.0001    0.3880    0.2777        0.0864    0.0144  -42.4737
    0.0680    0.3559    0.2948    0.1321    0.0340    0.1040    0.0001    0.4151    0.2796        0.0925    0.0133  -80.9147
    0.0747    0.3559    0.2656    0.1458    0.0373    0.1040    0.0001    0.4217    0.2808        0.0936    0.0136  -82.3304
    0.0874    0.3414    0.2998    0.1459    0.0437    0.1022    0.0001    0.4253    0.3007        0.0791    0.0050  -39.4231
    0.0824    0.3460    0.2624    0.1629    0.0412    0.0938    0.0001    0.4730    0.2388        0.0981    0.0057  -43.3128
    0.0749    0.3638    0.2594    0.1416    0.0374    0.1285    0.0001    0.2846    0.3708        0.1277    0.0099  -35.7403
    0.0799    0.3642    0.2686    0.1561    0.0400    0.1283    0.0001    0.3436    0.3967        0.0940    0.0074  -37.1070
    0.0822    0.3365    0.1338    0.1268    0.0411    0.0962    0.0001    0.2576    0.1274        0.0994    0.0083   -9.4034
    0.0868    0.3378    0.2004    0.1645    0.0434    0.0959    0.0001    0.3341    0.1680        0.0580    0.0043  -11.1858
    0.0924    0.3205    0.1478    0.1073    0.0462    0.0621    0.0001    0.3863    0.2878        0.0613    0.0095  -43.1439
    0.0851    0.3437    0.2095    0.1731    0.0425    0.0763    0.0001    0.4015    0.4123        0.0136    0.0042  -50.1988
    0.0655    0.3501    0.2061    0.1232    0.0328    0.0991    0.0001    0.2376    0.1958        0.1415    0.0101  -52.5090
    0.0680    0.3502    0.1271    0.1303    0.0340    0.0990    0.0001    0.2833    0.1921        0.0906    0.0123  -55.6296
    0.0852    0.3354    0.2775    0.1378    0.0426    0.0691    0.0001    0.2914    0.2002        0.0635    0.0147  -46.4306
    0.0856    0.3106    0.1150    0.0701    0.0428    0.0372    0.0001    0.1716    0.1493        0.1043    0.0277  -49.3971
    0.0754    0.3536    0.2617    0.1382    0.0377    0.1142    0.0001    0.4120    0.3452        0.0866    0.0105  -66.0671
    0.0725    0.3546    0.1510    0.1392    0.0363    0.1146    0.0001    0.5208    0.2311        0.0606    0.0086  -70.7775
    0.0822    0.3445    0.0978    0.1195    0.0411    0.0976    0.0001    0.3274    0.2382        0.1125    0.0176  -54.3965
    0.0907    0.3469    0.2151    0.1785    0.0453    0.0932    0.0001    0.4367    0.3966        0.1621    0.0215  -56.5525
    0.0823    0.3421    0.2568    0.1427    0.0411    0.1035    0.0001    0.4922    0.2639        0.0963    0.0122  -60.4994
    0.0790    0.3499    0.2592    0.1555    0.0395    0.1060    0.0001    0.4679    0.3247        0.0972    0.0119  -62.7987
    0.0803    0.3486    0.2773    0.1572    0.0401    0.0799    0.0001    0.5003    0.3685        0.1699    0.0067  -76.7369
    0.0794    0.3486    0.2442    0.1570    0.0397    0.0800    0.0001    0.4508    0.3869        0.1871    0.0073  -77.4957
    0.0941    0.3171    0.2279    0.0544    0.0470    0.0855    0.0001    0.3888    0.2989        0.1106    0.0117  -62.9321
    0.0984    0.3196    0.2863    0.0686    0.0492    0.0873    0.0001    0.4346    0.3357        0.1401   -0.0244  -63.2756
    0.0695    0.3664    0.2885    0.1365    0.0348    0.1171    0.0001    0.4146    0.2528        0.1091    0.0168  -68.3966
    0.0697    0.3664    0.2502    0.1370    0.0348    0.1171    0.0001    0.4819    0.2829        0.1056    0.0178  -69.4550
    0.0852    0.3321    0.2084    0.1390    0.0426    0.0682    0.0001    0.2589    0.2085        0.0016    0.0196  -21.1088
    0.0824    0.3338    0.2072    0.1640    0.0412    0.0676    0.0001    0.2725    0.2193        0.0011    0.0167  -23.4702
    0.0802    0.3545    0.2688    0.1250    0.0401    0.1043    0.0001    0.4585    0.2655        0.0830    0.0034  -67.5503
    0.0789    0.3558    0.3000    0.1409    0.0394    0.1056    0.0001    0.4739    0.2549        0.1491    0.0062  -68.2836
    0.0889    0.3318    0.2409    0.1388    0.0445    0.0669    0.0001    0.2758    0.1986        0.0659    0.0042  -31.2633
    0.0855    0.3371    0.2400    0.1448    0.0427    0.0800    0.0001    0.2781    0.2300        0.1019    0.0053  -32.4703
    0.0727    0.3444    0.2131    0.1436    0.0363    0.0713    0.0001    0.3213    0.2706        0.0841    0.0096  -62.9062
    0.0710    0.3397    0.1931    0.1394    0.0355    0.0713    0.0001    0.3187    0.2038        0.0852    0.0095  -61.7447
    0.0892    0.3398    0.2170    0.1432    0.0446    0.0751    0.0001    0.4128    0.1164        0.0919    0.0120  -32.1564
    0.0880    0.3411    0.2030    0.1585    0.0440    0.0751    0.0001    0.4026    0.1973        0.1025    0.0147  -33.7065
    0.0948    0.3543    0.2894    0.1934    0.0474    0.0971    0.0001    0.4127    0.1880        0.0861    0.0105   -9.6740
    0.0938    0.3551    0.2862    0.1925    0.0469    0.0952    0.0001    0.4105    0.1951        0.0891    0.0104  -12.0564
    0.0793    0.3423    0.1253    0.1210    0.0396    0.0980    0.0001    0.4087    0.2317        0.1043    0.0141  -61.0713
    0.0861    0.3448    0.2130    0.1506    0.0430    0.0964    0.0001    0.5338    0.2702        0.1551    0.0575  -62.2297
    0.0890    0.3489    0.2835    0.1709    0.0445    0.0787    0.0001    0.4646    0.4547        0.1300    0.0045  -51.4579
    0.0891    0.3493    0.2958    0.1800    0.0446    0.0784    0.0001    0.4840    0.3698        0.1195    0.0050  -54.3350
    0.0800    0.3500    0.2608    0.1509    0.0400    0.1128    0.0001    0.4136    0.2251        0.1107    0.0149  -50.8591
    0.0815    0.3455    0.2204    0.1627    0.0407    0.1129    0.0001    0.4364    0.2785        0.1059    0.0150  -53.2889
    0.0763    0.3550    0.2974    0.1539    0.0382    0.1113    0.0001    0.4581    0.2937        0.1092    0.0036  -62.4384
    0.0791    0.3550    0.2589    0.1584    0.0395    0.1110    0.0001    0.3766    0.3615        0.1169    0.0039  -63.5384
    0.0700    0.3513    0.1591    0.1125    0.0350    0.1104    0.0001    0.3320    0.1560        0.0827    0.0074  -53.3760
    0.0683    0.3526    0.1381    0.1363    0.0342    0.1099    0.0001    0.3675    0.1547        0.0766    0.0067  -58.9610
    0.1049    0.3125    0.2798    0.1488    0.0524    0.0365    0.0001    0.3436    0.2455        0.1590    0.0090  -18.4843
    0.0953    0.3114    0.1511    0.1265    0.0477    0.0336    0.0001    0.3031    0.1799        0.0707    0.0146  -19.3090
    0.0926    0.3365    0.2426    0.1366    0.0463    0.0866    0.0001    0.4068    0.3314        0.0693    0.0157  -37.7293
    0.0952    0.3379    0.2382    0.1560    0.0476    0.0845    0.0001    0.4220    0.3106        0.1055    0.1184  -40.4530
    0.0808    0.3408    0.2443    0.1222    0.0404    0.0746    0.0001    0.2616    0.1619        0.0940    0.0117  -54.2826
    0.0764    0.3463    0.1976    0.1303    0.0382    0.0832    0.0001    0.2858    0.2205        0.0986    0.0440  -56.2692
    0.0843    0.3418    0.2554    0.1699    0.0421    0.0913    0.0001    0.3526    0.2103        0.1089    0.0088  -27.8331
    0.0880    0.3418    0.2467    0.1782    0.0440    0.0913    0.0001    0.3023    0.2208        0.0856    0.0102  -28.7583
    0.0937    0.3370    0.2482    0.1245    0.0469    0.0931    0.0001    0.5164    0.1146        0.1200    0.0086  -45.4885
    0.0958    0.3456    0.2997    0.1360    0.0479    0.1168    0.0001    0.6145    0.1459        0.1882   -0.0204  -47.1400
    0.0912    0.3142    0.2735    0.0677    0.0456    0.0593    0.0001    0.3570    0.4023        0.0848    0.0017  -87.9640
    0.0851    0.3111    0.1567    0.0576    0.0426    0.0508    0.0001    0.2755    0.3155        0.0611    0.0014  -88.4090
    0.0793    0.3436    0.2523    0.1559    0.0397    0.0815    0.0001    0.3070    0.2576        0.0981    0.0098  -45.6816
    0.0832    0.3436    0.2218    0.1655    0.0416    0.0816    0.0001    0.3464    0.2484        0.1258    0.0082  -47.7103
    0.0992    0.3159    0.1530    0.1215    0.0496    0.0457    0.0001    0.2406    0.3154        0.1466    0.0090  -32.3212
    0.1072    0.3078    0.2055    0.1204    0.0536    0.0300    0.0001    0.2817    0.3381        0.1858    0.0050  -32.7261
    0.0876    0.3236    0.2253    0.0961    0.0438    0.0760    0.0001    0.2959    0.2205        0.1277    0.0090  -48.8763
    0.0962    0.3133    0.2813    0.0914    0.0481    0.0611    0.0001    0.3023    0.2543        0.1392    0.0132  -49.1078
    0.0934    0.3316    0.2731    0.1411    0.0467    0.0796    0.0001    0.2754    0.2524        0.0785    0.0061  -26.2344
    0.0977    0.3314    0.3000    0.1531    0.0489    0.0764    0.0001    0.3482    0.3255        0.0389    0.0064  -27.4607
    0.0763    0.3497    0.1826    0.1213    0.0381    0.1183    0.0001    0.4811    0.1945        0.1402    0.0186  -55.6298
    0.0749    0.3519    0.1858    0.1501    0.0374    0.1183    0.0001    0.4310    0.2006        0.1360    0.0193  -60.5987
    0.0940    0.3188    0.1969    0.1089    0.0470    0.0527    0.0001    0.4676    0.1638        0.1255    0.0193  -60.3654
    0.0889    0.3349    0.2238    0.1288    0.0444    0.0794    0.0001    0.5362    0.1971        0.1140    0.0098  -61.4651
    0.0869    0.3290    0.2066    0.1047    0.0435    0.0843    0.0001    0.3627    0.1439        0.0999    0.0070  -41.9426
    0.0907    0.3365    0.2985    0.1750    0.0453    0.0761    0.0001    0.5041    0.2354        0.1199    0.0017  -44.1734
    0.0822    0.3519    0.2850    0.1614    0.0411    0.1039    0.0001    0.4217    0.3182        0.1213    0.0100  -39.5535
    0.0856    0.3515    0.2619    0.1724    0.0428    0.1018    0.0001    0.4442    0.3027        0.0900    0.0116  -43.9510
    0.0799    0.3370    0.1968    0.1606    0.0400    0.0891    0.0001    0.2991    0.1649        0.0617    0.0075  -20.4025
    0.0795    0.3427    0.1983    0.1589    0.0397    0.0897    0.0001    0.3036    0.1768        0.0705    0.0073  -23.4663
    0.0820    0.3376    0.2079    0.1259    0.0410    0.0883    0.0001    0.2749    0.1949        0.1401    0.0042  -45.6877
    0.0724    0.3501    0.1692    0.1432    0.0362    0.1063    0.0001    0.3173    0.2099        0.1312    0.0048  -49.2676
    0.0685    0.3600    0.2128    0.1266    0.0343    0.1209    0.0001    0.4881    0.3117        0.0777    0.0131  -68.7981
    0.0712    0.3610    0.1841    0.1414    0.0356    0.1191    0.0001    0.5686    0.2685        0.0849    0.0137  -73.4794
    0.0770    0.3493    0.1782    0.1462    0.0385    0.1069    0.0001    0.5142    0.3503        0.0548    0.0132  -63.9233
    0.0756    0.3487    0.1415    0.1460    0.0378    0.1033    0.0001    0.4582    0.2284        0.0691    0.0160  -67.0538
    0.0891    0.3272    0.1903    0.1301    0.0446    0.0680    0.0001    0.2179    0.2600        0.0995    0.0152  -25.9168
    0.0781    0.3366    0.1362    0.1541    0.0391    0.0856    0.0001    0.2187    0.2454        0.0657    0.0169  -28.6346
    0.0825    0.3486    0.2443    0.1391    0.0413    0.1053    0.0001    0.4837    0.2803        0.0833    0.0125  -52.9524
    0.0828    0.3490    0.2549    0.1623    0.0414    0.1037    0.0001    0.5095    0.2767        0.0788    0.0135  -53.8952
    0.0850    0.3407    0.2352    0.1410    0.0425    0.0937    0.0001    0.2979    0.2419        0.0767    0.0078  -29.4779
    0.0775    0.3468    0.2024    0.1540    0.0387    0.1040    0.0001    0.2875    0.2311        0.0965    0.0086  -32.1008
    0.0924    0.3398    0.1710    0.1869    0.0462    0.0824    0.0001    0.3442    0.1486        0.0670    0.0114  -13.6131
    0.0883    0.3398    0.1868    0.1785    0.0441    0.0824    0.0001    0.3717    0.1488        0.0643    0.0118  -14.4943
    0.0817    0.3551    0.1382    0.1495    0.0409    0.1184    0.0001    0.3658    0.2843        0.0873    0.0005  -27.3363
    0.0853    0.3555    0.1919    0.1701    0.0427    0.1184    0.0001    0.3861    0.2905        0.0600    0.0003  -30.7589
    0.0749    0.3494    0.2892    0.1485    0.0374    0.0862    0.0001    0.3905    0.2166        0.1152    0.0159  -40.8690
    0.0769    0.3493    0.2173    0.1535    0.0385    0.0859    0.0001    0.3466    0.2212        0.1311    0.0172  -42.3648
    0.0779    0.3401    0.0714    0.1459    0.0389    0.0857    0.0001    0.2709    0.3298        0.0686    0.0072  -58.7250
    0.0839    0.3404    0.1616    0.1661    0.0420    0.0856    0.0001    0.3318    0.4313        0.1263    0.0094  -60.8902
    0.0828    0.3466    0.1699    0.1663    0.0414    0.0912    0.0001    0.2835    0.2334        0.0358    0.0109  -27.5065
    0.0884    0.3405    0.1645    0.1771    0.0442    0.0913    0.0001    0.3298    0.2647        0.0350    0.0119  -27.4587
    0.0792    0.3540    0.2999    0.1581    0.0396    0.0940    0.0001    0.3676    0.2444        0.1562    0.0099  -53.0520
    0.0721    0.3540    0.1285    0.1415    0.0361    0.0939    0.0001    0.4222    0.2088        0.1050    0.0063  -56.7613
    0.0768    0.3505    0.2945    0.1543    0.0384    0.1014    0.0001    0.3353    0.3126        0.1245    0.0159  -65.2072
    0.0782    0.3438    0.1421    0.1571    0.0391    0.1007    0.0001    0.3422    0.2525        0.1417    0.0080  -66.2058
    0.0939    0.3245    0.2170    0.1359    0.0470    0.0689    0.0001    0.3961    0.2263        0.0590    0.0090  -28.4363
    0.1004    0.3268    0.2983    0.1577    0.0502    0.0725    0.0001    0.4658    0.2792        0.0963    0.0096  -28.9257
    0.0830    0.3450    0.2202    0.1393    0.0415    0.1006    0.0001    0.2966    0.1772        0.0898    0.0061  -21.5476
    0.0880    0.3460    0.3000    0.1685    0.0440    0.1006    0.0001    0.3402    0.2158        0.0923    0.0058  -22.7708
    0.0813    0.3438    0.2026    0.1110    0.0407    0.1135    0.0001    0.3905    0.1655        0.0626    0.0148  -48.9370
    0.0841    0.3449    0.2339    0.1264    0.0420    0.1141    0.0001    0.4085    0.2364        0.0267    0.0135  -49.8062
    0.0827    0.3207    0.0880    0.1044    0.0414    0.0567    0.0001    0.2764    0.0806        0.0647    0.0180  -31.5286
    0.0805    0.3242    0.0689    0.1061    0.0403    0.0601    0.0001    0.2674    0.0683        0.0293    0.0219  -32.0424
    0.0749    0.3571    0.2048    0.1369    0.0374    0.1148    0.0001    0.4397    0.3739        0.1245    0.0125  -65.1178
    0.0719    0.3568    0.2043    0.1395    0.0359    0.1011    0.0001    0.4259    0.3827        0.1283    0.0128  -67.8776
    0.0932    0.3113    0.1416    0.1209    0.0466    0.0300    0.0001    0.2459    0.2130        0.0781    0.0079  -28.1976
    0.0910    0.3186    0.1339    0.1335    0.0455    0.0407    0.0001    0.2719    0.2255        0.0504    0.0305  -28.9507
    0.0918    0.3237    0.1232    0.1133    0.0459    0.0762    0.0001    0.3245    0.2167        0.1121    0.0164  -42.1207
    0.0962    0.3116    0.1100    0.0964    0.0481    0.0573    0.0001    0.3103    0.2251        0.0945    0.0284  -42.7091
    0.0830    0.3470    0.2450    0.1375    0.0415    0.0965    0.0001    0.3907    0.2017        0.1765    0.0109  -49.9470
    0.0768    0.3474    0.1257    0.1177    0.0384    0.1013    0.0001    0.3454    0.1680        0.1311    0.0160  -50.7532
    0.0749    0.3418    0.1826    0.1427    0.0374    0.0818    0.0001    0.2685    0.2083        0.1148    0.0090  -49.4071
    0.0744    0.3356    0.1240    0.1235    0.0372    0.0821    0.0001    0.2559    0.2033        0.0756    0.0084  -47.9656
    0.0769    0.3517    0.2401    0.1531    0.0384    0.1234    0.0001    0.3950    0.2679        0.0299    0.0130  -35.8052
    0.0756    0.3515    0.1845    0.1434    0.0378    0.1165    0.0001    0.3761    0.2781        0.0293    0.0118  -35.4161
    0.0963    0.3481    0.2954    0.1513    0.0482    0.1230    0.0001    0.5207    0.2605        0.1241    0.0139   -7.0423
    0.0972    0.3498    0.2972    0.1884    0.0486    0.1240    0.0001    0.4719    0.2161        0.1186    0.0578   -9.0893
    0.0719    0.3431    0.1676    0.1403    0.0360    0.0859    0.0001    0.2692    0.1469        0.0620    0.0050  -30.4953
    0.0771    0.3431    0.1668    0.1527    0.0385    0.0860    0.0001    0.3213    0.1379        0.0754    0.0065  -31.7644
    0.0953    0.3101    0.2500    0.0788    0.0477    0.0709    0.0001    0.3096    0.2753        0.0460    0.0094  -52.3000
    0.0886    0.3314    0.2839    0.1114    0.0443    0.0976    0.0001    0.3859    0.2994        0.0810    0.0273  -52.7399
    0.0852    0.3481    0.2098    0.1326    0.0426    0.1004    0.0001    0.3688    0.1294        0.0214    0.0103  -29.5650
    0.0848    0.3554    0.2313    0.1696    0.0424    0.1077    0.0001    0.4893    0.1577       -0.0115   -0.0016  -33.8368
    0.0756    0.3481    0.1260    0.1409    0.0378    0.0958    0.0001    0.1978    0.2327        0.1272    0.0250  -38.5067
    0.0755    0.3483    0.1113    0.1469    0.0377    0.0957    0.0001    0.2004    0.2335        0.1614    0.0193  -39.2928
    0.0865    0.3409    0.2950    0.1733    0.0432    0.0840    0.0001    0.2941    0.1769        0.0866    0.0086  -30.7970
    0.0887    0.3409    0.2979    0.1779    0.0443    0.0840    0.0001    0.2904    0.1848        0.0899    0.0083  -30.8430
    0.0701    0.3519    0.2859    0.1401    0.0350    0.1166    0.0001    0.3566    0.2599        0.1076    0.0147  -50.0024
    0.0785    0.3596    0.2171    0.1579    0.0392    0.1165    0.0001    0.3898    0.2945        0.1011    0.0136  -56.6249
    0.0847    0.3382    0.1633    0.1240    0.0424    0.0935    0.0001    0.2631    0.2135        0.1289    0.0145  -26.8911
    0.0728    0.3503    0.1075    0.1421    0.0364    0.1178    0.0001    0.2584    0.1920        0.0609    0.0152  -30.2306
    0.0865    0.3490    0.2889    0.1637    0.0432    0.1045    0.0001    0.4667    0.3228        0.0878    0.0105  -41.9517
    0.0869    0.3434    0.2416    0.1733    0.0434    0.1018    0.0001    0.5105    0.2975        0.0815    0.0090  -44.7558
    0.0815    0.3503    0.2173    0.1579    0.0408    0.1041    0.0001    0.5502    0.4228        0.0702    0.0146  -72.5895
    0.0818    0.3503    0.2314    0.1602    0.0409    0.1041    0.0001    0.5185    0.4199        0.0598    0.0156  -72.9020
    0.0776    0.3490    0.2374    0.1418    0.0388    0.0979    0.0001    0.2587    0.1959        0.0596    0.0105  -34.1495
    0.0796    0.3494    0.2263    0.1583    0.0398    0.0975    0.0001    0.3025    0.1701        0.1066    0.0074  -37.1484
    0.0732    0.3422    0.3000    0.1454    0.0366    0.1038    0.0001    0.4445    0.1684        0.1139    0.0021  -58.4390
    0.0730    0.3490    0.2936    0.1428    0.0365    0.1039    0.0001    0.4029    0.1756        0.1113    0.0023  -61.6329
    0.1040    0.3518    0.2961    0.2025    0.0520    0.1276    0.0001    0.4482    0.3366        0.1036    0.0143  -28.4305
    0.0947    0.3524    0.2914    0.1842    0.0474    0.1230    0.0001    0.5168    0.3191        0.0888    0.0135  -28.9455
    0.0768    0.3481    0.2177    0.1508    0.0384    0.0916    0.0001    0.5324    0.2864        0.1022    0.0065  -63.3896
    0.0778    0.3481    0.2166    0.1532    0.0389    0.0915    0.0001    0.4637    0.2289        0.0672    0.0078  -64.5248
    0.0955    0.3201    0.2194    0.1211    0.0478    0.0461    0.0001    0.3589    0.1779        0.0689    0.0168  -29.5673
    0.0754    0.3507    0.1147    0.1424    0.0377    0.0882    0.0001    0.4063    0.1187        0.0669    0.0417  -34.9981
    0.0897    0.3330    0.2149    0.1343    0.0449    0.0782    0.0001    0.3864    0.2182        0.0860    0.0096  -29.9272
    0.0790    0.3485    0.1746    0.1373    0.0395    0.1010    0.0001    0.3124    0.2367        0.0421    0.0272  -32.9379
    0.0763    0.3419    0.2152    0.1277    0.0382    0.0972    0.0001    0.4124    0.2823        0.0677    0.0082  -45.9129
    0.0768    0.3437    0.2196    0.1503    0.0384    0.1006    0.0001    0.4297    0.2003        0.0720    0.0091  -49.5054
    0.0821    0.3434    0.2121    0.1644    0.0411    0.0806    0.0001    0.5931    0.3543        0.0710    0.0067  -51.0111
    0.0842    0.3434    0.2208    0.1692    0.0421    0.0806    0.0001    0.4700    0.3384        0.0889    0.0063  -53.5649
    0.0850    0.3433    0.1812    0.1580    0.0425    0.0768    0.0001    0.3936    0.2391        0.0366   -0.0059  -52.2190
    0.0849    0.3435    0.2170    0.1709    0.0425    0.0766    0.0001    0.4089    0.2989        0.0175   -0.0048  -55.9174
    0.0759    0.3568    0.2721    0.1467    0.0380    0.1286    0.0001    0.2971    0.2854        0.1383    0.0155  -10.1456
    0.0727    0.3558    0.1228    0.1436    0.0364    0.1261    0.0001    0.3804    0.2109        0.1028    0.0233  -18.0710
    0.0765    0.3556    0.1825    0.1330    0.0383    0.1041    0.0001    0.4808    0.1527        0.1070    0.0062  -56.5960
    0.0908    0.3567    0.3000    0.1734    0.0454    0.1018    0.0001    0.6898    0.2706        0.1869    0.0016  -61.1354
    0.0838    0.3310    0.1816    0.1385    0.0419    0.0795    0.0001    0.3032    0.2599        0.0603    0.0069  -23.7226
    0.0875    0.3309    0.2354    0.1474    0.0438    0.0782    0.0001    0.2961    0.2939        0.0193    0.0043  -24.5110
    0.1015    0.3401    0.2863    0.2031    0.0507    0.0833    0.0001    0.3441    0.2692        0.0760    0.0068    0.7471
    0.1006    0.3400    0.2882    0.2008    0.0503    0.0834    0.0001    0.4039    0.2059        0.1568    0.0132   -0.7873
    0.0739    0.3438    0.2878    0.1482    0.0370    0.1010    0.0001    0.3870    0.3107        0.1002    0.0165  -81.5131
    0.0747    0.3499    0.1959    0.1464    0.0374    0.1044    0.0001    0.5091    0.3102        0.0894    0.0172  -85.7574
    0.0828    0.3500    0.1325    0.1669    0.0414    0.0954    0.0001    0.2460    0.2859        0.0721    0.0025  -42.9260
    0.0772    0.3500    0.1449    0.1556    0.0386    0.0954    0.0001    0.2668    0.2983        0.0740    0.0030  -44.2103
    0.0818    0.3414    0.2714    0.1633    0.0409    0.0867    0.0001    0.3472    0.4040        0.0724    0.0125  -55.6403
    0.0826    0.3415    0.2416    0.1668    0.0413    0.0866    0.0001    0.4331    0.3906        0.0692    0.0127  -57.5284
    0.0893    0.3292    0.1532    0.1127    0.0447    0.0605    0.0001    0.2741    0.2612        0.0378    0.0094  -36.0105
    0.0762    0.3533    0.1921    0.1531    0.0381    0.0872    0.0001    0.2409    0.3093        0.0358    0.0110  -45.2309
    0.0698    0.3535    0.2906    0.1395    0.0349    0.1129    0.0001    0.3718    0.2505        0.1218    0.0124  -59.3867
    0.0705    0.3523    0.0129    0.1267    0.0353    0.1130    0.0001    0.3974    0.2007        0.1153    0.0179  -78.0150
    0.0876    0.3262    0.1022    0.1222    0.0438    0.0712    0.0001    0.3269    0.1354        0.1063    0.0047  -27.1630
    0.0909    0.3317    0.2150    0.1820    0.0455    0.0652    0.0001    0.4147    0.3001        0.0814   -0.0040  -32.0435
    0.0984    0.3120    0.2205    0.1241    0.0492    0.0473    0.0001    0.3818    0.2063        0.0754    0.0153  -34.3673
    0.1002    0.3265    0.2977    0.1633    0.0501    0.0658    0.0001    0.4593    0.3098        0.1426    0.0294  -35.8647
    0.0850    0.3444    0.2967    0.1705    0.0425    0.1161    0.0001    0.3813    0.2358        0.0680    0.0139  -37.3572
    0.0810    0.3521    0.2440    0.1618    0.0405    0.1161    0.0001    0.3915    0.2620        0.0631    0.0200  -38.6216
    0.0729    0.3573    0.1510    0.1388    0.0365    0.1221    0.0001    0.2512    0.2207        0.1669    0.0095  -43.7332
    0.0762    0.3574    0.1373    0.1457    0.0381    0.1219    0.0001    0.3873    0.2395        0.1426    0.0040  -46.4583
    0.0892    0.3332    0.3000    0.1505    0.0446    0.0715    0.0001    0.2145    0.3082        0.0576    0.0054  -34.9769
    0.0864    0.3351    0.2906    0.1732    0.0432    0.0704    0.0001    0.2360    0.3122        0.0332    0.0055  -35.8831
    0.0845    0.3438    0.2997    0.1673    0.0423    0.0855    0.0001    0.3606    0.3184        0.1668    0.0125  -65.1125
    0.0825    0.3438    0.2742    0.1630    0.0412    0.0855    0.0001    0.4260    0.4521        0.1844    0.0143  -67.2850
    0.0918    0.3269    0.2226    0.0915    0.0459    0.0938    0.0001    0.3638    0.3017        0.0566    0.0151  -45.1462
    0.0909    0.3451    0.2999    0.1448    0.0455    0.1090    0.0001    0.4654    0.4011        0.0547    0.0040  -47.0076
    0.0859    0.3480    0.2999    0.1745    0.0429    0.0918    0.0001    0.3680    0.2367        0.1646    0.0111  -45.1789
    0.0836    0.3480    0.2958    0.1694    0.0418    0.0918    0.0001    0.3646    0.2421        0.1567    0.0116  -45.3415
    0.0800    0.3519    0.2934    0.1573    0.0400    0.0918    0.0001    0.3798    0.2963        0.1106    0.0093  -56.8960
    0.0788    0.3519    0.2444    0.1549    0.0394    0.0918    0.0001    0.4718    0.2719        0.1027    0.0098  -57.8992
    0.0805    0.3535    0.2646    0.1561    0.0402    0.1102    0.0001    0.3809    0.2139        0.1847    0.0041  -65.1747
    0.0790    0.3476    0.2893    0.1567    0.0395    0.1053    0.0001    0.4237    0.2416        0.2399    0.0046  -68.0301
    0.0913    0.3243    0.1734    0.1197    0.0457    0.0595    0.0001    0.3083    0.3402        0.0618    0.0117  -49.0620
    0.1008    0.3501    0.2662    0.2033    0.0504    0.1019    0.0001    0.5355    0.5146        0.1096    0.0356  -54.9347
    0.0834    0.3443    0.2470    0.1347    0.0417    0.0808    0.0001    0.4250    0.2736        0.1160    0.0047  -68.7360
    0.0816    0.3444    0.2329    0.1317    0.0408    0.0834    0.0001    0.3889    0.2736        0.2088    0.0120  -70.1628
    0.0815    0.3508    0.2972    0.1497    0.0407    0.0890    0.0001    0.3725    0.2182        0.1176    0.0135  -50.3158
    0.0778    0.3522    0.2300    0.1517    0.0389    0.0858    0.0001    0.4122    0.2139        0.1260    0.0127  -52.8073
    0.0949    0.3254    0.2300    0.1219    0.0475    0.0667    0.0001    0.3860    0.2568        0.0632    0.0048  -40.5153
    0.0944    0.3353    0.2636    0.1419    0.0472    0.0798    0.0001    0.4148    0.2911        0.0229    0.0039  -41.3716
    0.0897    0.3216    0.1874    0.1056    0.0449    0.0634    0.0001    0.3707    0.2185       -0.0110    0.0111  -41.7613
    0.0833    0.3262    0.1010    0.1057    0.0417    0.0663    0.0001    0.3213    0.1879       -0.0210    0.0405  -42.4626
    0.0792    0.3405    0.2270    0.1315    0.0396    0.1134    0.0001    0.3999    0.2573        0.1359    0.0156  -50.5208
    0.0798    0.3455    0.2998    0.1596    0.0399    0.1131    0.0001    0.4926    0.3216        0.1085    0.0164  -53.7070
    0.0986    0.3368    0.3000    0.1566    0.0493    0.0699    0.0001    0.5000    0.2864        0.1440    0.0122  -28.7458
    0.0990    0.3365    0.2944    0.1564    0.0495    0.0692    0.0001    0.5022    0.2449        0.1142   -0.0515  -29.5390
    0.0909    0.3224    0.1359    0.1279    0.0454    0.0573    0.0001    0.2591    0.2090        0.0754    0.0166  -19.8573
    0.0812    0.3446    0.1454    0.1441    0.0406    0.0916    0.0001    0.2591    0.2453        0.0611    0.0145  -22.3912
    0.0952    0.3282    0.2536    0.1459    0.0476    0.0491    0.0001    0.3266    0.2930        0.0382    0.0142  -34.9294
    0.0969    0.3283    0.2650    0.1508    0.0485    0.0489    0.0001    0.3458    0.3105        0.0485   -0.0831  -36.2773
    0.0855    0.3471    0.2986    0.1709    0.0428    0.0909    0.0001    0.4333    0.1095        0.0427    0.0070  -46.0339
    0.0829    0.3471    0.2727    0.1657    0.0414    0.0909    0.0001    0.4911    0.1297        0.0528    0.0069  -46.5459
    0.0816    0.3537    0.2712    0.1585    0.0408    0.1066    0.0001    0.4141    0.2801        0.1096    0.0116  -40.8339
    0.0763    0.3537    0.1836    0.1476    0.0382    0.1066    0.0001    0.4106    0.2575        0.0980    0.0123  -41.8429
    0.1018    0.3163    0.2666    0.1441    0.0509    0.0454    0.0001    0.3344    0.1290        0.1207    0.0038  -10.6420
    0.0843    0.3396    0.1683    0.1634    0.0421    0.0769    0.0001    0.3225    0.2024        0.1403    0.0021  -17.7694
    0.0845    0.3414    0.2613    0.1684    0.0422    0.0900    0.0001    0.4311    0.2330        0.1172    0.0134  -55.5716
    0.0829    0.3460    0.2586    0.1673    0.0415    0.0868    0.0001    0.4458    0.2535        0.1182    0.0140  -56.7791
    0.0980    0.3218    0.2988    0.1397    0.0490    0.0584    0.0001    0.4675    0.3147        0.1260    0.0105  -49.9779
    0.0976    0.3194    0.2890    0.1346    0.0488    0.0538    0.0001    0.4191    0.2752        0.0955    0.0496  -50.5400
    0.0879    0.3313    0.1593    0.1288    0.0439    0.0553    0.0001    0.3644    0.3229        0.0905    0.0107  -62.9321
    0.0865    0.3326    0.1298    0.1275    0.0432    0.0589    0.0001    0.3490    0.3259        0.0385    0.0321  -63.7139
    0.0740    0.3512    0.1906    0.1479    0.0370    0.1069    0.0001    0.3106    0.1422        0.0818    0.0123  -12.6067
    0.0825    0.3512    0.2251    0.1659    0.0413    0.1069    0.0001    0.2617    0.2100        0.1060    0.0017  -14.6969
    0.0828    0.3429    0.2289    0.1307    0.0414    0.0820    0.0001    0.3008    0.2435        0.0581    0.0065  -45.7673
    0.0810    0.3428    0.1943    0.1239    0.0405    0.0818    0.0001    0.3501    0.1875        0.0210    0.0058  -46.8977
    0.0798    0.3380    0.1890    0.0926    0.0399    0.0869    0.0001    0.3947    0.1639        0.0897    0.0094  -69.2438
    0.0726    0.3438    0.0725    0.0920    0.0363    0.0923    0.0001    0.3332    0.1516        0.0359    0.0215  -70.1532
    0.0809    0.3627    0.2976    0.1588    0.0404    0.1032    0.0001    0.4027    0.2457        0.1407    0.0093  -32.9942
    0.0815    0.3607    0.2961    0.1638    0.0408    0.0985    0.0001    0.3731    0.2437        0.1456    0.0101  -34.4200
    0.0826    0.3378    0.1854    0.0950    0.0413    0.1063    0.0001    0.3983    0.1345        0.1178    0.0125  -52.8978
    0.0879    0.3465    0.2998    0.1409    0.0439    0.1063    0.0001    0.5110    0.2062        0.2368    0.0016  -54.9625
    0.0760    0.3452    0.2009    0.1111    0.0380    0.1037    0.0001    0.4159    0.3627        0.0628    0.0148  -78.5422
    0.0754    0.3455    0.1973    0.1127    0.0377    0.1056    0.0001    0.3937    0.3528        0.0101    0.0104  -79.1984
    0.1023    0.3187    0.2971    0.1701    0.0512    0.0487    0.0001    0.5021    0.2796        0.0474    0.0190  -13.2618
    0.1030    0.3180    0.2879    0.1751    0.0515    0.0461    0.0001    0.4059    0.2048       -0.0124   -0.0123  -15.6457
    0.0870    0.3402    0.2381    0.1488    0.0435    0.0873    0.0001    0.3348    0.3047        0.1104    0.0119  -39.9791
    0.0873    0.3413    0.2717    0.1694    0.0437    0.0877    0.0001    0.3735    0.3059        0.1158    0.0096  -40.8784
    0.0835    0.3425    0.3000    0.1632    0.0418    0.0834    0.0001    0.3355    0.1941        0.1346    0.0114  -49.9590
    0.0805    0.3426    0.2030    0.1576    0.0402    0.0831    0.0001    0.2992    0.2814        0.1628    0.0161  -52.6497
    0.0824    0.3424    0.2128    0.1424    0.0412    0.1025    0.0001    0.4235    0.1397        0.0766    0.0150  -31.1723
    0.0802    0.3416    0.1471    0.1268    0.0401    0.0973    0.0001    0.3763    0.1087        0.0408    0.0184  -31.9904
    0.0848    0.3489    0.2256    0.1038    0.0424    0.1289    0.0001    0.3891    0.2285        0.0943    0.0074  -38.6178
    0.0871    0.3496    0.2575    0.1278    0.0436    0.1146    0.0001    0.4265    0.2331        0.0981   -0.1134  -41.4650
    0.1035    0.3022    0.2716    0.0980    0.0517    0.0304    0.0001    0.3594    0.1602        0.0703    0.0094  -32.0718
    0.0991    0.3033    0.2373    0.0939    0.0496    0.0309    0.0001    0.3338    0.1446        0.0545   -0.0209  -32.3772
    0.0834    0.3471    0.2808    0.1681    0.0417    0.0975    0.0001    0.3728    0.0931        0.0743    0.0096  -25.7158
    0.0855    0.3536    0.2939    0.1724    0.0428    0.0975    0.0001    0.4238    0.0937        0.0722    0.0094  -27.7136
    0.0711    0.3460    0.1408    0.1124    0.0355    0.0713    0.0001    0.3668    0.1322        0.1132    0.0072  -76.9671
    0.0736    0.3472    0.2060    0.1416    0.0368    0.0707    0.0001    0.4704    0.1510        0.1010    0.0087  -78.5707
    0.0806    0.3302    0.0100    0.0967    0.0403    0.0917    0.0001    0.3006    0.2096        0.0862    0.0153  -67.2728
    0.0727    0.3434    0.0103    0.1063    0.0364    0.1025    0.0001    0.3175    0.1624        0.0948    0.0188  -78.6449
    0.0814    0.3496    0.1912    0.1497    0.0407    0.1008    0.0001    0.2185    0.2775        0.0766    0.0082  -28.2543
    0.0812    0.3503    0.2044    0.1621    0.0406    0.0999    0.0001    0.2404    0.2444        0.0889    0.0078  -31.2237
    0.0809    0.3301    0.0100    0.1044    0.0405    0.0761    0.0001    0.2838    0.1246        0.0349    0.0186  -32.4301
    0.0835    0.3355    0.0100    0.1248    0.0418    0.0799    0.0001    0.3058    0.1547        0.0285    0.0324  -39.4106
    0.0941    0.3505    0.2971    0.1883    0.0470    0.1007    0.0001    0.5488    0.3586        0.0061    0.0099  -53.1153
    0.0861    0.3572    0.2996    0.1713    0.0430    0.1007    0.0001    0.5470    0.3362        0.0064    0.0096  -56.8119
    0.0740    0.3526    0.1788    0.1417    0.0370    0.0770    0.0001    0.3443    0.1941        0.0972    0.0202  -54.8266
    0.0732    0.3535    0.1513    0.1452    0.0366    0.0771    0.0001    0.3600    0.2034        0.0967    0.0216  -56.6080
    0.0684    0.3495    0.1870    0.1348    0.0342    0.1146    0.0001    0.3567    0.2182        0.0611    0.0088  -72.0139
    0.0659    0.3571    0.0886    0.1279    0.0330    0.1146    0.0001    0.3631    0.2474        0.1232    0.0099  -78.3748
    0.0855    0.3116    0.0933    0.0328    0.0428    0.0607    0.0001    0.3614    0.1373        0.0360    0.0048  -73.7140
    0.0866    0.3094    0.0110    0.0307    0.0433    0.0457    0.0001    0.3324    0.1796        0.0370    0.0042  -91.0027
    0.0728    0.3449    0.1983    0.1330    0.0364    0.0863    0.0001    0.3903    0.1351        0.1084    0.0147  -59.2861
    0.0775    0.3458    0.2972    0.1563    0.0388    0.0861    0.0001    0.5592    0.2403        0.1510    0.0084  -63.1151
    0.0907    0.3279    0.2098    0.1267    0.0453    0.0743    0.0001    0.2543    0.2249        0.1110    0.0097  -28.2251
    0.1000    0.3247    0.2997    0.1405    0.0500    0.0636    0.0001    0.3175    0.2752        0.2086    0.0304  -30.4862
    0.1120    0.3121    0.2975    0.1438    0.0560    0.0633    0.0001    0.5120    0.2606        0.1130    0.0205  -36.4432
    0.1110    0.3100    0.2902    0.1309    0.0555    0.0639    0.0001    0.5117    0.2798        0.1928    0.0872  -38.1346
    0.0934    0.3246    0.2813    0.1359    0.0467    0.0646    0.0001    0.4898    0.3293        0.2001    0.0141  -82.0283
    0.0966    0.3247    0.3000    0.1433    0.0483    0.0659    0.0001    0.5973    0.3353        0.1811    0.1541  -85.1561
    0.0741    0.3546    0.2240    0.1460    0.0370    0.1069    0.0001    0.3730    0.3048        0.0731    0.0091  -44.8466
    0.0780    0.3550    0.1926    0.1581    0.0390    0.1080    0.0001    0.3857    0.3042        0.0717    0.0079  -49.4394
    0.0864    0.3428    0.2166    0.1555    0.0432    0.0997    0.0001    0.3561    0.2043        0.1218   -0.0062  -18.6894
    0.0855    0.3438    0.2433    0.1716    0.0427    0.1001    0.0001    0.3697    0.2198        0.1175   -0.0050  -23.4665
    0.0771    0.3511    0.2420    0.1509    0.0386    0.0688    0.0001    0.3244    0.3875        0.1075    0.0113  -65.5056
    0.0762    0.3511    0.2123    0.1488    0.0381    0.0688    0.0001    0.2898    0.2887        0.0690    0.0115  -66.2601
    0.0864    0.3469    0.2894    0.1686    0.0432    0.0935    0.0001    0.4648    0.2716        0.1383    0.0114  -58.3572
    0.0823    0.3431    0.2010    0.1613    0.0411    0.0963    0.0001    0.3889    0.1972        0.1611    0.0115  -59.1930
    0.0897    0.3208    0.2345    0.0955    0.0449    0.0615    0.0001    0.2425    0.2063        0.1073    0.0088  -49.3487
    0.0861    0.3216    0.1685    0.0843    0.0430    0.0676    0.0001    0.2157    0.1863        0.0912    0.0474  -50.0350
