    0.0791    0.3411    0.1963    0.1127    0.0396    0.0950    0.0001    0.3313    0.1983        0.0905    0.0098 -246.9502
    0.0774    0.3498    0.2347    0.1473    0.0387    0.1020    0.0001    0.3875    0.2466        0.1138    0.0111 -262.0576
    0.0835    0.3501    0.2464    0.1631    0.0417    0.1023    0.0001    0.4483    0.2524        0.1022    0.0146 -282.5674
    0.0810    0.3500    0.2356    0.1575    0.0405    0.1022    0.0001    0.4743    0.2966        0.0973    0.0144 -285.5375
    0.0837    0.3480    0.2398    0.1373    0.0419    0.1049    0.0001    0.3668    0.2237        0.1249    0.0111 -197.2333
    0.0799    0.3499    0.2160    0.1494    0.0400    0.1021    0.0001    0.3470    0.2353        0.1397    0.0127 -201.1629
    0.0897    0.3403    0.3000    0.1694    0.0448    0.0881    0.0001    0.5154    0.3319        0.1249    0.0134 -248.2157
    0.0905    0.3403    0.2999    0.1728    0.0452    0.0880    0.0001    0.4578    0.3522        0.0885    0.0150 -250.8871
    0.0900    0.3307    0.1791    0.1398    0.0450    0.0678    0.0001    0.3427    0.1945        0.0859    0.0051 -142.0475
    0.0958    0.3312    0.2514    0.1537    0.0479    0.0684    0.0001    0.4098    0.2079        0.1002    0.0058 -144.2751
    0.0781    0.3415    0.2044    0.1125    0.0391    0.0925    0.0001    0.3491    0.2389        0.0686    0.0071 -306.2956
    0.0800    0.3429    0.2454    0.1225    0.0400    0.0939    0.0001    0.3753    0.2746        0.0927    0.0373 -307.9560
    0.0783    0.3396    0.1767    0.1182    0.0391    0.0894    0.0001    0.3178    0.2216        0.0882    0.0100 -280.8002
    0.0744    0.3387    0.1002    0.1027    0.0372    0.0893    0.0001    0.2645    0.1842        0.0574    0.0109 -283.5004
    0.0844    0.3500    0.2963    0.1639    0.0422    0.1022    0.0001    0.4159    0.2857        0.1191    0.0095 -262.7597
    0.0815    0.3500    0.2382    0.1574    0.0407    0.1023    0.0001    0.4475    0.3303        0.1345    0.0098 -268.9159
    0.0866    0.3492    0.2994    0.1629    0.0433    0.1039    0.0001    0.3849    0.2853        0.1460    0.0135 -197.5559
    0.0843    0.3489    0.2598    0.1548    0.0422    0.1034    0.0001    0.3414    0.3168        0.1137    0.0172 -199.6652
    0.0809    0.3489    0.2998    0.1573    0.0405    0.1043    0.0001    0.4593    0.2598        0.1674    0.0119 -254.0862
    0.0825    0.3490    0.2625    0.1599    0.0413    0.1038    0.0001    0.4869    0.3047        0.1467    0.0120 -260.2945
    0.0820    0.3492    0.2569    0.1534    0.0410    0.1034    0.0001    0.4294    0.2889        0.0475    0.0111 -234.6139
    0.0793    0.3492    0.2093    0.1471    0.0397    0.1031    0.0001    0.4242    0.2568        0.0627    0.0463 -237.2803
    0.0896    0.3405    0.2842    0.1635    0.0448    0.0843    0.0001    0.4635    0.3079        0.1040    0.0131 -207.7536
    0.0885    0.3396    0.2530    0.1554    0.0442    0.0868    0.0001    0.4255    0.2923        0.0998    0.0116 -207.4561
    0.0837    0.3504    0.2846    0.1629    0.0419    0.1054    0.0001    0.4276    0.2593        0.1228    0.0095 -261.6246
    0.0802    0.3504    0.2389    0.1543    0.0401    0.1054    0.0001    0.4504    0.2728        0.1414    0.0081 -264.6766
    0.0847    0.3503    0.2979    0.1664    0.0424    0.0998    0.0001    0.3727    0.2560        0.1729    0.0116 -191.7627
    0.0847    0.3503    0.2896    0.1650    0.0424    0.0998    0.0001    0.4323    0.2783        0.1346    0.0129 -194.1629
    0.0933    0.3471    0.2957    0.1808    0.0467    0.0984    0.0001    0.4277    0.3464        0.1191    0.0088 -169.8153
    0.0885    0.3488    0.2650    0.1708    0.0443    0.1035    0.0001    0.4454    0.3416        0.1346    0.0085 -172.8339
    0.0821    0.3496    0.3000    0.1578    0.0411    0.1039    0.0001    0.4733    0.3719        0.1010    0.0147 -261.8544
    0.0859    0.3494    0.3000    0.1619    0.0429    0.1037    0.0001    0.4836    0.3180        0.1272    0.0017 -263.2563
    0.0816    0.3522    0.2974    0.1516    0.0408    0.1106    0.0001    0.4311    0.2607        0.1158    0.0116 -273.2894
    0.0781    0.3523    0.2396    0.1457    0.0390    0.1102    0.0001    0.4534    0.2717        0.1270    0.0122 -277.0099
    0.0958    0.3094    0.1932    0.0971    0.0479    0.0303    0.0001    0.3206    0.1838        0.1326    0.0130 -204.4990
    0.0907    0.3248    0.2016    0.1245    0.0453    0.0510    0.0001    0.3446    0.1878        0.1268    0.0339 -209.1621
    0.0813    0.3517    0.2791    0.1548    0.0407    0.1084    0.0001    0.3973    0.2415        0.1180    0.0119 -208.4826
    0.0805    0.3488    0.2372    0.1520    0.0402    0.1039    0.0001    0.4326    0.2546        0.0841    0.0107 -212.3137
    0.0809    0.3461    0.2654    0.1350    0.0405    0.0983    0.0001    0.4292    0.2642        0.1824    0.0067 -291.5956
    0.0779    0.3462    0.2103    0.1314    0.0389    0.0981    0.0001    0.3768    0.2720        0.1390    0.0083 -294.0807
    0.0884    0.3399    0.2577    0.1491    0.0442    0.0883    0.0001    0.3792    0.2655        0.1517    0.0098 -188.6256
    0.0825    0.3403    0.1800    0.1369    0.0412    0.0902    0.0001    0.3362    0.2074        0.1474    0.0140 -191.0909
    0.0892    0.3459    0.2916    0.1665    0.0446    0.0958    0.0001    0.4339    0.3100        0.0884    0.0128 -194.7815
    0.0867    0.3458    0.2702    0.1611    0.0433    0.0958    0.0001    0.4282    0.3077        0.0040    0.0163 -198.4115
    0.0847    0.3451    0.2831    0.1498    0.0424    0.0932    0.0001    0.4270    0.2730        0.1310    0.0117 -237.7641
    0.0838    0.3457    0.2721    0.1572    0.0419    0.0934    0.0001    0.4268    0.2789        0.0995    0.0118 -240.4521
    0.0912    0.3359    0.2964    0.1424    0.0456    0.0819    0.0001    0.4052    0.2339        0.1257    0.0168 -188.7194
    0.0889    0.3373    0.2651    0.1438    0.0444    0.0827    0.0001    0.4045    0.2172        0.0856    0.0569 -191.5136
    0.0869    0.3420    0.2943    0.1515    0.0435    0.0977    0.0001    0.4444    0.3253        0.0988    0.0102 -239.5364
    0.0860    0.3427    0.2908    0.1652    0.0430    0.0972    0.0001    0.4729    0.3029        0.0871    0.0113 -241.7136
    0.0837    0.3426    0.1897    0.1408    0.0419    0.0995    0.0001    0.3583    0.2015        0.1091    0.0203 -167.0823
    0.0817    0.3487    0.2082    0.1518    0.0408    0.1030    0.0001    0.3934    0.2181        0.1005    0.0202 -174.8930
    0.0861    0.3463    0.2854    0.1554    0.0430    0.0937    0.0001    0.3841    0.2802        0.1417    0.0121 -242.7340
    0.0765    0.3479    0.1642    0.1275    0.0382    0.0997    0.0001    0.3169    0.2540        0.0919    0.0309 -248.2054
    0.0889    0.3384    0.1824    0.1371    0.0445    0.0888    0.0001    0.4369    0.2852        0.0998    0.0090 -213.7805
    0.0868    0.3394    0.1558    0.1399    0.0434    0.0889    0.0001    0.4155    0.2739        0.0509    0.0074 -216.7343
    0.0887    0.3496    0.2998    0.1663    0.0443    0.1063    0.0001    0.4391    0.3311        0.1045    0.0127 -174.5133
    0.0867    0.3485    0.2720    0.1619    0.0433    0.1024    0.0001    0.4171    0.3206        0.1041    0.0128 -176.4661
    0.0855    0.3412    0.2517    0.1411    0.0427    0.1030    0.0001    0.4547    0.2467        0.1283    0.0084 -254.7744
    0.0898    0.3428    0.3000    0.1594    0.0449    0.1007    0.0001    0.5154    0.3078        0.1663    0.0089 -257.2023
    0.0842    0.3490    0.2922    0.1623    0.0421    0.1033    0.0001    0.3564    0.3082        0.1687    0.0129 -219.6567
    0.0830    0.3491    0.2940    0.1601    0.0415    0.1033    0.0001    0.4220    0.2947        0.1642    0.0126 -223.0506
    0.0776    0.3491    0.1785    0.1313    0.0388    0.0998    0.0001    0.3622    0.2319        0.0876    0.0121 -213.2271
    0.0790    0.3500    0.2049    0.1525    0.0395    0.1006    0.0001    0.4086    0.2380        0.0582    0.0116 -217.9811
    0.0892    0.3346    0.2148    0.1280    0.0446    0.0802    0.0001    0.3363    0.2065        0.0796    0.0044 -161.4218
    0.0851    0.3354    0.1597    0.1176    0.0426    0.0821    0.0001    0.3082    0.1808        0.0562    0.0214 -162.6214
    0.0852    0.3491    0.2904    0.1646    0.0426    0.1035    0.0001    0.3699    0.3008        0.1151    0.0104 -192.4439
    0.0851    0.3491    0.2724    0.1644    0.0426    0.1035    0.0001    0.3986    0.2804        0.1163    0.0109 -193.2315
    0.0851    0.3469    0.2763    0.1598    0.0426    0.0931    0.0001    0.4503    0.2820        0.1505    0.0121 -288.0586
    0.0792    0.3457    0.1846    0.1350    0.0396    0.0937    0.0001    0.4090    0.2505        0.1345    0.0348 -292.0204
    0.0870    0.3498    0.3000    0.1675    0.0435    0.1021    0.0001    0.4078    0.3334        0.1130    0.0087 -206.5055
    0.0847    0.3500    0.2998    0.1645    0.0424    0.1022    0.0001    0.4689    0.3026        0.1367    0.0064 -210.7431
    0.0934    0.3386    0.2487    0.1493    0.0467    0.0779    0.0001    0.4091    0.2721        0.1001    0.0104 -198.8483
    0.0953    0.3372    0.2780    0.1515    0.0476    0.0771    0.0001    0.4224    0.2947        0.1197    0.0302 -200.1215
    0.0858    0.3433    0.2133    0.1449    0.0429    0.0975    0.0001    0.3857    0.2543        0.1215    0.0121 -240.2831
    0.0828    0.3502    0.2067    0.1349    0.0414    0.1046    0.0001    0.3952    0.2801        0.1271    0.0118 -249.2748
    0.0846    0.3485    0.2590    0.1594    0.0423    0.1025    0.0001    0.3715    0.2353        0.1448    0.0121 -149.5955
    0.0825    0.3485    0.2282    0.1553    0.0413    0.1023    0.0001    0.3634    0.2168        0.1066    0.0153 -150.7248
    0.0803    0.3491    0.1975    0.1454    0.0401    0.0956    0.0001    0.3794    0.2171        0.1088    0.0117 -181.9490
    0.0814    0.3495    0.2187    0.1561    0.0407    0.0963    0.0001    0.4220    0.1854        0.0926    0.0109 -184.1068
    0.0846    0.3488    0.2981    0.1587    0.0423    0.1035    0.0001    0.4436    0.3147        0.0981    0.0116 -197.9035
    0.0766    0.3491    0.1643    0.1425    0.0383    0.1032    0.0001    0.4020    0.1868        0.0480    0.0039 -206.9080
    0.0852    0.3409    0.1992    0.1234    0.0426    0.1039    0.0001    0.3423    0.2556        0.1025    0.0112 -195.0490
    0.0880    0.3425    0.2419    0.1410    0.0440    0.1003    0.0001    0.4091    0.2603        0.0945    0.0270 -197.7649
    0.0847    0.3496    0.2994    0.1670    0.0424    0.0963    0.0001    0.4171    0.3105        0.1149    0.0147 -241.4467
    0.0856    0.3484    0.2710    0.1652    0.0428    0.0935    0.0001    0.4852    0.3374        0.1080    0.0116 -246.7177
    0.0796    0.3457    0.2512    0.1462    0.0398    0.0942    0.0001    0.3986    0.1935        0.1528    0.0087 -228.6494
    0.0744    0.3458    0.1044    0.1307    0.0372    0.0921    0.0001    0.3284    0.1699        0.0986    0.0093 -236.7565
    0.0841    0.3376    0.1593    0.1279    0.0420    0.0868    0.0001    0.3226    0.1727        0.1046    0.0122 -148.4687
    0.0886    0.3389    0.2224    0.1436    0.0443    0.0883    0.0001    0.3770    0.2121        0.1050    0.0090 -150.5423
    0.0845    0.3470    0.2850    0.1580    0.0423    0.0986    0.0001    0.4072    0.2588        0.1264    0.0128 -255.8341
    0.0839    0.3425    0.2448    0.1412    0.0420    0.0960    0.0001    0.4551    0.2085        0.1432    0.0162 -255.7243
    0.0837    0.3418    0.2305    0.1349    0.0418    0.0950    0.0001    0.4441    0.2427        0.0620    0.0117 -274.6193
    0.0829    0.3454    0.2305    0.1348    0.0414    0.0947    0.0001    0.4552    0.2371        0.0627    0.0120 -278.6881
    0.0857    0.3360    0.1947    0.1238    0.0428    0.0850    0.0001    0.3466    0.2548        0.1120    0.0193 -208.9413
    0.0862    0.3358    0.1877    0.1303    0.0431    0.0813    0.0001    0.3722    0.2521        0.0760    0.0203 -211.3254
    0.0802    0.3494    0.2649    0.1478    0.0401    0.1016    0.0001    0.4326    0.2951        0.0939    0.0117 -308.4424
    0.0732    0.3489    0.1400    0.1254    0.0366    0.1015    0.0001    0.3733    0.2250        0.0874    0.0228 -312.8109
    0.0794    0.3497    0.2787    0.1564    0.0397    0.0961    0.0001    0.3636    0.2394        0.0934    0.0145 -204.8446
    0.0834    0.3492    0.2463    0.1613    0.0417    0.0949    0.0001    0.4539    0.2744        0.0935    0.0228 -210.0778
    0.0846    0.3486    0.2999    0.1552    0.0423    0.1026    0.0001    0.4553    0.2800        0.1214    0.0108 -246.3307
    0.0824    0.3486    0.2610    0.1490    0.0412    0.1027    0.0001    0.4343    0.2586        0.1334    0.0120 -247.0282
    0.0942    0.3370    0.2986    0.1605    0.0471    0.0800    0.0001    0.4507    0.2152        0.0878    0.0088 -127.9936
    0.0937    0.3370    0.2971    0.1584    0.0469    0.0803    0.0001    0.3703    0.2544        0.0571    0.0094 -132.2788
    0.0847    0.3486    0.2981    0.1493    0.0424    0.1032    0.0001    0.2928    0.3169        0.0880    0.0146 -194.8456
    0.0802    0.3489    0.2128    0.1446    0.0401    0.1033    0.0001    0.3407    0.2542        0.1203    0.0057 -201.4697
    0.0885    0.3371    0.2628    0.1429    0.0442    0.0808    0.0001    0.4295    0.2379        0.1371    0.0073 -239.7416
    0.0816    0.3359    0.1524    0.1219    0.0408    0.0802    0.0001    0.3479    0.2120        0.0443   -0.0023 -247.0940
    0.0782    0.3492    0.2366    0.1465    0.0391    0.1035    0.0001    0.4234    0.2624        0.1363    0.0123 -282.5199
    0.0779    0.3493    0.1820    0.1471    0.0390    0.1035    0.0001    0.4311    0.2859        0.0676    0.0131 -289.4343
    0.0842    0.3486    0.2729    0.1543    0.0421    0.1027    0.0001    0.4105    0.2318        0.1591    0.0115 -258.3597
    0.0831    0.3463    0.2460    0.1555    0.0416    0.0967    0.0001    0.4628    0.2783        0.1655    0.0119 -264.6421
    0.0904    0.3341    0.2771    0.1316    0.0452    0.0833    0.0001    0.4109    0.1730        0.0156    0.0051 -172.3922
    0.0816    0.3462    0.2262    0.1541    0.0408    0.0947    0.0001    0.4415    0.2054        0.0157    0.0060 -184.8986
    0.0828    0.3396    0.1781    0.1422    0.0414    0.0857    0.0001    0.3512    0.1844        0.0732    0.0133 -143.8363
    0.0923    0.3407    0.2996    0.1806    0.0461    0.0846    0.0001    0.4836    0.2591        0.0837    0.0089 -151.5468
    0.0840    0.3458    0.2634    0.1550    0.0420    0.0960    0.0001    0.4231    0.2922        0.1029    0.0096 -235.4399
    0.0830    0.3458    0.2502    0.1536    0.0415    0.0960    0.0001    0.4262    0.2723        0.0997    0.0099 -235.7519
    0.0835    0.3418    0.2635    0.1344    0.0417    0.0946    0.0001    0.3630    0.2495        0.1257    0.0123 -225.3921
    0.0764    0.3417    0.1406    0.1162    0.0382    0.0946    0.0001    0.2982    0.1938        0.0923    0.0151 -228.7584
    0.0805    0.3351    0.1875    0.1140    0.0402    0.0845    0.0001    0.3969    0.2261        0.0771    0.0055 -254.5769
    0.0786    0.3355    0.1495    0.1145    0.0393    0.0839    0.0001    0.3276    0.2090        0.0537    0.0100 -257.6324
    0.0798    0.3465    0.2411    0.1390    0.0399    0.1077    0.0001    0.4306    0.2263        0.1020    0.0101 -231.3140
    0.0824    0.3467    0.2740    0.1479    0.0412    0.1078    0.0001    0.4554    0.2394        0.1498    0.0254 -232.6092
    0.0836    0.3438    0.2665    0.1640    0.0418    0.1003    0.0001    0.3659    0.2960        0.1376    0.0076 -253.4817
    0.0800    0.3438    0.2522    0.1561    0.0400    0.1003    0.0001    0.3958    0.3019        0.1355    0.0083 -254.8532
    0.0837    0.3416    0.2714    0.1332    0.0419    0.0964    0.0001    0.3953    0.2461        0.0761    0.0106 -226.0655
    0.0812    0.3450    0.2628    0.1336    0.0406    0.0916    0.0001    0.4044    0.2422        0.0754    0.0103 -231.0093
    0.0920    0.3399    0.2836    0.1439    0.0460    0.1007    0.0001    0.3685    0.2978        0.1166    0.0092 -170.8179
    0.0838    0.3486    0.2321    0.1581    0.0419    0.1031    0.0001    0.3711    0.3184        0.1037    0.0099 -182.4175
    0.0864    0.3427    0.2763    0.1534    0.0432    0.0962    0.0001    0.4610    0.2647        0.0851    0.0094 -230.0700
    0.0817    0.3426    0.1966    0.1390    0.0408    0.0961    0.0001    0.4041    0.2088        0.0864    0.0089 -231.8644
    0.0840    0.3396    0.2359    0.1222    0.0420    0.0989    0.0001    0.3022    0.1566        0.1109    0.0066 -206.1211
    0.0813    0.3484    0.2634    0.1494    0.0407    0.1024    0.0001    0.3594    0.2269        0.1749    0.0042 -214.5309
    0.0836    0.3398    0.2728    0.1358    0.0418    0.0874    0.0001    0.3730    0.2911        0.1028    0.0124 -216.2273
    0.0853    0.3401    0.2810    0.1443    0.0426    0.0874    0.0001    0.3517    0.2675        0.1175    0.0168 -217.9857
    0.0860    0.3420    0.1891    0.1386    0.0430    0.1002    0.0001    0.3251    0.2150        0.0220    0.0076 -111.6352
    0.0929    0.3437    0.2732    0.1830    0.0464    0.1003    0.0001    0.4709    0.2979        0.0113    0.0044 -119.9994
    0.0864    0.3487    0.2973    0.1602    0.0432    0.1026    0.0001    0.3984    0.3000        0.1126    0.0130 -169.2961
    0.0832    0.3487    0.2509    0.1533    0.0416    0.1026    0.0001    0.3687    0.2506        0.1207    0.0141 -170.3539
    0.0848    0.3364    0.2313    0.1239    0.0424    0.0799    0.0001    0.2775    0.2624        0.0728    0.0185 -240.6837
    0.0818    0.3365    0.1855    0.1166    0.0409    0.0808    0.0001    0.2809    0.2498        0.0594    0.0112 -242.0747
    0.0855    0.3416    0.2999    0.1648    0.0427    0.0895    0.0001    0.3036    0.2612        0.1594    0.0087 -154.7343
    0.0884    0.3419    0.2569    0.1729    0.0442    0.0886    0.0001    0.3296    0.2271        0.1282    0.0094 -159.9049
    0.0928    0.3209    0.1643    0.1220    0.0464    0.0509    0.0001    0.3352    0.2606        0.1219    0.0001 -182.7565
    0.0858    0.3387    0.1599    0.1440    0.0429    0.0805    0.0001    0.3523    0.2569        0.0902    0.0000 -189.3687
    0.0893    0.3372    0.2722    0.1499    0.0446    0.0807    0.0001    0.3620    0.2972        0.1092    0.0084 -207.5650
    0.0908    0.3372    0.2886    0.1550    0.0454    0.0810    0.0001    0.3973    0.3055        0.1390    0.0191 -208.4074
    0.0892    0.3445    0.2968    0.1616    0.0446    0.0918    0.0001    0.4308    0.2926        0.1450    0.0108 -244.2822
    0.0809    0.3461    0.2084    0.1426    0.0404    0.0954    0.0001    0.3539    0.3316        0.1233    0.0184 -251.2594
    0.0827    0.3385    0.1808    0.1228    0.0414    0.0916    0.0001    0.3682    0.1856        0.1187    0.0195 -184.0707
    0.0884    0.3400    0.2532    0.1469    0.0442    0.0903    0.0001    0.4207    0.2522        0.0808    0.0278 -188.8665
    0.0876    0.3431    0.2889    0.1489    0.0438    0.0945    0.0001    0.4858    0.2550        0.1254    0.0120 -204.3920
    0.0775    0.3426    0.1184    0.1213    0.0387    0.0947    0.0001    0.3415    0.1761        0.0465    0.0238 -212.9406
    0.0907    0.3406    0.2903    0.1556    0.0454    0.0866    0.0001    0.3951    0.2993        0.0861    0.0108 -194.3473
    0.0915    0.3396    0.2980    0.1559    0.0458    0.0860    0.0001    0.4030    0.3078        0.0839    0.0811 -197.0666
    0.0967    0.3123    0.1900    0.1116    0.0483    0.0513    0.0001    0.2828    0.1893        0.0858    0.0054  -98.1319
    0.0945    0.3344    0.2648    0.1490    0.0472    0.0863    0.0001    0.3541    0.2654        0.0801    0.0026 -104.8340
    0.0841    0.3494    0.2839    0.1583    0.0421    0.1036    0.0001    0.4487    0.2426        0.1489    0.0131 -224.3792
    0.0805    0.3490    0.1973    0.1476    0.0403    0.1032    0.0001    0.4023    0.2627        0.0970    0.0182 -229.4880
    0.0837    0.3464    0.2559    0.1486    0.0418    0.0980    0.0001    0.4146    0.2903        0.0884    0.0113 -222.1597
    0.0806    0.3461    0.2088    0.1375    0.0403    0.0982    0.0001    0.3698    0.2636        0.0846    0.0118 -222.7462
    0.0836    0.3445    0.2923    0.1422    0.0418    0.0945    0.0001    0.3702    0.2762        0.1085    0.0107 -273.7080
    0.0846    0.3433    0.2959    0.1402    0.0423    0.0899    0.0001    0.3747    0.2796        0.1099    0.0108 -275.3552
    0.0816    0.3484    0.1862    0.1424    0.0408    0.1025    0.0001    0.3612    0.1618        0.1283    0.0106 -148.9238
    0.0821    0.3486    0.1868    0.1512    0.0410    0.1024    0.0001    0.4071    0.2195        0.0876    0.0159 -155.2667
    0.0775    0.3483    0.1878    0.1443    0.0387    0.1003    0.0001    0.3765    0.1807        0.0524    0.0066 -205.5471
    0.0786    0.3484    0.1973    0.1487    0.0393    0.1004    0.0001    0.4025    0.2271        0.0624    0.0035 -207.4999
    0.0861    0.3451    0.2741    0.1510    0.0431    0.0949    0.0001    0.4013    0.2802        0.1048    0.0097 -200.8037
    0.0816    0.3421    0.1878    0.1323    0.0408    0.0958    0.0001    0.3340    0.2164        0.0772    0.0194 -202.3612
    0.0878    0.3425    0.2693    0.1382    0.0439    0.0973    0.0001    0.3401    0.1904        0.1299    0.0081 -136.7377
    0.0851    0.3465    0.2363    0.1577    0.0425    0.0980    0.0001    0.3518    0.2654        0.1114    0.0105 -143.6432
    0.0888    0.3401    0.2789    0.1528    0.0444    0.0905    0.0001    0.3959    0.2826        0.0913    0.0110 -213.6335
    0.0875    0.3398    0.2698    0.1478    0.0438    0.0892    0.0001    0.3719    0.2969        0.0978    0.0144 -214.4857
    0.0857    0.3405    0.2372    0.1326    0.0428    0.0830    0.0001    0.3972    0.2547        0.0866    0.0086 -246.9882
    0.0828    0.3405    0.2045    0.1267    0.0414    0.0835    0.0001    0.3764    0.2311        0.0841    0.0055 -247.4559
    0.0780    0.3415    0.1471    0.1210    0.0390    0.0963    0.0001    0.3636    0.1700        0.1324    0.0191 -218.2349
    0.0868    0.3395    0.2241    0.1572    0.0434    0.0860    0.0001    0.4625    0.2549        0.1094    0.0307 -226.6455
    0.0851    0.3326    0.1653    0.1206    0.0425    0.0858    0.0001    0.3265    0.2334        0.0539    0.0173 -190.2895
    0.0884    0.3416    0.2779    0.1756    0.0442    0.0908    0.0001    0.4797    0.2939        0.0301    0.0174 -203.5739
    0.0886    0.3408    0.2742    0.1549    0.0443    0.0821    0.0001    0.4434    0.3118        0.0904    0.0091 -233.3385
    0.0858    0.3406    0.2351    0.1464    0.0429    0.0822    0.0001    0.4076    0.2869        0.0638    0.0131 -233.8216
    0.0841    0.3520    0.2113    0.1459    0.0421    0.1111    0.0001    0.2764    0.2815        0.0800    0.0120 -134.3534
    0.0899    0.3484    0.2587    0.1618    0.0450    0.1026    0.0001    0.3696    0.3085        0.1145    0.0372 -139.5581
    0.0899    0.3397    0.2826    0.1510    0.0450    0.0880    0.0001    0.4377    0.3063        0.1390    0.0128 -247.1667
    0.0849    0.3393    0.2232    0.1338    0.0425    0.0882    0.0001    0.3606    0.2886        0.1279    0.0531 -250.3572
    0.0732    0.3505    0.2032    0.1383    0.0366    0.1056    0.0001    0.3602    0.2038        0.0896    0.0202 -221.3078
    0.0750    0.3505    0.1650    0.1419    0.0375    0.1056    0.0001    0.3422    0.2308        0.0838    0.0194 -225.0869
    0.0822    0.3478    0.2650    0.1329    0.0411    0.1025    0.0001    0.4060    0.2995        0.0825    0.0152 -303.5975
    0.0817    0.3480    0.2464    0.1344    0.0409    0.1022    0.0001    0.4371    0.2933        0.1392    0.0132 -306.8764
    0.0867    0.3491    0.2935    0.1631    0.0433    0.1032    0.0001    0.4130    0.3214        0.1140    0.0114 -200.9406
    0.0852    0.3491    0.2684    0.1598    0.0426    0.1032    0.0001    0.4354    0.2786        0.1219    0.0115 -202.3346
    0.0805    0.3486    0.2859    0.1414    0.0402    0.1027    0.0001    0.4710    0.2718        0.1332    0.0091 -197.4902
    0.0815    0.3488    0.2577    0.1525    0.0407    0.1026    0.0001    0.4166    0.2231        0.0812    0.0159 -205.0379
    0.0848    0.3499    0.2974    0.1656    0.0424    0.1057    0.0001    0.3697    0.3101        0.1405    0.0088 -207.3225
    0.0829    0.3499    0.2644    0.1611    0.0414    0.1057    0.0001    0.4036    0.2924        0.1703    0.0086 -209.7397
    0.0809    0.3355    0.1935    0.1210    0.0404    0.0839    0.0001    0.3445    0.1936        0.0942    0.0084 -262.4461
    0.0846    0.3357    0.2420    0.1307    0.0423    0.0820    0.0001    0.3618    0.2426        0.1375    0.0117 -264.7569
    0.0802    0.3405    0.1597    0.1301    0.0401    0.0856    0.0001    0.3646    0.2239        0.1212    0.0170 -215.0955
    0.0746    0.3467    0.1014    0.1290    0.0373    0.0965    0.0001    0.3166    0.2007        0.0749    0.0203 -221.0675
    0.0871    0.3420    0.2548    0.1567    0.0435    0.1047    0.0001    0.4811    0.2566        0.1701    0.0096 -208.6954
    0.0814    0.3495    0.2232    0.1578    0.0407    0.1044    0.0001    0.4363    0.2991        0.1591    0.0113 -221.6049
    0.0877    0.3419    0.2877    0.1675    0.0438    0.0878    0.0001    0.3886    0.3329        0.1562    0.0107 -231.4786
    0.0821    0.3418    0.2119    0.1512    0.0410    0.0876    0.0001    0.4153    0.2561        0.0740    0.0188 -239.4421
    0.0814    0.3498    0.2570    0.1561    0.0407    0.1006    0.0001    0.5088    0.3364        0.0870    0.0067 -316.5662
    0.0817    0.3499    0.2406    0.1571    0.0408    0.1006    0.0001    0.4896    0.3357        0.0880    0.0072 -316.9601
    0.0805    0.3482    0.2055    0.1443    0.0403    0.0967    0.0001    0.3544    0.2658        0.1440    0.0092 -267.6500
    0.0820    0.3483    0.2344    0.1504    0.0410    0.0966    0.0001    0.4439    0.2931        0.1291    0.0095 -270.6552
    0.0816    0.3516    0.2871    0.1388    0.0408    0.1077    0.0001    0.3507    0.2226        0.1408    0.0116 -171.3491
    0.0811    0.3535    0.2788    0.1565    0.0406    0.1117    0.0001    0.3940    0.2496        0.0989    0.0121 -177.6971
    0.0833    0.3494    0.3000    0.1563    0.0416    0.0965    0.0001    0.4452    0.3087        0.1195    0.0132 -244.8003
    0.0811    0.3500    0.2993    0.1588    0.0406    0.1012    0.0001    0.4779    0.2745        0.1112    0.0130 -252.5186
    0.0845    0.3306    0.1749    0.1067    0.0423    0.0875    0.0001    0.3208    0.2173        0.0560    0.0192 -207.3303
    0.0846    0.3416    0.2458    0.1565    0.0423    0.0880    0.0001    0.4500    0.2409        0.0879    0.0261 -214.8406
    0.0800    0.3436    0.2172    0.1266    0.0400    0.0960    0.0001    0.3384    0.2788        0.1443    0.0082 -270.6969
    0.0765    0.3426    0.1501    0.1146    0.0382    0.0938    0.0001    0.2881    0.2401        0.1004    0.0134 -273.0859
    0.0845    0.3477    0.2848    0.1396    0.0423    0.0995    0.0001    0.3794    0.2446        0.1217    0.0087 -212.6071
    0.0830    0.3456    0.2524    0.1482    0.0415    0.0957    0.0001    0.4179    0.2829        0.0628    0.0144 -217.0694
    0.0886    0.3491    0.3000    0.1694    0.0443    0.1047    0.0001    0.3516    0.2781        0.1648    0.0138 -230.2427
    0.0877    0.3491    0.3000    0.1675    0.0439    0.1048    0.0001    0.4249    0.3189        0.2017    0.0148 -234.2892
    0.0772    0.3521    0.2253    0.1349    0.0386    0.1112    0.0001    0.4622    0.1938        0.1103    0.0099 -190.0126
    0.0781    0.3525    0.1870    0.1446    0.0390    0.1115    0.0001    0.3698    0.2137        0.0980    0.0130 -198.0024
    0.0871    0.3336    0.1890    0.1245    0.0436    0.0866    0.0001    0.3044    0.2276        0.1093    0.0065 -142.5672
    0.0858    0.3417    0.2070    0.1447    0.0429    0.0941    0.0001    0.3589    0.2472        0.0818    0.0066 -147.1744
    0.0867    0.3313    0.2191    0.1246    0.0434    0.0711    0.0001    0.3896    0.2141        0.0650    0.0085 -259.2586
    0.0846    0.3337    0.1756    0.1320    0.0423    0.0685    0.0001    0.4051    0.2253        0.0975   -0.0027 -264.4153
    0.0793    0.3535    0.2836    0.1596    0.0396    0.1110    0.0001    0.4993    0.2746        0.1293    0.0143 -285.6216
    0.0798    0.3534    0.2242    0.1565    0.0399    0.1110    0.0001    0.4664    0.2709        0.1249    0.0143 -285.1653
    0.0860    0.3364    0.1826    0.1279    0.0430    0.0811    0.0001    0.3367    0.2293        0.0916    0.0090 -196.5637
    0.0932    0.3413    0.2999    0.1660    0.0466    0.0863    0.0001    0.4672    0.3108        0.1498    0.0026 -202.4501
    0.0889    0.3412    0.2920    0.1502    0.0444    0.0883    0.0001    0.4042    0.2548        0.1008    0.0100 -212.4837
    0.0779    0.3407    0.1222    0.1198    0.0390    0.0883    0.0001    0.2755    0.1963        0.0768    0.0137 -220.3595
    0.0809    0.3523    0.1987    0.1430    0.0404    0.1118    0.0001    0.4296    0.2530        0.1179    0.0140 -212.8811
    0.0857    0.3525    0.2426    0.1598    0.0428    0.1124    0.0001    0.4644    0.3150        0.1228    0.0145 -214.8261
    0.0861    0.3489    0.2942    0.1649    0.0430    0.1036    0.0001    0.4014    0.2729        0.1741    0.0104 -214.5325
    0.0810    0.3488    0.2186    0.1513    0.0405    0.1035    0.0001    0.3822    0.2920        0.1400    0.0081 -217.9503
    0.0826    0.3399    0.1541    0.1323    0.0413    0.0906    0.0001    0.3160    0.2478        0.1019    0.0145 -230.6475
    0.0805    0.3385    0.1213    0.1170    0.0402    0.0886    0.0001    0.3125    0.2231        0.0620    0.0367 -234.2600
    0.0815    0.3533    0.2759    0.1557    0.0408    0.1108    0.0001    0.4349    0.2357        0.1202    0.0127 -232.3232
    0.0800    0.3533    0.2726    0.1513    0.0400    0.1108    0.0001    0.4710    0.2779        0.1035    0.0113 -234.4533
    0.0977    0.3144    0.2233    0.1048    0.0489    0.0539    0.0001    0.3019    0.2120        0.0960    0.0091 -172.6897
    0.0923    0.3234    0.1909    0.1144    0.0461    0.0649    0.0001    0.3157    0.2080        0.0843    0.0107 -174.4293
    0.0908    0.3293    0.2015    0.1233    0.0454    0.0718    0.0001    0.3048    0.1962        0.1316    0.0096 -162.3299
    0.0921    0.3408    0.2702    0.1585    0.0461    0.0852    0.0001    0.4187    0.2918        0.1070    0.0124 -171.5439
    0.0854    0.3415    0.1839    0.1347    0.0427    0.0997    0.0001    0.3603    0.2225        0.0999    0.0101 -151.6363
    0.0922    0.3436    0.2987    0.1832    0.0461    0.0994    0.0001    0.4875    0.2635        0.1362    0.0489 -158.9309
    0.0852    0.3425    0.2526    0.1356    0.0426    0.0939    0.0001    0.4121    0.2350        0.1187    0.0059 -253.5393
    0.0825    0.3421    0.2133    0.1275    0.0412    0.0922    0.0001    0.3680    0.2368        0.1220    0.0069 -254.6041
    0.0819    0.3434    0.1960    0.1317    0.0409    0.0989    0.0001    0.3788    0.2320        0.0577    0.0124 -211.4169
    0.0826    0.3435    0.2073    0.1341    0.0413    0.0990    0.0001    0.3876    0.2457        0.0526    0.0129 -211.5562
    0.0844    0.3437    0.2330    0.1364    0.0422    0.0894    0.0001    0.3580    0.2399        0.1301    0.0097 -184.5198
    0.0816    0.3498    0.2251    0.1550    0.0408    0.1004    0.0001    0.3600    0.2716        0.1178    0.0107 -193.1456
    0.0805    0.3414    0.1588    0.1185    0.0402    0.0963    0.0001    0.3512    0.2017        0.0703    0.0088 -232.7977
    0.0844    0.3418    0.2133    0.1316    0.0422    0.0961    0.0001    0.4141    0.2333        0.0856    0.0048 -234.2010
    0.0888    0.3365    0.2637    0.1419    0.0444    0.0812    0.0001    0.4156    0.2898        0.0997    0.0094 -254.1096
    0.0815    0.3356    0.1557    0.1175    0.0407    0.0809    0.0001    0.3109    0.2436        0.0727   -0.0197 -258.6197
    0.0773    0.3534    0.2675    0.1367    0.0386    0.1171    0.0001    0.4391    0.2300        0.0913    0.0116 -261.6660
    0.0719    0.3536    0.1313    0.1281    0.0360    0.1139    0.0001    0.3772    0.2239        0.0947    0.0150 -270.1352
    0.0916    0.3385    0.2759    0.1446    0.0458    0.0848    0.0001    0.3959    0.2852        0.1133    0.0125 -216.8519
    0.0878    0.3381    0.2352    0.1326    0.0439    0.0858    0.0001    0.3802    0.2812        0.0762    0.0576 -219.8079
    0.0898    0.3316    0.1979    0.1392    0.0449    0.0734    0.0001    0.2975    0.2812        0.1455    0.0105 -143.4745
    0.0955    0.3376    0.3000    0.1800    0.0477    0.0814    0.0001    0.4179    0.2993        0.1827    0.0098 -153.1158
    0.0790    0.3505    0.2856    0.1566    0.0395    0.1005    0.0001    0.4302    0.3417        0.0287    0.0060 -243.3345
    0.0811    0.3503    0.2570    0.1597    0.0406    0.0999    0.0001    0.4332    0.3295        0.0284    0.0065 -244.1976
    0.0854    0.3406    0.2572    0.1394    0.0427    0.0888    0.0001    0.3952    0.2840        0.1248    0.0039 -244.9922
    0.0736    0.3491    0.1674    0.1413    0.0368    0.1046    0.0001    0.3285    0.2355        0.0777    0.0055 -259.6298
    0.0837    0.3487    0.2386    0.1528    0.0418    0.1025    0.0001    0.3174    0.2311        0.0864    0.0088 -176.1059
    0.0841    0.3487    0.2427    0.1542    0.0421    0.1025    0.0001    0.4283    0.2476        0.0437    0.0113 -182.8316
    0.0888    0.3412    0.2943    0.1497    0.0444    0.0879    0.0001    0.4039    0.2701        0.1129    0.0093 -194.8511
    0.0828    0.3432    0.2200    0.1381    0.0414    0.0928    0.0001    0.3655    0.2352        0.0963    0.0108 -195.9909
    0.0882    0.3496    0.2994    0.1703    0.0441    0.1017    0.0001    0.4921    0.3496        0.0655    0.0091 -202.0518
    0.0826    0.3496    0.2374    0.1589    0.0413    0.1017    0.0001    0.4334    0.2923        0.0658    0.0108 -203.4986
    0.0983    0.3090    0.1936    0.0852    0.0492    0.0510    0.0001    0.2802    0.1587        0.0843    0.0051 -124.8727
    0.0873    0.3416    0.1931    0.1475    0.0437    0.0842    0.0001    0.4028    0.2535        0.0648    0.0003 -148.1357
    0.0807    0.3489    0.1969    0.1493    0.0404    0.1036    0.0001    0.3494    0.2428        0.0354    0.0054 -163.9993
    0.0893    0.3490    0.2895    0.1724    0.0446    0.1035    0.0001    0.4659    0.2931        0.0248    0.0053 -169.0661
    0.0810    0.3521    0.2708    0.1501    0.0405    0.1070    0.0001    0.4296    0.2024        0.1369    0.0099 -209.0885
    0.0729    0.3517    0.1031    0.1290    0.0365    0.1068    0.0001    0.3576    0.1765        0.0287    0.0158 -223.9321
    0.0891    0.3412    0.2707    0.1493    0.0446    0.0922    0.0001    0.4152    0.3230        0.0674    0.0115 -214.4312
    0.0910    0.3431    0.2991    0.1752    0.0455    0.0957    0.0001    0.4906    0.3578        0.1140    0.0184 -217.2569
    0.0849    0.3395    0.2041    0.1365    0.0424    0.0858    0.0001    0.3667    0.2133        0.0802    0.0092 -200.6381
    0.0826    0.3394    0.1726    0.1292    0.0413    0.0862    0.0001    0.3404    0.2036        0.0602    0.0105 -201.1588
    0.0814    0.3421    0.2153    0.1226    0.0407    0.0968    0.0001    0.3481    0.2321        0.1056    0.0113 -249.3590
    0.0835    0.3483    0.3000    0.1465    0.0417    0.1029    0.0001    0.4454    0.3177        0.0961    0.0268 -254.4281
    0.0829    0.3410    0.2192    0.1410    0.0414    0.0885    0.0001    0.3754    0.1812        0.0896    0.0079 -192.2504
    0.0781    0.3401    0.1391    0.1218    0.0390    0.0899    0.0001    0.3008    0.1677        0.0653    0.0085 -194.3567
    0.0846    0.3356    0.1454    0.1295    0.0423    0.0800    0.0001    0.3309    0.1728        0.0938    0.0021 -138.7840
    0.0963    0.3370    0.3000    0.1665    0.0482    0.0785    0.0001    0.4172    0.2747        0.1370    0.0020 -149.2417
    0.0882    0.3488    0.2943    0.1726    0.0441    0.1029    0.0001    0.4333    0.2757        0.1626    0.0119 -201.4585
    0.0823    0.3487    0.2282    0.1588    0.0412    0.1030    0.0001    0.3776    0.3045        0.1201    0.0125 -205.2244
    0.0858    0.3480    0.2530    0.1632    0.0429    0.0841    0.0001    0.4697    0.1605        0.0961    0.0108 -206.5674
    0.0825    0.3487    0.2743    0.1619    0.0413    0.0879    0.0001    0.4774    0.1760        0.0956    0.0114 -209.2789
    0.0831    0.3556    0.2991    0.1574    0.0415    0.1207    0.0001    0.3528    0.3222        0.1327    0.0145 -222.1268
    0.0795    0.3556    0.2289    0.1497    0.0398    0.1206    0.0001    0.4106    0.3391        0.1300    0.0143 -229.3006
    0.0847    0.3501    0.2341    0.1673    0.0424    0.1020    0.0001    0.3521    0.3660        0.1215    0.0122 -236.2729
    0.0816    0.3501    0.2266    0.1604    0.0408    0.1019    0.0001    0.4314    0.2994        0.1109    0.0085 -242.6379
    0.0885    0.3378    0.2183    0.1314    0.0443    0.0868    0.0001    0.3349    0.2289        0.0709    0.0071 -171.4759
    0.0904    0.3379    0.2310    0.1392    0.0452    0.0859    0.0001    0.3651    0.2513        0.1117    0.0563 -175.0902
    0.0847    0.3483    0.2681    0.1523    0.0423    0.1029    0.0001    0.3930    0.2399        0.1346    0.0127 -199.3684
    0.0807    0.3483    0.1927    0.1442    0.0403    0.1029    0.0001    0.3620    0.2376        0.0591    0.0546 -205.5609
    0.0798    0.3484    0.1789    0.1478    0.0399    0.1032    0.0001    0.4385    0.2039        0.0778    0.0129 -196.1365
    0.0839    0.3486    0.2570    0.1603    0.0420    0.1029    0.0001    0.4419    0.2526        0.0593    0.0161 -200.8964
    0.0839    0.3481    0.2856    0.1565    0.0419    0.0991    0.0001    0.3924    0.2487        0.1604    0.0130 -229.1874
    0.0790    0.3481    0.2111    0.1463    0.0395    0.0990    0.0001    0.4065    0.2381        0.1004    0.0161 -233.3163
    0.0860    0.3393    0.2574    0.1336    0.0430    0.0896    0.0001    0.3950    0.2861        0.0928    0.0089 -244.5981
    0.0824    0.3392    0.2078    0.1243    0.0412    0.0899    0.0001    0.3411    0.2421        0.0624    0.0126 -245.8839
    0.0871    0.3383    0.2106    0.1227    0.0435    0.0882    0.0001    0.4267    0.2384        0.1030    0.0048 -206.1315
    0.0855    0.3467    0.2213    0.1382    0.0427    0.0995    0.0001    0.4258    0.2339        0.0641    0.0048 -211.3813
    0.0845    0.3444    0.2279    0.1377    0.0422    0.0963    0.0001    0.4176    0.2968        0.0923    0.0083 -263.5292
    0.0793    0.3467    0.1717    0.1313    0.0397    0.0996    0.0001    0.3810    0.2593        0.0847    0.0102 -268.2869
    0.0904    0.3395    0.2850    0.1480    0.0452    0.0860    0.0001    0.3609    0.2936        0.1160    0.0083 -192.7739
    0.0861    0.3395    0.2150    0.1382    0.0430    0.0857    0.0001    0.3445    0.2440        0.0785    0.0113 -194.5533
    0.0836    0.3502    0.2996    0.1632    0.0418    0.0994    0.0001    0.3834    0.3406        0.0770    0.0092 -261.4802
    0.0853    0.3502    0.2936    0.1668    0.0426    0.0994    0.0001    0.4744    0.3149        0.0747    0.0107 -265.3156
    0.0858    0.3485    0.2871    0.1544    0.0429    0.1034    0.0001    0.4048    0.3288        0.1378    0.0068 -236.0015
    0.0835    0.3469    0.2362    0.1515    0.0417    0.1086    0.0001    0.4376    0.2965        0.1299    0.0073 -237.9724
    0.0850    0.3508    0.2973    0.1610    0.0425    0.1149    0.0001    0.4537    0.2556        0.1399    0.0154 -170.2616
    0.0871    0.3498    0.2997    0.1607    0.0436    0.1124    0.0001    0.4623    0.3208        0.0558    0.0284 -175.6570
    0.0866    0.3396    0.2709    0.1480    0.0433    0.0875    0.0001    0.4058    0.2994        0.1315    0.0120 -221.9841
    0.0874    0.3397    0.2802    0.1516    0.0437    0.0877    0.0001    0.4186    0.3044        0.1102    0.0111 -222.3271
    0.0765    0.3471    0.1347    0.1173    0.0383    0.1014    0.0001    0.3677    0.2009        0.0920    0.0128 -182.4304
    0.0867    0.3483    0.2656    0.1622    0.0434    0.0999    0.0001    0.4480    0.2933        0.0929   -0.0100 -196.9289
    0.0806    0.3480    0.2294    0.1402    0.0403    0.1024    0.0001    0.2940    0.2196        0.0893    0.0134 -153.8295
    0.0883    0.3485    0.2987    0.1662    0.0441    0.1028    0.0001    0.5112    0.2547        0.0940   -0.0041 -165.4624
    0.0841    0.3464    0.2385    0.1400    0.0421    0.1062    0.0001    0.3402    0.2822        0.1061    0.0081 -191.6444
    0.0826    0.3486    0.2237    0.1507    0.0413    0.1026    0.0001    0.3514    0.3005        0.1064    0.0074 -196.5086
    0.0817    0.3456    0.2428    0.1484    0.0408    0.0936    0.0001    0.4004    0.2285        0.0675    0.0148 -249.1890
    0.0794    0.3455    0.1883    0.1412    0.0397    0.0935    0.0001    0.4166    0.2498        0.0958   -0.0029 -254.6394
    0.0826    0.3499    0.2260    0.1570    0.0413    0.1022    0.0001    0.4217    0.2290        0.0719    0.0031 -188.6639
    0.0864    0.3499    0.2599    0.1660    0.0432    0.1022    0.0001    0.4559    0.2826        0.1273    0.0026 -190.7396
    0.0760    0.3533    0.2992    0.1476    0.0380    0.1114    0.0001    0.3911    0.3001        0.0705    0.0112 -234.7857
    0.0771    0.3533    0.2754    0.1500    0.0386    0.1113    0.0001    0.4376    0.3140        0.0784    0.0099 -238.4567
    0.0795    0.3485    0.2735    0.1346    0.0397    0.0988    0.0001    0.3863    0.2163        0.1388    0.0112 -251.4264
    0.0783    0.3494    0.1902    0.1507    0.0391    0.1015    0.0001    0.4040    0.2346        0.1371    0.0110 -266.9572
    0.0847    0.3360    0.2147    0.1256    0.0424    0.0814    0.0001    0.2971    0.2278        0.0532    0.0074 -198.8194
    0.0791    0.3431    0.1740    0.1242    0.0395    0.0940    0.0001    0.2810    0.2513        0.0471    0.0169 -204.1353
    0.0947    0.3151    0.2030    0.1036    0.0474    0.0569    0.0001    0.3492    0.2057        0.0928    0.0133 -205.4374
    0.0863    0.3488    0.2886    0.1641    0.0431    0.1026    0.0001    0.4709    0.3405        0.0893    0.0085 -219.7681
    0.0851    0.3422    0.2530    0.1381    0.0426    0.0968    0.0001    0.3561    0.2573        0.1176    0.0095 -215.7821
    0.0795    0.3457    0.1926    0.1338    0.0398    0.0951    0.0001    0.3320    0.2105        0.1164    0.0112 -217.9861
    0.0845    0.3496    0.2929    0.1620    0.0422    0.1063    0.0001    0.5261    0.2709        0.1355    0.0107 -254.4621
    0.0829    0.3495    0.2902    0.1610    0.0415    0.1035    0.0001    0.4743    0.3140        0.1048    0.0093 -259.9037
    0.0777    0.3531    0.2177    0.1428    0.0388    0.1117    0.0001    0.3597    0.2990        0.0942    0.0116 -229.6764
    0.0827    0.3533    0.2580    0.1558    0.0414    0.1114    0.0001    0.4396    0.3330        0.0829    0.0209 -231.9161
    0.0852    0.3431    0.2663    0.1449    0.0426    0.0995    0.0001    0.4072    0.3087        0.1206    0.0128 -247.5376
    0.0797    0.3424    0.1639    0.1247    0.0398    0.0999    0.0001    0.3434    0.2654        0.0818    0.0373 -251.7400
    0.0856    0.3501    0.2941    0.1644    0.0428    0.1011    0.0001    0.3371    0.2946        0.1252    0.0097 -202.2327
    0.0852    0.3501    0.2825    0.1642    0.0426    0.1012    0.0001    0.4247    0.2896        0.1286    0.0091 -206.1145
    0.0789    0.3484    0.1772    0.1388    0.0395    0.1026    0.0001    0.4076    0.2803        0.0763    0.0126 -223.1374
    0.0813    0.3501    0.2309    0.1605    0.0407    0.1023    0.0001    0.4381    0.2932        0.0845    0.0135 -229.5377
    0.0813    0.3468    0.1611    0.1352    0.0406    0.1019    0.0001    0.3954    0.1892        0.1232    0.0066 -168.1235
    0.0781    0.3473    0.1332    0.1354    0.0390    0.1002    0.0001    0.3428    0.1989        0.0625    0.0087 -174.4378
    0.0779    0.3491    0.2459    0.1458    0.0389    0.1035    0.0001    0.4096    0.2357        0.1227    0.0112 -296.5697
    0.0747    0.3497    0.2040    0.1412    0.0373    0.1040    0.0001    0.3724    0.2589        0.1249    0.0121 -298.7752
    0.0783    0.3514    0.2757    0.1473    0.0391    0.1196    0.0001    0.3527    0.2291        0.1073    0.0129 -236.6316
    0.0792    0.3523    0.2687    0.1489    0.0396    0.1139    0.0001    0.4670    0.2681        0.0773    0.0194 -244.3679
    0.0866    0.3406    0.2875    0.1650    0.0433    0.0886    0.0001    0.3711    0.3032        0.1077    0.0086 -226.8075
    0.0890    0.3406    0.2845    0.1704    0.0445    0.0886    0.0001    0.4603    0.2924        0.0965    0.0087 -230.4579
    0.0865    0.3359    0.1983    0.1279    0.0433    0.0823    0.0001    0.3618    0.2051        0.1260    0.0101 -228.8801
    0.0896    0.3363    0.2390    0.1380    0.0448    0.0821    0.0001    0.4104    0.2457        0.1403    0.0053 -229.9259
    0.0787    0.3525    0.2205    0.1388    0.0393    0.1111    0.0001    0.4605    0.2426        0.1015    0.0144 -236.3260
    0.0798    0.3508    0.2172    0.1447    0.0399    0.1157    0.0001    0.4051    0.2863        0.1013    0.0156 -238.5697
    0.0837    0.3427    0.2202    0.1276    0.0419    0.0887    0.0001    0.3647    0.1515        0.0581    0.0117 -195.0819
    0.0777    0.3482    0.1782    0.1339    0.0388    0.1030    0.0001    0.3691    0.1653        0.0577    0.0118 -197.4523
    0.0882    0.3370    0.2774    0.1484    0.0441    0.0801    0.0001    0.3814    0.1552        0.1359    0.0077 -186.5482
    0.0829    0.3365    0.1833    0.1343    0.0415    0.0793    0.0001    0.3220    0.1574        0.0758    0.0186 -190.2074
    0.0794    0.3500    0.2640    0.1551    0.0397    0.1020    0.0001    0.4185    0.3223        0.0794    0.0106 -268.3143
    0.0802    0.3500    0.2590    0.1569    0.0401    0.1020    0.0001    0.4729    0.2871        0.0973    0.0111 -270.4715
    0.0819    0.3486    0.2398    0.1490    0.0410    0.1026    0.0001    0.3850    0.2740        0.1009    0.0195 -214.7565
    0.0807    0.3486    0.2265    0.1477    0.0404    0.1028    0.0001    0.3600    0.2496        0.1023    0.0244 -215.1865
    0.0835    0.3359    0.2241    0.1237    0.0418    0.0798    0.0001    0.3350    0.2776        0.0620    0.0074 -300.3407
    0.0795    0.3357    0.1532    0.1111    0.0397    0.0808    0.0001    0.2946    0.2757        0.0383   -0.0033 -303.2683
    0.0864    0.3395    0.2633    0.1408    0.0432    0.0896    0.0001    0.4008    0.2840        0.1143    0.0083 -216.0892
    0.0804    0.3389    0.1610    0.1261    0.0402    0.0884    0.0001    0.3452    0.1822        0.0598    0.0179 -221.4182
    0.0839    0.3410    0.1944    0.1222    0.0419    0.0991    0.0001    0.3523    0.2543        0.0924    0.0146 -208.5052
    0.0880    0.3414    0.2453    0.1366    0.0440    0.0977    0.0001    0.3904    0.2911        0.0847    0.0219 -210.2135
    0.0801    0.3527    0.2660    0.1554    0.0401    0.1125    0.0001    0.4070    0.1222        0.0838    0.0101 -126.6236
    0.0826    0.3520    0.2405    0.1561    0.0413    0.1094    0.0001    0.4114    0.2565        0.0693    0.0015 -141.6369
    0.0814    0.3491    0.2123    0.1527    0.0407    0.1035    0.0001    0.4250    0.3531        0.1129    0.0044 -314.4884
    0.0838    0.3491    0.2567    0.1580    0.0419    0.1035    0.0001    0.5216    0.3794        0.1120    0.0040 -317.3098
    0.0896    0.3417    0.2932    0.1384    0.0448    0.0980    0.0001    0.4228    0.2927        0.0906    0.0122 -182.5078
    0.0847    0.3403    0.1807    0.1370    0.0423    0.0853    0.0001    0.3754    0.2376        0.0352    0.0173 -192.3922
    0.0884    0.3394    0.2722    0.1488    0.0442    0.0877    0.0001    0.4043    0.3117        0.0783    0.0086 -229.9439
    0.0810    0.3390    0.1586    0.1272    0.0405    0.0877    0.0001    0.3260    0.2497        0.0773    0.0107 -233.1221
    0.0845    0.3479    0.2588    0.1570    0.0423    0.1008    0.0001    0.4022    0.2958        0.0845    0.0107 -200.0840
    0.0812    0.3478    0.2119    0.1487    0.0406    0.1006    0.0001    0.4031    0.2616        0.0877    0.0122 -201.5601
    0.0892    0.3490    0.2566    0.1673    0.0446    0.1035    0.0001    0.4510    0.2201        0.1620    0.0131 -157.7437
    0.0905    0.3490    0.2882    0.1701    0.0452    0.1035    0.0001    0.5013    0.2681        0.1185    0.0141 -161.4525
    0.0853    0.3313    0.2201    0.1227    0.0427    0.0747    0.0001    0.3272    0.2049        0.0478    0.0068 -209.2410
    0.0880    0.3314    0.2586    0.1295    0.0440    0.0745    0.0001    0.3581    0.2225        0.0525    0.0063 -209.4788
    0.0933    0.3349    0.2511    0.1442    0.0466    0.0810    0.0001    0.4113    0.2318        0.1635   -0.0000 -172.1452
    0.0892    0.3369    0.2143    0.1480    0.0446    0.0817    0.0001    0.4113    0.2297        0.1030   -0.0000 -176.8962
    0.0904    0.3267    0.2186    0.1141    0.0452    0.0694    0.0001    0.2814    0.2089        0.0807    0.0060 -163.2556
    0.0809    0.3390    0.1546    0.1192    0.0405    0.0872    0.0001    0.2552    0.1992        0.0596    0.0126 -168.3547
    0.0873    0.3436    0.2993    0.1655    0.0436    0.1004    0.0001    0.3904    0.2330        0.1605    0.0086 -198.1586
    0.0863    0.3436    0.2619    0.1633    0.0432    0.1005    0.0001    0.4581    0.2260        0.1557    0.0066 -202.8105
    0.0785    0.3486    0.1959    0.1393    0.0393    0.1027    0.0001    0.4113    0.1743        0.0795    0.0077 -173.5657
    0.0837    0.3492    0.2299    0.1594    0.0419    0.1030    0.0001    0.4806    0.1853        0.0814    0.0098 -180.0682
    0.0862    0.3473    0.2612    0.1630    0.0431    0.1064    0.0001    0.4878    0.2625        0.1638    0.0131 -160.8039
    0.0901    0.3486    0.2998    0.1672    0.0450    0.1033    0.0001    0.4694    0.2615        0.1768    0.0094 -162.8118
    0.0874    0.3428    0.2754    0.1554    0.0437    0.0958    0.0001    0.3785    0.2624        0.1538    0.0118 -173.3142
    0.0854    0.3427    0.2487    0.1501    0.0427    0.0957    0.0001    0.3597    0.2449        0.1453    0.0131 -173.4490
    0.0982    0.3123    0.2484    0.0988    0.0491    0.0567    0.0001    0.3203    0.2549        0.0651    0.0049 -211.9724
    0.0920    0.3196    0.1934    0.1167    0.0460    0.0553    0.0001    0.3203    0.2435        0.0297   -0.0186 -218.3516
    0.0839    0.3418    0.2619    0.1403    0.0419    0.0946    0.0001    0.4348    0.2684        0.1372    0.0125 -244.5951
    0.0812    0.3468    0.2699    0.1528    0.0406    0.0979    0.0001    0.4263    0.2642        0.0754    0.0131 -253.9708
    0.0892    0.3317    0.2517    0.1467    0.0446    0.0696    0.0001    0.3983    0.1929        0.0661    0.0105 -156.8449
    0.0931    0.3318    0.3000    0.1578    0.0465    0.0694    0.0001    0.4204    0.2046        0.1019    0.0133 -158.0887
    0.0850    0.3439    0.2014    0.1325    0.0425    0.0931    0.0001    0.2987    0.1829        0.0950    0.0126 -156.0486
    0.0840    0.3485    0.2318    0.1602    0.0420    0.1018    0.0001    0.3845    0.2553        0.0735    0.0214 -163.9714
    0.0854    0.3422    0.2338    0.1400    0.0427    0.0961    0.0001    0.3773    0.2022        0.0397    0.0074 -166.5646
    0.0909    0.3410    0.2791    0.1609    0.0455    0.0884    0.0001    0.4112    0.2962        0.0642    0.0084 -172.0202
    0.0847    0.3496    0.2647    0.1562    0.0424    0.1023    0.0001    0.4095    0.2446        0.0998    0.0206 -197.1564
    0.0846    0.3498    0.2879    0.1597    0.0423    0.1022    0.0001    0.4114    0.2264        0.1100    0.0211 -198.2077
    0.0851    0.3367    0.1809    0.1289    0.0425    0.0810    0.0001    0.3877    0.2296        0.1219    0.0162 -245.6621
    0.0844    0.3364    0.1687    0.1269    0.0422    0.0805    0.0001    0.3848    0.2061        0.1211    0.0316 -246.2926
    0.0801    0.3414    0.1467    0.1201    0.0400    0.1009    0.0001    0.3130    0.1757        0.1200    0.0123 -199.3775
    0.0844    0.3420    0.2024    0.1390    0.0422    0.1010    0.0001    0.3952    0.2240        0.1054    0.0428 -203.8207
    0.0816    0.3431    0.1709    0.1257    0.0408    0.0961    0.0001    0.3088    0.1980        0.0680    0.0128 -162.6487
    0.0833    0.3433    0.1977    0.1311    0.0417    0.0965    0.0001    0.3436    0.2118        0.0738    0.0122 -163.0936
    0.0910    0.3372    0.2794    0.1478    0.0455    0.0789    0.0001    0.3593    0.2722        0.1108    0.0108 -199.4323
    0.0897    0.3367    0.2502    0.1408    0.0449    0.0797    0.0001    0.3574    0.2696        0.1187   -0.0213 -200.5702
    0.0844    0.3393    0.1752    0.1296    0.0422    0.0915    0.0001    0.3847    0.2647        0.0453    0.0146 -225.8501
    0.0824    0.3413    0.1602    0.1280    0.0412    0.0962    0.0001    0.3704    0.2618        0.0382    0.0113 -226.5491
    0.0820    0.3491    0.2958    0.1559    0.0410    0.1031    0.0001    0.4416    0.2442        0.1586    0.0105 -300.5166
    0.0803    0.3492    0.2881    0.1509    0.0401    0.1029    0.0001    0.4677    0.2824        0.1155    0.0105 -302.9627
    0.0836    0.3354    0.1264    0.1197    0.0418    0.0834    0.0001    0.3433    0.1365        0.0605    0.0147 -171.0661
    0.0831    0.3397    0.1528    0.1302    0.0415    0.0895    0.0001    0.3872    0.1554        0.0543    0.0295 -173.4692
    0.0845    0.3459    0.2807    0.1560    0.0422    0.0960    0.0001    0.4003    0.2724        0.0782    0.0170 -245.1210
    0.0841    0.3459    0.2693    0.1556    0.0421    0.0961    0.0001    0.4394    0.2940        0.1122    0.0154 -247.1518
    0.0849    0.3436    0.2781    0.1657    0.0425    0.0999    0.0001    0.3982    0.3094        0.1060    0.0122 -224.7912
    0.0864    0.3436    0.2781    0.1691    0.0432    0.0998    0.0001    0.4437    0.2934        0.1102    0.0128 -226.1011
    0.0881    0.3304    0.1421    0.1082    0.0441    0.0896    0.0001    0.3226    0.2082        0.1033    0.0100 -141.9512
    0.0907    0.3427    0.2319    0.1563    0.0453    0.0993    0.0001    0.4237    0.2933        0.0454    0.0044 -154.7139
    0.0858    0.3420    0.2619    0.1441    0.0429    0.0968    0.0001    0.4437    0.2407        0.1005    0.0133 -231.1182
    0.0835    0.3419    0.2287    0.1383    0.0418    0.0968    0.0001    0.4101    0.2249        0.0877    0.0141 -231.3673
    0.0838    0.3478    0.2932    0.1611    0.0419    0.1001    0.0001    0.4142    0.2386        0.1036    0.0109 -223.0425
    0.0801    0.3474    0.2328    0.1509    0.0400    0.0995    0.0001    0.4032    0.2517        0.0730    0.0123 -225.1429
    0.0830    0.3491    0.2753    0.1528    0.0415    0.1036    0.0001    0.4572    0.1842        0.1126    0.0095 -172.9172
    0.0787    0.3491    0.1938    0.1440    0.0394    0.1036    0.0001    0.3681    0.2078        0.0804    0.0113 -177.0147
    0.0880    0.3428    0.2999    0.1614    0.0440    0.0959    0.0001    0.4285    0.2361        0.1447    0.0078 -169.1404
    0.0880    0.3420    0.2983    0.1690    0.0440    0.0924    0.0001    0.3951    0.2798        0.0927    0.0088 -172.8497
    0.0830    0.3491    0.2996    0.1599    0.0415    0.1035    0.0001    0.3483    0.3699        0.1049    0.0124 -222.8064
    0.0829    0.3491    0.2792    0.1602    0.0414    0.1036    0.0001    0.4164    0.2737        0.0955    0.0148 -228.9015
    0.0798    0.3524    0.2839    0.1525    0.0399    0.1132    0.0001    0.3458    0.2504        0.1272    0.0136 -186.8158
    0.0767    0.3524    0.2085    0.1459    0.0383    0.1132    0.0001    0.4038    0.2586        0.1037    0.0149 -192.8705
    0.0855    0.3472    0.2393    0.1588    0.0427    0.0981    0.0001    0.4519    0.2589        0.1107    0.0091 -246.5017
    0.0819    0.3468    0.1877    0.1465    0.0409    0.0970    0.0001    0.4098    0.2672        0.1246    0.0121 -248.9694
    0.0841    0.3464    0.2585    0.1563    0.0421    0.0975    0.0001    0.4361    0.2986        0.0793    0.0110 -226.0495
    0.0799    0.3464    0.1942    0.1461    0.0399    0.0975    0.0001    0.3902    0.2425        0.0995    0.0181 -228.5027
    0.0803    0.3486    0.3000    0.1397    0.0402    0.1035    0.0001    0.4144    0.2511        0.0318    0.0074 -237.9139
    0.0824    0.3489    0.2983    0.1510    0.0412    0.1035    0.0001    0.4373    0.2604        0.0574    0.0119 -239.7195
    0.0789    0.3487    0.2272    0.1448    0.0395    0.1029    0.0001    0.3268    0.1647        0.0795    0.0114 -216.7612
    0.0804    0.3487    0.2578    0.1480    0.0402    0.1030    0.0001    0.4084    0.2285        0.1004    0.0086 -220.7329
    0.0890    0.3420    0.2717    0.1651    0.0445    0.0832    0.0001    0.4279    0.3236        0.0918    0.0157 -209.1613
    0.0842    0.3412    0.1965    0.1469    0.0421    0.0820    0.0001    0.3815    0.2624        0.0848    0.0215 -211.2743
    0.0814    0.3501    0.2486    0.1575    0.0407    0.0996    0.0001    0.3967    0.2955        0.1577    0.0095 -261.3758
    0.0821    0.3501    0.2524    0.1594    0.0411    0.0996    0.0001    0.4513    0.2481        0.1540    0.0108 -263.9914
    0.0933    0.3357    0.2479    0.1405    0.0467    0.0801    0.0001    0.3783    0.2354        0.1084    0.0015 -167.4656
    0.0934    0.3365    0.2823    0.1516    0.0467    0.0806    0.0001    0.4287    0.2547        0.0968    0.0014 -169.6481
    0.0826    0.3484    0.2368    0.1446    0.0413    0.1033    0.0001    0.4291    0.3365        0.1038    0.0132 -264.0862
    0.0807    0.3484    0.2080    0.1402    0.0404    0.1033    0.0001    0.3948    0.3091        0.0966    0.0159 -264.5096
    0.0817    0.3359    0.1513    0.1174    0.0409    0.0842    0.0001    0.3718    0.1723        0.1053    0.0117 -263.3469
    0.0791    0.3418    0.1515    0.1188    0.0395    0.0976    0.0001    0.3824    0.2036        0.0977    0.0006 -266.2779
    0.0839    0.3373    0.1822    0.1192    0.0419    0.0937    0.0001    0.3332    0.2119        0.1439    0.0119 -181.7537
    0.0844    0.3415    0.1825    0.1300    0.0422    0.0999    0.0001    0.3538    0.2467        0.1013    0.0115 -187.3566
    0.0768    0.3494    0.2318    0.1437    0.0384    0.1018    0.0001    0.3383    0.3289        0.0299    0.0118 -232.8660
    0.0763    0.3495    0.1809    0.1453    0.0381    0.1019    0.0001    0.3766    0.2464        0.0295    0.0149 -239.7393
    0.0804    0.3490    0.2504    0.1499    0.0402    0.1039    0.0001    0.4249    0.2773        0.1092    0.0150 -264.2106
    0.0770    0.3488    0.2251    0.1435    0.0385    0.1034    0.0001    0.4017    0.2642        0.0813    0.0216 -265.1731
    0.0718    0.3486    0.1898    0.1306    0.0359    0.1023    0.0001    0.3577    0.1970        0.1055    0.0115 -312.5623
    0.0718    0.3482    0.1793    0.1287    0.0359    0.1002    0.0001    0.3329    0.2409        0.1281    0.0198 -314.6696
    0.0720    0.3523    0.1333    0.1338    0.0360    0.1100    0.0001    0.3592    0.1851        0.0906    0.0122 -233.3510
    0.0853    0.3524    0.2708    0.1647    0.0426    0.1099    0.0001    0.5221    0.3116        0.0797    0.0345 -246.4156
    0.0874    0.3467    0.2893    0.1563    0.0437    0.0975    0.0001    0.4556    0.2185       -0.0161    0.0068 -159.9971
    0.0873    0.3471    0.2397    0.1638    0.0436    0.0975    0.0001    0.4676    0.2805       -0.0110    0.0065 -166.3251
    0.0876    0.3441    0.2449    0.1672    0.0438    0.0987    0.0001    0.3736    0.2369        0.1012    0.0128 -197.0470
    0.0814    0.3441    0.1778    0.1550    0.0407    0.0984    0.0001    0.3568    0.2290        0.1558    0.0146 -204.0088
    0.0875    0.3479    0.2987    0.1677    0.0438    0.0913    0.0001    0.3863    0.2628        0.1629    0.0111 -195.1956
    0.0853    0.3464    0.2485    0.1607    0.0427    0.0883    0.0001    0.4429    0.2966        0.0774    0.0119 -203.9172
    0.0831    0.3487    0.2631    0.1555    0.0416    0.1029    0.0001    0.3298    0.2579        0.1162    0.0138 -252.8457
    0.0789    0.3487    0.1942    0.1473    0.0394    0.1029    0.0001    0.4376    0.2439        0.1006    0.0074 -264.1127
    0.0849    0.3490    0.2934    0.1552    0.0425    0.1028    0.0001    0.4028    0.2722        0.1106    0.0111 -237.4369
    0.0783    0.3488    0.1868    0.1374    0.0391    0.1028    0.0001    0.3514    0.2514        0.1162    0.0064 -240.6686
    0.0844    0.3416    0.2201    0.1350    0.0422    0.0866    0.0001    0.2703    0.1379        0.1127    0.0095 -152.4926
    0.0878    0.3420    0.2371    0.1433    0.0439    0.0963    0.0001    0.3761    0.2463        0.0942    0.0171 -164.1278
    0.0878    0.3506    0.2909    0.1628    0.0439    0.1095    0.0001    0.4596    0.3174        0.0846    0.0125 -144.5872
    0.0874    0.3499    0.2800    0.1672    0.0437    0.1064    0.0001    0.4832    0.2661        0.0827    0.0131 -151.9481
    0.0857    0.3440    0.2839    0.1671    0.0428    0.1002    0.0001    0.4201    0.3054        0.1051    0.0126 -208.6750
    0.0867    0.3439    0.2782    0.1686    0.0433    0.1001    0.0001    0.4582    0.2905        0.1059    0.0134 -209.5622
    0.0823    0.3451    0.2732    0.1401    0.0412    0.0940    0.0001    0.4103    0.2586        0.1339    0.0109 -288.0515
    0.0822    0.3428    0.2497    0.1311    0.0411    0.0913    0.0001    0.3853    0.2858        0.1272    0.0272 -289.6125
    0.0863    0.3408    0.2666    0.1416    0.0431    0.0852    0.0001    0.4221    0.2922        0.1012    0.0108 -263.8381
    0.0832    0.3404    0.2230    0.1314    0.0416    0.0853    0.0001    0.3757    0.2632        0.0866    0.0123 -264.3033
    0.0814    0.3454    0.2154    0.1323    0.0407    0.0960    0.0001    0.3498    0.1907        0.1439    0.0124 -231.3835
    0.0807    0.3499    0.2500    0.1512    0.0403    0.1026    0.0001    0.4289    0.2123        0.1128    0.0133 -236.9921
    0.0842    0.3390    0.2185    0.1323    0.0421    0.0872    0.0001    0.3900    0.2461        0.1249    0.0098 -246.8895
    0.0808    0.3385    0.1755    0.1219    0.0404    0.0873    0.0001    0.3331    0.2227        0.0849    0.0411 -249.7703
    0.0821    0.3475    0.2661    0.1541    0.0410    0.0909    0.0001    0.3485    0.2988        0.1585    0.0079 -180.3057
    0.0827    0.3478    0.2478    0.1617    0.0413    0.0907    0.0001    0.4036    0.2527        0.0821    0.0092 -187.8167
    0.0861    0.3401    0.2573    0.1463    0.0431    0.0839    0.0001    0.4115    0.2637        0.1760    0.0018 -246.2272
    0.0850    0.3360    0.2170    0.1365    0.0425    0.0788    0.0001    0.3633    0.2566        0.1500    0.0017 -248.8697
    0.0793    0.3373    0.1869    0.1408    0.0397    0.0808    0.0001    0.2997    0.2139        0.0799    0.0109 -202.5740
    0.0821    0.3376    0.2266    0.1541    0.0411    0.0811    0.0001    0.3483    0.2481        0.0675    0.0093 -203.8079
    0.0852    0.3457    0.3000    0.1523    0.0426    0.0964    0.0001    0.4010    0.2659        0.1261    0.0089 -234.2574
    0.0810    0.3427    0.1986    0.1347    0.0405    0.1003    0.0001    0.3798    0.2393        0.0977    0.0140 -236.9896
    0.0865    0.3492    0.2999    0.1606    0.0432    0.1010    0.0001    0.4760    0.3221        0.1206    0.0091 -206.5288
    0.0841    0.3486    0.2539    0.1547    0.0421    0.1010    0.0001    0.4261    0.3005        0.1088    0.0059 -207.3836
    0.0810    0.3467    0.2014    0.1336    0.0405    0.1003    0.0001    0.4111    0.2271        0.0889    0.0067 -240.2278
    0.0841    0.3469    0.2463    0.1428    0.0421    0.1004    0.0001    0.4263    0.2732        0.1084    0.0062 -241.3624
    0.0842    0.3399    0.2365    0.1411    0.0421    0.0849    0.0001    0.4584    0.2669        0.1144    0.0046 -276.1597
    0.0808    0.3390    0.1886    0.1306    0.0404    0.0864    0.0001    0.3884    0.2572        0.0802    0.0052 -278.5780
    0.0820    0.3457    0.2484    0.1472    0.0410    0.0959    0.0001    0.4147    0.3034        0.0956    0.0127 -291.2338
    0.0801    0.3450    0.2070    0.1362    0.0400    0.0951    0.0001    0.3855    0.2913        0.1235    0.0324 -293.0231
    0.0802    0.3490    0.2630    0.1537    0.0401    0.1037    0.0001    0.3771    0.2266        0.1137    0.0123 -233.5830
    0.0789    0.3438    0.2460    0.1550    0.0395    0.1003    0.0001    0.3900    0.2631        0.1167    0.0126 -231.5600
    0.0862    0.3401    0.2166    0.1275    0.0431    0.0909    0.0001    0.3913    0.2783        0.0793    0.0048 -199.2939
    0.0908    0.3432    0.2763    0.1473    0.0454    0.0959    0.0001    0.4396    0.3172        0.1061    0.0039 -201.6195
    0.0924    0.3381    0.2878    0.1395    0.0462    0.0904    0.0001    0.4287    0.2979        0.1852    0.0117 -248.2283
    0.0847    0.3380    0.1909    0.1228    0.0424    0.0899    0.0001    0.3590    0.2593        0.1227   -0.0030 -251.3981
    0.0734    0.3384    0.0792    0.1083    0.0367    0.0880    0.0001    0.2839    0.1472        0.0755    0.0124 -285.8076
    0.0744    0.3402    0.0809    0.1120    0.0372    0.0917    0.0001    0.3335    0.1739        0.0910    0.0151 -289.1834
    0.0778    0.3486    0.2149    0.1438    0.0389    0.1028    0.0001    0.3996    0.2859        0.0750    0.0138 -226.7535
    0.0806    0.3487    0.2336    0.1529    0.0403    0.1025    0.0001    0.3849    0.2809        0.0724    0.0115 -228.7209
    0.0875    0.3485    0.2948    0.1538    0.0437    0.1030    0.0001    0.4003    0.2904        0.0989    0.0159 -208.6253
    0.0796    0.3485    0.1768    0.1410    0.0398    0.1024    0.0001    0.3772    0.2365        0.0767    0.0114 -213.6386
    0.0866    0.3427    0.2397    0.1435    0.0433    0.0981    0.0001    0.4120    0.2953        0.0857    0.0144 -210.4332
    0.0840    0.3487    0.2479    0.1588    0.0420    0.1029    0.0001    0.4457    0.3077        0.0834    0.0141 -218.9215
    0.0858    0.3428    0.2690    0.1432    0.0429    0.0998    0.0001    0.4196    0.2588        0.1508    0.0094 -259.1436
    0.0787    0.3428    0.1812    0.1287    0.0394    0.0992    0.0001    0.4018    0.2230        0.0656    0.0120 -265.5384
    0.0877    0.3415    0.2750    0.1596    0.0439    0.0879    0.0001    0.4051    0.2916        0.0359    0.0063 -192.4151
    0.0912    0.3417    0.2994    0.1713    0.0456    0.0878    0.0001    0.4415    0.3331        0.0558    0.0424 -194.5797
    0.0909    0.3436    0.2998    0.1523    0.0454    0.0930    0.0001    0.3790    0.2872        0.1148    0.0176 -212.9113
    0.0833    0.3499    0.2502    0.1588    0.0417    0.1022    0.0001    0.3957    0.3170        0.1500    0.0153 -224.4770
    0.0794    0.3438    0.2618    0.1556    0.0397    0.1005    0.0001    0.4076    0.2528        0.0549    0.0131 -289.8786
    0.0762    0.3438    0.1967    0.1476    0.0381    0.1002    0.0001    0.3515    0.2541        0.0665    0.0002 -293.3315
    0.0925    0.3401    0.2938    0.1557    0.0462    0.0861    0.0001    0.3907    0.2385        0.1587    0.0147 -175.9600
    0.0848    0.3395    0.1862    0.1338    0.0424    0.0861    0.0001    0.3309    0.2113        0.1152    0.0179 -178.8728
    0.0823    0.3430    0.1994    0.1302    0.0412    0.0906    0.0001    0.3257    0.1750        0.1099    0.0092 -173.3618
    0.0811    0.3458    0.2271    0.1465    0.0405    0.0939    0.0001    0.3591    0.2007        0.0778    0.0092 -177.5202
    0.0848    0.3436    0.2276    0.1279    0.0424    0.0959    0.0001    0.3790    0.2100        0.0924    0.0151 -212.3814
    0.0871    0.3441    0.2522    0.1380    0.0436    0.0951    0.0001    0.4159    0.2444        0.1191    0.0141 -213.4568
    0.0902    0.3431    0.2991    0.1650    0.0451    0.0992    0.0001    0.4341    0.3130        0.0979    0.0119 -187.3133
    0.0886    0.3434    0.2854    0.1662    0.0443    0.0996    0.0001    0.4645    0.2545        0.1386    0.0111 -190.7155
    0.0772    0.3498    0.1983    0.1454    0.0386    0.1052    0.0001    0.3403    0.3053        0.1599    0.0091 -225.9879
    0.0788    0.3488    0.1931    0.1449    0.0394    0.1039    0.0001    0.3916    0.2891        0.1033    0.0086 -229.3585
    0.0891    0.3415    0.2309    0.1423    0.0445    0.0977    0.0001    0.3807    0.2633        0.0914    0.0042 -192.9502
    0.0889    0.3420    0.2350    0.1449    0.0444    0.0956    0.0001    0.3879    0.2809        0.1373    0.0039 -194.7182
    0.0819    0.3401    0.2487    0.1339    0.0410    0.0902    0.0001    0.4225    0.2889        0.0974    0.0117 -277.9094
    0.0769    0.3400    0.1551    0.1218    0.0384    0.0902    0.0001    0.3558    0.2324        0.0636    0.0170 -280.8844
    0.0866    0.3377    0.2780    0.1261    0.0433    0.0866    0.0001    0.3498    0.2622        0.0965    0.0092 -250.9216
    0.0803    0.3385    0.1741    0.1157    0.0402    0.0879    0.0001    0.3083    0.2226        0.0889    0.0337 -255.1330
    0.0861    0.3488    0.2953    0.1637    0.0430    0.1028    0.0001    0.4387    0.3277        0.0673    0.0190 -234.6963
    0.0831    0.3488    0.2256    0.1582    0.0416    0.1028    0.0001    0.4448    0.2836        0.0664    0.0215 -237.5176
    0.0845    0.3395    0.2285    0.1364    0.0422    0.0851    0.0001    0.3634    0.2225        0.1059    0.0057 -233.4184
    0.0824    0.3394    0.2062    0.1304    0.0412    0.0854    0.0001    0.3303    0.2389        0.0999    0.0057 -234.3674
    0.0854    0.3492    0.3000    0.1574    0.0427    0.1047    0.0001    0.4115    0.3082        0.1413    0.0181 -251.3768
    0.0825    0.3492    0.2623    0.1530    0.0413    0.1047    0.0001    0.4892    0.2471        0.1379    0.0229 -256.6658
    0.0908    0.3362    0.2895    0.1472    0.0454    0.0798    0.0001    0.3866    0.2129        0.1101    0.0084 -220.1211
    0.0864    0.3368    0.2432    0.1415    0.0432    0.0817    0.0001    0.4245    0.2677        0.0701    0.0202 -227.1484
    0.0833    0.3489    0.2733    0.1576    0.0417    0.1034    0.0001    0.4671    0.2205        0.1439    0.0135 -241.3828
    0.0785    0.3489    0.2032    0.1460    0.0392    0.1034    0.0001    0.3965    0.2646        0.1101    0.0175 -246.1121
    0.0866    0.3366    0.2128    0.1348    0.0433    0.0811    0.0001    0.3787    0.2495        0.1233    0.0046 -223.2318
    0.0889    0.3362    0.2336    0.1410    0.0445    0.0789    0.0001    0.4105    0.2586        0.1240    0.0039 -223.7393
    0.0854    0.3417    0.2725    0.1435    0.0427    0.0974    0.0001    0.3762    0.2460        0.0708    0.0099 -212.7341
    0.0780    0.3415    0.1501    0.1204    0.0390    0.0968    0.0001    0.3251    0.2080        0.0654    0.0488 -217.6025
    0.0849    0.3392    0.2375    0.1303    0.0424    0.0931    0.0001    0.4125    0.2429        0.0939    0.0070 -206.4382
    0.0855    0.3392    0.2451    0.1334    0.0427    0.0920    0.0001    0.4112    0.2214        0.0654    0.0079 -207.6171
    0.0819    0.3523    0.2879    0.1558    0.0409    0.1101    0.0001    0.3914    0.3374        0.0693    0.0109 -295.7114
    0.0768    0.3523    0.2052    0.1453    0.0384    0.1100    0.0001    0.4409    0.2931        0.0526    0.0104 -302.9438
    0.0868    0.3491    0.2956    0.1634    0.0434    0.1031    0.0001    0.3882    0.2302        0.1401    0.0114 -190.4910
    0.0848    0.3492    0.2413    0.1606    0.0424    0.1031    0.0001    0.4305    0.2596        0.1117    0.0169 -195.1254
    0.0808    0.3490    0.2669    0.1524    0.0404    0.1033    0.0001    0.4162    0.2882        0.0996    0.0099 -256.5847
    0.0815    0.3490    0.2409    0.1539    0.0407    0.1033    0.0001    0.4614    0.2776        0.0783    0.0100 -258.9311
    0.0893    0.3482    0.2606    0.1611    0.0447    0.1019    0.0001    0.4732    0.3377        0.1077    0.0117 -216.2660
    0.0863    0.3486    0.2504    0.1656    0.0431    0.1022    0.0001    0.4732    0.3098        0.1028    0.0123 -219.3141
    0.0815    0.3458    0.1915    0.1252    0.0408    0.0993    0.0001    0.4471    0.2191        0.0644    0.0050 -217.1691
    0.0867    0.3470    0.2607    0.1555    0.0433    0.0992    0.0001    0.4932    0.2525        0.1012    0.0028 -221.4048
    0.0895    0.3358    0.2265    0.1242    0.0447    0.0911    0.0001    0.3102    0.2640        0.0899    0.0108 -182.5083
    0.0869    0.3484    0.2704    0.1627    0.0435    0.1014    0.0001    0.3810    0.3141        0.0994    0.0018 -191.6016
    0.0833    0.3501    0.2681    0.1629    0.0417    0.0997    0.0001    0.4252    0.2398        0.1299    0.0108 -242.8906
    0.0827    0.3500    0.2520    0.1608    0.0414    0.1005    0.0001    0.4314    0.2593        0.1365    0.0111 -242.1899
    0.0781    0.3501    0.2614    0.1515    0.0390    0.1015    0.0001    0.3903    0.2127        0.1290    0.0124 -280.3300
    0.0794    0.3500    0.2649    0.1532    0.0397    0.1013    0.0001    0.4679    0.2181        0.1320    0.0107 -282.6818
    0.0797    0.3520    0.2820    0.1417    0.0398    0.1104    0.0001    0.4228    0.2423        0.1080    0.0108 -246.1193
    0.0778    0.3521    0.2094    0.1393    0.0389    0.1102    0.0001    0.3920    0.2745        0.0723    0.0129 -250.9111
    0.0813    0.3410    0.1681    0.1220    0.0407    0.0991    0.0001    0.3917    0.2076        0.1209    0.0136 -264.2994
    0.0823    0.3410    0.1968    0.1251    0.0411    0.0990    0.0001    0.4092    0.2255        0.0799    0.0302 -267.1759
    0.0851    0.3487    0.2786    0.1619    0.0426    0.1021    0.0001    0.4003    0.2915        0.0999    0.0130 -195.0410
    0.0855    0.3487    0.2711    0.1642    0.0428    0.1020    0.0001    0.4194    0.2613        0.1026    0.0115 -195.9250
    0.0854    0.3450    0.2908    0.1420    0.0427    0.0937    0.0001    0.3919    0.2924        0.0819    0.0104 -210.1883
    0.0899    0.3433    0.3000    0.1806    0.0450    0.0963    0.0001    0.4488    0.3447        0.0610    0.0088 -213.7725
    0.0874    0.3484    0.2982    0.1540    0.0437    0.1036    0.0001    0.4451    0.3367        0.0720    0.0171 -235.1882
    0.0787    0.3479    0.1744    0.1280    0.0394    0.1035    0.0001    0.3518    0.2571        0.0824    0.0255 -239.4172
    0.0869    0.3436    0.2642    0.1538    0.0435    0.0977    0.0001    0.4286    0.2758        0.0972    0.0104 -209.9414
    0.0833    0.3476    0.2284    0.1503    0.0416    0.1002    0.0001    0.4041    0.2938        0.1004    0.0124 -214.7373
    0.0926    0.3164    0.1529    0.1012    0.0463    0.0578    0.0001    0.3031    0.2112        0.0613    0.0158 -197.9660
    0.0905    0.3404    0.2542    0.1527    0.0452    0.0895    0.0001    0.4279    0.3097        0.0704    0.0210 -206.1518
    0.0887    0.3343    0.2276    0.1203    0.0444    0.0825    0.0001    0.3803    0.2207        0.1465    0.0124 -231.9281
    0.0876    0.3340    0.2089    0.1186    0.0438    0.0798    0.0001    0.3552    0.2121        0.1397    0.0293 -232.5501
