    0.1100    0.3730    0.2848    0.2299    0.0550    0.2808    0.0001    0.4758    0.0563        0.2912   -0.0305   -2.1149
    0.0851    0.3833    0.0957    0.1764    0.0426    0.2500    0.0001    0.6156    0.0693        0.4168   -0.0253   -4.0755
    0.1306    0.3643    0.2997    0.2740    0.0653    0.0383    0.0001   -0.3378    1.4734        0.8141   -0.0151   -2.8867
    0.1511    0.3822    0.3000    0.3179    0.0755    0.0384    0.0001   -0.3457    1.4210        1.0478   -0.0150   -3.4135
    0.0651    0.3408    0.2973    0.1337    0.0325    0.1112    0.0001   -0.9770    0.7889        0.0858    0.0263   -6.6359
    0.0652    0.3431    0.3000    0.1340    0.0326    0.1064    0.0001   -0.9842    0.7932        0.0852    0.0277   -7.6800
    0.1443    0.3177    0.2431    0.2917    0.0722    0.0382    0.0001   -0.3864   -0.3777        1.1838    0.1106    0.3643
    0.1893    0.3164    0.2028    0.4000    0.0947    0.0300    0.0001   -0.6439   -0.3659        0.9673    0.1154   -0.9911
    0.1008    0.3538    0.0185    0.2103    0.0504    0.0355    0.0001    1.4713    0.1438        0.5660    0.0399   -5.5396
    0.1101    0.3498    0.0182    0.2300    0.0550    0.0333    0.0001    1.5439    0.1406        0.5609    0.0403   -5.5609
    0.0846    0.4029    0.2955    0.0238    0.0423    0.0306    0.0001    2.7413    0.3558       -1.7354    0.0243   -7.8166
    0.0663    0.4094    0.1009    0.0267    0.0331    0.0300    0.0001    3.1132    0.1885       -3.1073    0.0270   -8.7634
    0.0653    0.3294    0.2566    0.1341    0.0326    0.0300    0.0001    1.5825    0.2754       -0.0074   -0.0016   -7.1036
    0.0651    0.3251    0.2073    0.1334    0.0325    0.0315    0.0001    1.8949    0.4424       -0.0067   -0.0020   -7.3102
    0.1461    0.2960    0.0152    0.1363    0.0730    0.0565    0.0001    0.4780    0.1150       -0.0521    0.0192    0.6521
    0.1444    0.3641    0.1487    0.3511    0.0722    0.0300    0.0001    5.0190    0.1243       -0.4091   -0.1034  -41.1091
    0.0654    0.3762    0.0549    0.0336    0.0327    0.0628    0.0001    4.7926    1.4102        0.6683    0.0493   -8.7634
    0.0776    0.3878    0.2995    0.0039    0.0388    0.0879    0.0001   23.9473   10.6138        0.8976   -0.2421  -44.6451
    0.0652    0.3734    0.2992    0.0008    0.0326    0.0321    0.0001   10.2980    1.9506        1.8041    0.0913  -11.2344
    0.0652    0.3741    0.2986    0.0047    0.0326    0.0304    0.0001    9.8767    1.5794        5.2570   -0.0222  -12.1990
    0.1739    0.3310    0.0233    0.1324    0.0869    0.1723    0.0001    0.7278    1.7819        0.4538    0.0285   -4.0460
    0.2394    0.3036    0.0375    0.0060    0.1197    0.0759    0.0001    1.0102    3.2684        0.4878   -0.0024   -8.2012
    0.0732    0.4927    0.2964    0.0002    0.0366    0.2321    0.0001  -10.0550    3.6130        1.1203   -0.2536   -7.6773
    0.0652    0.4949    0.2909    0.0002    0.0326    0.2223    0.0001   -9.5411    9.0997        2.2678    0.9519  -10.9226
    0.0655    0.3826    0.1290    0.1346    0.0327    0.0558    0.0001    1.2705    0.1212        0.0617    0.0126   -4.4244
    0.0677    0.3932    0.2967    0.1393    0.0339    0.0300    0.0001    2.9989   -0.1771        0.1652    0.0302   -6.4297
    0.0653    0.3758    0.1852    0.1316    0.0326    0.0957    0.0001    0.6459    0.1187        0.0763    0.0076   -5.8833
    0.0651    0.3711    0.2627    0.1336    0.0326    0.1040    0.0001    0.5784    0.0800        0.0652    0.0070   -6.3077
    0.0650    0.4002    0.0100    0.1130    0.0325    0.0300    0.0001    0.8358    0.8126       -0.0092    0.0174   -6.1449
    0.0650    0.3891    0.0105    0.1334    0.0325    0.0302    0.0001    0.8321    0.8121       -0.0096    0.0156   -7.6717
    0.0705    0.4401    0.0968    0.0004    0.0353    0.2974    0.0001    2.1694   -2.7678       -3.3184    0.1137   -5.7188
    0.0763    0.4461    0.3000    0.0002    0.0382    0.2979    0.0001    3.4933  -10.1679       -9.7740   -0.5978  -10.8801
    0.2163    0.3720    0.0310    0.4692    0.1082    0.0302    0.0001   -0.8683   -1.0450       -0.5038   -0.0244   -3.0517
    0.2199    0.3660    0.0310    0.4766    0.1099    0.0303    0.0001   -0.8725   -1.0079       -0.4844   -0.0255   -3.1140
    0.0680    0.3924    0.2797    0.1399    0.0340    0.1842    0.0001   -0.4065    0.2149        0.1121    0.0207   -5.4794
    0.0650    0.3945    0.2520    0.1335    0.0325    0.1922    0.0001   -0.4838    0.2118        0.0984    0.0155   -5.6600
    0.1064    0.2988    0.0102    0.0779    0.0532    0.0370    0.0001    0.1114    0.3076       -0.0477    0.0123   -1.3571
    0.1334    0.3350    0.0524    0.2803    0.0667    0.0313    0.0001    0.2530    1.5836       -0.5272   -0.2379   -5.1690
    0.0717    0.3847    0.2856    0.0008    0.0359    0.0435    0.0001   -1.0327    1.5535        1.2903    0.1360  -10.1798
    0.0669    0.3852    0.1236    0.0037    0.0334    0.0300    0.0001   -2.0066    1.9958        1.1468    1.0382  -13.3049
    0.0824    0.3747    0.1889    0.1715    0.0412    0.0489    0.0001    0.5260    0.6221        0.0947   -0.0197   -2.4954
    0.1001    0.3669    0.1623    0.2088    0.0500    0.0662    0.0001    0.5409    0.6125        0.0677   -0.0161   -2.7917
    0.0650    0.3134    0.0252    0.0510    0.0325    0.0702    0.0001    0.7370    0.4014        0.4249    0.0092   -6.4933
    0.0898    0.3281    0.0598    0.1865    0.0449    0.1001    0.0001    1.3943    0.5878        1.7037   -0.0412   -8.2717
    0.1881    0.2427    0.0186    0.0310    0.0940    0.0552    0.0001    0.5690    0.2895       -0.1154    0.0017   -0.7797
    0.2398    0.3848    0.1335    0.1479    0.1199    0.1049    0.0001    4.5066    4.0561       -0.2619   -0.0387  -59.9954
    0.0728    0.3503    0.0279    0.0311    0.0364    0.1826    0.0001    0.4508    0.4087        0.2404    0.0044   -3.3374
    0.2398    0.3465    0.1728    0.0740    0.1199    0.0358    0.0001    1.9216    1.2842        5.9197    0.0105  -52.8835
    0.1359    0.4400    0.2787    0.0002    0.0679    0.1902    0.0001    6.0991    7.7387       -0.4405   -0.2041   -4.3894
    0.1349    0.4351    0.2763    0.0002    0.0675    0.1884    0.0001    6.0116    7.7617       -0.4390   -0.2023  -17.9993
    0.0660    0.3958    0.1050    0.1356    0.0330    0.0300    0.0001   -0.6044   -0.0400        0.0364    0.0292   -4.9967
    0.0664    0.3978    0.1040    0.1351    0.0332    0.0300    0.0001   -0.6312   -0.0405        0.0360    0.0285   -5.0692
    0.0650    0.3059    0.0100    0.0119    0.0325    0.0300    0.0001   -0.8292    0.8203        0.1630   -0.0347   -9.5808
    0.0650    0.3389    0.1457    0.0157    0.0325    0.0301    0.0001   -9.5724   12.4857        0.4566    0.0756  -15.5552
    0.0763    0.2884    0.0135    0.1171    0.0382    0.0304    0.0001    0.4190    0.2075        0.1811    0.0088   -4.2199
    0.0709    0.3095    0.0174    0.1453    0.0354    0.0301    0.0001    0.5289    0.1433        0.2900    0.0110   -5.7988
    0.0735    0.3479    0.1301    0.3285    0.0368    0.0308    0.0001   -5.2815   -0.9206       -1.2908   -0.0910  -27.8809
    0.0734    0.3425    0.1284    0.3607    0.0367    0.0304    0.0001   -5.2720   -0.9186       -1.2897   -0.0908  -33.6636
    0.1108    0.3648    0.1838    0.0002    0.0554    0.0877    0.0001   -6.3068    7.3970        2.5771    0.1438  -12.0243
    0.1154    0.3642    0.1840    0.0002    0.0577    0.0872    0.0001   -6.2295    7.4112        2.5658    0.1431  -12.2643
    0.0650    0.3936    0.1703    0.1336    0.0325    0.0660    0.0001    0.1238    0.2532        0.0858    0.0125   -6.1712
    0.0650    0.4010    0.2623    0.1008    0.0325    0.0690    0.0001   -9.4363   -9.4013       -3.3071   -0.0550  -23.7515
    0.0876    0.4146    0.0119    0.1803    0.0438    0.0326    0.0001    0.8920    0.4161        0.3541    0.0370   -8.0392
    0.0896    0.4071    0.0123    0.1863    0.0448    0.0300    0.0001    0.8935    0.3813        0.3374    0.0356   -9.2291
    0.0651    0.3768    0.1779    0.1560    0.0325    0.0300    0.0001   -0.0914    0.0093        0.0864    0.0254   -2.4655
    0.1433    0.3728    0.3000    0.3128    0.0716    0.0463    0.0001   -0.8701    0.0901       -0.6078   -0.4943   -4.0870
    0.0651    0.3331    0.2854    0.1338    0.0325    0.0848    0.0001    0.5427    0.2227        0.1312    0.0071   -5.7588
    0.0659    0.3349    0.2209    0.1353    0.0329    0.0780    0.0001    0.5339    0.4774       -0.0226    0.0101   -6.6291
    0.0650    0.3497    0.2798    0.0157    0.0325    0.0300    0.0001    1.2900    4.0634        1.8041    0.0911  -10.8865
    0.0734    0.3581    0.2952    0.0002    0.0367    0.0510    0.0001    4.3194    4.8820        9.4199   -1.7963  -12.9291
    0.1164    0.3583    0.0784    0.0339    0.0582    0.0501    0.0001   -5.9253   -2.4717       -2.5128    0.0361   -9.5381
    0.1164    0.3577    0.0784    0.0339    0.0582    0.0500    0.0001   -6.1587   -2.4787       -2.5146    0.0361  -10.0914
    0.0675    0.3436    0.3000    0.1385    0.0338    0.1370    0.0001    0.7976   -0.0463        0.0817    0.0059   -6.2568
    0.0672    0.3436    0.2996    0.1382    0.0336    0.1370    0.0001    0.8087   -0.0464        0.0819    0.0059   -6.3070
    0.0652    0.3679    0.2967    0.1307    0.0326    0.0328    0.0001    0.2666    0.1040        0.1422    0.0137   -4.8071
    0.0650    0.3677    0.0100    0.1336    0.0325    0.0332    0.0001    0.3127    0.8100        0.2195    0.0548   -6.4888
    0.0677    0.3997    0.1924    0.0002    0.0338    0.0302    0.0001   -0.4600   -3.1752       -0.3419   -0.0526   -7.5479
    0.0700    0.3958    0.0212    0.0036    0.0350    0.0314    0.0001   -0.6116   -1.7838       -0.3466   -0.6258  -10.0764
    0.1583    0.2846    0.0328    0.1281    0.0791    0.0971    0.0001    0.2634    1.0786       -0.8472    0.0399   -3.9467
    0.2389    0.3203    0.1045    0.0180    0.1194    0.0900    0.0001    0.9752    3.2751       -3.3186   -0.0248   -7.1901
    0.2387    0.3264    0.2443    0.0095    0.1193    0.0970    0.0001   -4.9384    0.7406       -0.1115    0.0368  -27.7391
    0.2387    0.3266    0.2443    0.0095    0.1193    0.0970    0.0001   -5.0715    0.7183       -0.1115    0.0368  -30.2985
    0.0657    0.3642    0.2975    0.1351    0.0328    0.0300    0.0001    0.5789   -0.0713       -0.0115    0.0077   -6.3723
    0.0650    0.3602    0.2878    0.1334    0.0325    0.0300    0.0001    0.5895   -0.0717       -0.0114    0.0080   -6.3669
    0.0651    0.3479    0.2967    0.1337    0.0325    0.0943    0.0001    0.3451    0.1621        0.0867    0.0185   -6.7089
    0.0650    0.3479    0.3000    0.1335    0.0325    0.0943    0.0001    0.3445    0.1574        0.0885    0.0182   -6.7203
    0.1179    0.4218    0.0204    0.2464    0.0590    0.2613    0.0001    0.5999    0.0933        0.3532    0.0113   -0.2432
    0.1191    0.4219    0.0212    0.2494    0.0596    0.2638    0.0001    0.6707    0.0948        0.3468    0.0120   -1.2739
    0.1388    0.3452    0.2937    0.4081    0.0694    0.0300    0.0001    0.7857   -0.1316       -0.3153   -0.0081   -1.1998
    0.2208    0.3436    0.3000    0.6540    0.1104    0.0348    0.0001    1.6118   -0.1012       -0.6581   -0.0111   -1.8280
    0.0650    0.4181    0.2375    0.1318    0.0325    0.0904    0.0001    0.2057    0.1974        0.0914    0.0081   -6.3004
    0.0650    0.4120    0.2307    0.1322    0.0325    0.0904    0.0001   -0.5012    0.5326        0.0364   -0.0045   -7.5122
    0.0651    0.3916    0.2391    0.1337    0.0325    0.0506    0.0001   -0.2465    0.1304        0.1032    0.0057   -4.2853
    0.0778    0.3882    0.2125    0.1616    0.0389    0.0854    0.0001   -1.1021    0.3568       -0.7247    0.0000   -6.0568
    0.1180    0.3753    0.2107    0.0246    0.0590    0.0640    0.0001    3.0122    3.6949       -1.6792    0.0169   -8.2944
    0.1302    0.3658    0.1913    0.0179    0.0651    0.0300    0.0001    2.6041    5.5698       -0.8376    0.0152  -10.7234
    0.0701    0.3837    0.2896    0.1445    0.0350    0.2010    0.0001    0.0046    0.1567        0.1423    0.0221   -3.3596
    0.0701    0.3837    0.2897    0.1446    0.0351    0.2010    0.0001    0.0046    0.1573        0.1422    0.0221   -3.3603
    0.0663    0.4324    0.2754    0.1322    0.0332    0.1980    0.0001    3.2697   -0.9549        0.8143   -0.0495   -6.2412
    0.0670    0.4326    0.2789    0.1375    0.0335    0.1974    0.0001    3.2375   -0.9414        0.8029   -0.0492   -7.1843
    0.0657    0.3970    0.2284    0.1318    0.0329    0.0368    0.0001   -0.2340    0.1003        0.0627    0.0013   -4.9933
    0.0650    0.3900    0.3000    0.1335    0.0325    0.0360    0.0001   -0.2074    0.1004        0.0621    0.0013   -5.8536
    0.1847    0.2492    0.0114    0.1368    0.0924    0.2666    0.0001    0.3504    0.9057       -0.0314    0.0172   -0.3239
    0.1849    0.3624    0.0439    0.0840    0.0924    0.0646    0.0001    0.6924    3.6831       -0.0669   -1.1408   -9.3390
    0.2396    0.2119    0.0100    0.0793    0.1198    0.1472    0.0001    0.6843    0.3500       -0.0998    0.0152   -1.0322
    0.1652    0.4134    0.0235    0.3481    0.0826    0.0354    0.0001    1.9972    0.6729       -0.2367   -0.0645   -4.5920
    0.0678    0.4256    0.0100    0.0010    0.0339    0.2647    0.0001    0.8055    0.8728       -0.1454   -0.0516   -5.0325
    0.0680    0.4267    0.1778    0.0002    0.0340    0.2246    0.0001   13.5767   10.5088       -3.4774   -0.8390  -10.8147
    0.2020    0.3409    0.0412    0.1366    0.1010    0.0684    0.0001    3.2299    3.5548       -1.1016    0.0554  -12.8245
    0.2030    0.3637    0.0406    0.1361    0.1015    0.0686    0.0001    3.1979    3.4849       -1.0970    0.0551  -20.4971
    0.0686    0.4537    0.2943    0.1377    0.0343    0.2840    0.0001   -3.9218    3.9848        1.0797    0.0884   -6.6565
    0.0650    0.4530    0.2999    0.1335    0.0325    0.2625    0.0001   -4.6183    4.4216        0.9468    0.0825   -6.2886
    0.0654    0.3682    0.2991    0.1343    0.0327    0.1295    0.0001    0.6002    0.4842        0.0248    0.0117   -6.8557
    0.0665    0.3682    0.2976    0.1367    0.0332    0.1295    0.0001    0.5982    0.4824        0.0249    0.0117   -6.8391
    0.0650    0.3270    0.0240    0.0061    0.0325    0.0604    0.0001    2.1417    0.6877       -0.3290   -0.0167   -7.6735
    0.0682    0.3567    0.2312    0.0319    0.0341    0.1182    0.0001   17.8691    6.8401       -2.3708    0.0103  -14.9587
    0.1170    0.4474    0.0166    0.0041    0.0585    0.0301    0.0001   -0.1273    1.3059        0.1001   -0.0097   -1.9195
    0.1943    0.4130    0.0186    0.1374    0.0972    0.0345    0.0001   -0.1636    1.4458       -0.2648    0.3145   -4.5168
    0.1085    0.3479    0.1781    0.2269    0.0543    0.0371    0.0001    0.0571   -0.2649        0.0359    0.0469   -0.0797
    0.1917    0.3423    0.2721    0.4050    0.0958    0.0539    0.0001    0.0673   -0.3405        0.0295    0.0892   -0.2962
    0.0681    0.4192    0.1673    0.0037    0.0340    0.0331    0.0001    0.9960    5.4750       -4.5240    0.4285  -12.3298
    0.0650    0.4200    0.2996    0.0051    0.0325    0.0314    0.0001    2.3121    9.9115       -9.6832    0.7341  -13.8890
    0.0994    0.3870    0.1828    0.2046    0.0497    0.1709    0.0001    0.3207    0.3766        0.0852    0.0126   -0.5711
    0.1619    0.4009    0.2994    0.3368    0.0809    0.0677    0.0001    0.4617    1.3374        0.1419   -0.0035   -1.8632
    0.0846    0.3209    0.2004    0.1761    0.0423    0.0446    0.0001   -1.1127    0.1838        0.1587    0.0129   -1.2223
    0.1099    0.3244    0.1582    0.2298    0.0550    0.0690    0.0001   -0.8379    0.1819        0.1734    0.0166   -3.0262
    0.1809    0.2939    0.0261    0.2109    0.0905    0.1776    0.0001    0.8111    0.1359       -0.0773    0.0107    0.4714
    0.1212    0.3974    0.0282    0.2541    0.0606    0.0300    0.0001    0.8691    0.1216       -0.0885    0.0121   -2.0932
    0.1464    0.3475    0.2957    0.0002    0.0732    0.0391    0.0001   -1.6731    0.0775       -4.0541    0.0961   -5.1361
    0.1663    0.3450    0.2722    0.0002    0.0832    0.0337    0.0001   -1.5549    0.0813       -4.5593    0.0841   -9.4045
    0.0769    0.3998    0.1362    0.1590    0.0385    0.1184    0.0001    0.1328    0.1973        0.1786    0.0065   -3.1548
    0.0837    0.4051    0.1170    0.1735    0.0418    0.1345    0.0001    0.1212    0.4341        0.2818    0.0025   -4.4108
    0.1253    0.3707    0.0718    0.0003    0.0626    0.0302    0.0001   -5.9515   -4.6652       -2.2976   -0.1859  -12.5417
    0.1065    0.3772    0.2068    0.0007    0.0532    0.0300    0.0001  -13.9479  -17.9891       -5.1881   -0.5284  -62.0431
    0.2229    0.3355    0.2992    0.0736    0.1115    0.3212    0.0001    5.8252    0.0237       -1.4016   -0.0377  -28.2751
    0.2223    0.3345    0.2983    0.0734    0.1111    0.3359    0.0001    5.8046    0.0237       -1.3967   -0.0376  -40.6921
    0.0655    0.3082    0.0196    0.1083    0.0328    0.0315    0.0001    0.5681    1.6365       -0.0732   -0.0361   -7.4258
    0.0970    0.3362    0.0971    0.0508    0.0485    0.0318    0.0001    0.9284    9.2800       -2.6525   -3.3764  -29.4298
    0.0722    0.3869    0.2664    0.1490    0.0361    0.1057    0.0001   -0.7947    0.1911        0.2302   -0.0251   -3.1961
    0.0845    0.3868    0.1792    0.1745    0.0423    0.1059    0.0001   -1.1566    0.1602        0.0187   -0.0025   -3.4856
    0.0650    0.3883    0.2905    0.1337    0.0325    0.1041    0.0001    0.0437    0.2933       -0.0367    0.0150   -5.6771
    0.0650    0.3879    0.3000    0.0977    0.0325    0.1075    0.0001    2.7331    4.4976       -4.2763    1.5611   -8.3440
    0.0821    0.3580    0.1993    0.0002    0.0411    0.1558    0.0001   -0.5897   -0.2697        0.0791   -0.0105   -3.0638
    0.0680    0.3835    0.2897    0.0022    0.0340    0.1497    0.0001   -9.5949   -0.3024       -1.5904    0.0450   -7.4735
    0.1014    0.3649    0.0777    0.0002    0.0507    0.2146    0.0001   -6.0701   -0.3155       -0.0802    0.1177   -3.2276
    0.1002    0.3499    0.2398    0.0002    0.0501    0.2796    0.0001  -20.7297   -0.3803       -0.0850   -0.0901  -41.8340
    0.0899    0.4207    0.2213    0.1868    0.0449    0.0800    0.0001    0.2484    0.2289       -0.0516    0.0116   -2.9760
    0.0902    0.4198    0.2095    0.1876    0.0451    0.0736    0.0001    0.3291    0.3449       -0.0455    0.0216   -3.0599
    0.0700    0.3417    0.3000    0.1444    0.0350    0.1335    0.0001    0.2451    0.1279        0.0881    0.0048   -1.8508
    0.0707    0.3330    0.2989    0.1458    0.0353    0.1365    0.0001    0.2432    0.1261        0.0876    0.0049   -3.2303
    0.0650    0.3801    0.0141    0.0878    0.0325    0.0915    0.0001    0.4633    0.4038        0.0337    0.0054   -4.4440
    0.0739    0.3877    0.0354    0.1527    0.0369    0.1117    0.0001    1.1023    1.0590       -0.0095    0.0101   -6.4771
    0.0707    0.3712    0.2979    0.1572    0.0354    0.1187    0.0001   -0.1266    0.1977        0.1514    0.0119   -2.1646
    0.0854    0.3727    0.3000    0.1886    0.0427    0.1417    0.0001   -0.1467    0.1697        0.0923    0.0131   -3.9599
    0.0866    0.3068    0.0275    0.0092    0.0433    0.0300    0.0001    2.2071   -0.0879        0.2302   -0.0201   -6.5329
    0.1079    0.3321    0.0780    0.0191    0.0540    0.0514    0.0001    6.2885   -0.2915        1.2032   -0.0049   -7.9210
    0.0651    0.3344    0.2936    0.1337    0.0325    0.0508    0.0001    0.2004    0.2660        0.1434    0.0096   -5.9885
    0.0654    0.3310    0.0177    0.1334    0.0327    0.0508    0.0001   -0.4455   -0.6019        0.5432    0.0690   -7.9302
    0.2194    0.3159    0.1436    0.1230    0.1097    0.0337    0.0001   -2.9739    1.1965        0.5248    0.0085  -10.6123
    0.2225    0.3203    0.1456    0.1247    0.1112    0.0342    0.0001   -3.0154    1.1639        0.5321    0.0084  -12.1394
    0.0664    0.3592    0.2974    0.1365    0.0332    0.0439    0.0001   -0.5755   -0.1715        0.2086    0.0388   -5.3447
    0.0650    0.3777    0.2103    0.1338    0.0325    0.0509    0.0001   -0.7096   -0.1611        0.2942    0.0366   -5.4403
    0.0652    0.3896    0.0173    0.0002    0.0326    0.1815    0.0001   -1.3215   -1.3632        0.0256    0.0107   -5.7768
    0.0653    0.4009    0.2945    0.0017    0.0327    0.1828    0.0001  -24.0267  -22.3795        0.0187   -0.2050  -26.2095
    0.1671    0.3451    0.2932    0.2784    0.0835    0.0442    0.0001    2.5133    1.8918       -0.4144   -0.0291   -5.4404
    0.1665    0.3606    0.2914    0.2768    0.0833    0.0441    0.0001    2.5081    1.8905       -0.4129   -0.0289   -8.8465
    0.0650    0.3367    0.2984    0.1335    0.0325    0.0395    0.0001    0.2304    0.4406        0.0533    0.0127   -7.9712
    0.0665    0.3367    0.3000    0.1366    0.0333    0.0395    0.0001    0.3148    0.8796        0.0018    0.0237   -8.2210
    0.0653    0.4011    0.0220    0.1148    0.0326    0.0330    0.0001   -1.7819   -0.6638       -0.6633   -0.0215   -8.3916
    0.1292    0.4186    0.0868    0.1297    0.0646    0.1127    0.0001   -6.3209   -1.8169       -2.9348   -0.7682  -25.7915
    0.0664    0.4462    0.2950    0.0594    0.0332    0.0319    0.0001    0.7303    0.9122        0.9143    0.0446   -8.3240
    0.0657    0.4524    0.0100    0.0002    0.0328    0.0332    0.0001    3.5832    0.3110        4.2124   -0.3579  -14.2525
    0.0949    0.3937    0.2852    0.1983    0.0475    0.2432    0.0001   -0.4179   -0.1491       -0.1064    0.0211   -1.9795
    0.1013    0.3937    0.3000    0.2109    0.0506    0.2432    0.0001   -0.3775   -0.3101       -0.0685   -0.0050   -2.1305
    0.1071    0.3998    0.1107    0.1091    0.0535    0.0322    0.0001   -0.3687    3.3970        0.1328    0.2042   -6.4940
    0.1298    0.4169    0.1885    0.0068    0.0649    0.0357    0.0001   -0.4612    6.3344        0.8225    0.6986  -10.4965
    0.0663    0.3582    0.2510    0.1481    0.0332    0.1324    0.0001   -0.1886    0.0433        0.0149    0.0082   -3.6713
    0.0658    0.3598    0.2562    0.1468    0.0329    0.1407    0.0001   -0.2035    0.0426        0.0139    0.0082   -5.3042
    0.0809    0.3639    0.0259    0.1281    0.0404    0.0778    0.0001    0.7245    0.8013        0.1032    0.0089   -4.4812
    0.0852    0.3777    0.1273    0.0304    0.0426    0.0521    0.0001    4.0392    3.8509        0.1310    0.0517   -6.1320
    0.0669    0.3491    0.0193    0.0005    0.0334    0.0303    0.0001   -0.3563   -1.5484       -0.5337   -0.0138   -7.8445
    0.1878    0.3640    0.0626    0.0056    0.0939    0.0378    0.0001   -3.2256   -5.6005       -0.9486   -1.2233  -26.2471
    0.0674    0.3767    0.1567    0.1385    0.0337    0.0898    0.0001    0.2864    0.4661        0.1039    0.0152   -4.2070
    0.0718    0.3729    0.1558    0.1481    0.0359    0.0979    0.0001    0.3138    0.3438        0.1111    0.0170   -4.2414
    0.1503    0.3335    0.2880    0.4243    0.0752    0.0305    0.0001   -3.8267   -1.0714       -1.8139    0.0002  -44.6609
    0.1512    0.3356    0.2896    0.4278    0.0756    0.0306    0.0001   -3.8482   -1.0773       -1.8244    0.0002  -50.0164
    0.2394    0.3709    0.0133    0.2069    0.1197    0.3597    0.0001    1.0439    0.4177       -0.1026   -0.0101   -1.1904
    0.2400    0.3528    0.0164    0.0002    0.1200    0.1064    0.0001    1.4163    0.4741       -0.1491   -0.2421   -3.9760
    0.0651    0.3931    0.1594    0.1337    0.0325    0.0754    0.0001    0.4138    0.2319        0.0562    0.0065   -6.7246
    0.0761    0.3931    0.1897    0.1572    0.0380    0.0754    0.0001    0.4038    0.2844        0.0294    0.0009   -6.7777
    0.1364    0.2786    0.1663    0.1235    0.0682    0.0323    0.0001    1.6826   -0.4410        0.4575    0.0502   -4.7036
    0.1390    0.3069    0.2863    0.0460    0.0695    0.0303    0.0001    5.0776   -0.7339        0.1671    0.1129   -9.0654
    0.0731    0.3755    0.0199    0.0004    0.0365    0.0300    0.0001   -1.6897   -0.5196       -0.2034   -0.0137   -6.9837
    0.0824    0.3867    0.2758    0.0002    0.0412    0.0302    0.0001  -21.3305   -8.3507       -0.2618   -0.1539  -47.9032
    0.2349    0.2119    0.0170    0.0027    0.1174    0.0315    0.0001    0.5485    0.4812       -0.1070   -0.0422   -0.2132
    0.2400    0.3257    0.0891    0.0002    0.1200    0.0300    0.0001    2.8525    0.9405       -0.1146    0.1076   -3.5977
    0.2395    0.5202    0.2487    0.0004    0.1197    0.4494    0.0001    8.1903    5.4130       -0.9919    0.2102  -29.0755
    0.2400    0.5340    0.2510    0.0004    0.1200    0.4394    0.0001    7.9241    5.5901       -0.9853    0.2114  -61.8516
    0.0657    0.4061    0.2549    0.1470    0.0329    0.1412    0.0001    0.1593    0.2568        0.0669    0.0076   -2.7171
    0.0660    0.4174    0.2547    0.1472    0.0330    0.1460    0.0001    0.1538    0.2556        0.0669    0.0072   -4.0452
    0.0650    0.3517    0.2989    0.1333    0.0325    0.0736    0.0001    1.0552    0.1062        0.4817    0.0132   -8.1602
    0.0650    0.3479    0.2984    0.1335    0.0325    0.0818    0.0001    1.0374    0.1068        0.5270    0.0152   -8.1048
    0.0764    0.3149    0.0130    0.0150    0.0382    0.1147    0.0001   -1.1051    0.8449        0.2213   -0.0030   -7.4018
    0.0954    0.3433    0.0803    0.0038    0.0477    0.0721    0.0001   -6.1934    5.3471        2.4935   -0.0033  -10.3796
    0.0652    0.3125    0.0128    0.0002    0.0326    0.0310    0.0001    0.0108    1.0156       -0.1574   -0.0319   -7.2739
    0.1037    0.3547    0.1168    0.0002    0.0519    0.0791    0.0001    0.2254    8.5675       -3.6066   -2.4621  -15.6670
    0.0744    0.2874    0.3000    0.0052    0.0372    0.3453    0.0001   -7.1222   -1.5202        0.0847   -0.1491   -4.9775
    0.0702    0.3104    0.3000    0.0061    0.0351    0.2976    0.0001   -9.6435  -10.3184       -0.6953   -0.8135  -10.2765
    0.0767    0.3625    0.0676    0.0003    0.0383    0.0898    0.0001    0.8480    0.8014        0.0524    0.0282   -5.2953
    0.0666    0.3947    0.3000    0.0006    0.0333    0.0860    0.0001   10.4138    4.7874        0.1477   -0.1110   -8.5998
    0.1114    0.3040    0.0386    0.0536    0.0557    0.0300    0.0001    1.1707   -0.1455        0.2220    0.0062   -3.4482
    0.1454    0.3253    0.1111    0.2855    0.0727    0.0331    0.0001    3.6179   -0.1786        0.4340   -0.2030  -16.7474
    0.1482    0.3082    0.2802    0.2977    0.0741    0.0301    0.0001    1.3627    0.5674       -2.2593   -0.0295   -7.6562
    0.1536    0.3072    0.2828    0.2921    0.0768    0.0301    0.0001    1.3543    0.5648       -2.2839   -0.0292   -9.4643
    0.0967    0.3319    0.0103    0.0516    0.0483    0.1322    0.0001   -0.7536    0.9033        0.1799    0.0006   -4.6329
    0.0692    0.3749    0.2734    0.0021    0.0346    0.1419    0.0001  -24.2661   18.2745        0.0852    0.0023  -23.7391
    0.0653    0.3572    0.2944    0.1343    0.0326    0.1273    0.0001    0.0371    0.1762        0.1214    0.0118   -5.5899
    0.0655    0.3572    0.2951    0.1347    0.0327    0.1273    0.0001    0.0371    0.1765        0.1214    0.0118   -5.5918
    0.0852    0.3619    0.2608    0.1754    0.0426    0.0319    0.0001   -0.2293    0.4230        0.1051    0.0043   -3.8260
    0.0907    0.3619    0.2786    0.1886    0.0453    0.0320    0.0001   -0.1624    0.5598        0.1200    0.0033   -4.0374
    0.0680    0.3460    0.2860    0.1399    0.0340    0.0300    0.0001    0.3921    0.2703        0.1328    0.0118   -5.1966
    0.0650    0.3420    0.3000    0.1336    0.0325    0.0302    0.0001    0.4801    0.2667        0.1679    0.0123   -5.2478
    0.0670    0.2966    0.0553    0.0002    0.0335    0.0312    0.0001   -0.3085    0.7564       -1.7407   -0.0255   -7.4072
    0.0652    0.3154    0.3000    0.0219    0.0326    0.0308    0.0001   -0.6158    1.1605       -9.8736  -12.1197  -15.3325
    0.0843    0.3027    0.2516    0.1744    0.0421    0.0345    0.0001   -2.2608    0.1063       -0.3306    0.0467   -6.0579
    0.0853    0.3033    0.2517    0.1769    0.0426    0.0330    0.0001   -2.2153    0.1017       -0.3290    0.0446   -6.4053
    0.0897    0.3702    0.2933    0.2309    0.0449    0.1275    0.0001   -0.7200    0.1495        0.5084   -0.0246   -3.1335
    0.0796    0.3744    0.2751    0.2057    0.0398    0.1184    0.0001   -0.6772    0.1315        0.5863    0.0016   -4.0872
    0.0945    0.3377    0.1322    0.1941    0.0472    0.1449    0.0001    1.8985   -0.3536       -0.4943    0.0427   -5.2460
    0.0882    0.3457    0.1090    0.1837    0.0441    0.1434    0.0001    1.7182   -0.3742       -0.2850    0.0447   -4.5028
    0.0974    0.3531    0.0413    0.1313    0.0487    0.0315    0.0001    0.3891    0.5976       -1.2809   -0.0118   -6.7386
    0.0800    0.3670    0.0382    0.1658    0.0400    0.0300    0.0001    0.5301    0.6272       -1.2104   -0.0141   -8.3411
    0.0651    0.3269    0.0595    0.0006    0.0325    0.0309    0.0001    0.3535    0.3371        0.5315    0.0942   -5.9754
    0.2255    0.3570    0.3000    0.0002    0.1128    0.0880    0.0001    4.5507    6.0924        9.3589   -5.2268  -98.3212
    0.2370    0.3217    0.2979    0.2282    0.1185    0.2822    0.0001   -2.1223    0.0863        0.0201   -0.0787  -10.7486
    0.2400    0.3211    0.2975    0.2258    0.1200    0.2852    0.0001   -2.1137    0.0862        0.0201   -0.0785  -10.6039
    0.0857    0.4248    0.2987    0.0113    0.0429    0.0378    0.0001   -0.0946   11.2177        8.1527   -1.1327  -21.6052
    0.0829    0.4199    0.2964    0.0114    0.0415    0.0381    0.0001   -0.0950   11.2263        8.2380   -1.1370  -22.0710
    0.0726    0.2866    0.0145    0.0002    0.0363    0.0306    0.0001    1.1455   -0.0204        0.2011    0.0136   -5.9513
    0.0755    0.3193    0.2541    0.0018    0.0377    0.0808    0.0001   19.3268    0.3496        0.5494   -0.2145  -15.5973
    0.0665    0.4132    0.0133    0.0004    0.0332    0.0543    0.0001    1.1511    0.9983       -0.9757   -0.0560  -11.8867
    0.1818    0.4314    0.1235    0.0002    0.0909    0.0305    0.0001    9.9746    8.6939       -9.4160   -1.3685 -120.0981
    0.1164    0.4174    0.2966    0.2360    0.0582    0.0651    0.0001    1.5503   -2.1809        0.2814   -0.0281   -6.7321
    0.1671    0.4042    0.1673    0.3525    0.0836    0.0302    0.0001    2.2076   -2.7375        0.3578   -0.0353   -7.7841
    0.0796    0.3909    0.1826    0.1649    0.0398    0.2158    0.0001    0.4599    0.6876        0.1624    0.0117   -3.9621
    0.0771    0.3914    0.0492    0.1594    0.0386    0.2188    0.0001    0.4736    0.7544        0.1433    0.0009   -5.0592
    0.0650    0.3438    0.1872    0.1335    0.0325    0.1047    0.0001    0.1513    0.0399        0.1570    0.0076   -3.7264
    0.0669    0.3438    0.1870    0.1376    0.0335    0.1047    0.0001    0.1500    0.0400        0.1555    0.0078   -3.7657
    0.0650    0.3868    0.2446    0.1337    0.0325    0.0793    0.0001   -0.1718    0.1956        0.1360    0.0164   -5.4980
    0.0650    0.3837    0.2610    0.1335    0.0325    0.0859    0.0001   -0.1880    0.1962        0.1247    0.0164   -5.4307
    0.1351    0.2753    0.0133    0.0814    0.0676    0.0791    0.0001    0.1308    0.4313        0.1995    0.0109   -0.7631
    0.1020    0.3251    0.0163    0.2129    0.0510    0.0702    0.0001    0.3260    0.4770        0.1548    0.0101   -2.7427
    0.0703    0.4004    0.3000    0.0277    0.0351    0.0618    0.0001    5.2558    4.6979       -0.0432   -0.1790   -6.5683
    0.0769    0.4052    0.2889    0.0231    0.0384    0.0602    0.0001   21.7777   12.2029       -0.0367    0.5636  -61.4041
    0.1103    0.4344    0.2193    0.2306    0.0552    0.0312    0.0001    2.8847    0.5358       -0.1989   -0.0205   -0.2505
    0.1171    0.4346    0.2168    0.2454    0.0585    0.0300    0.0001    3.1206    0.4689       -0.1950   -0.0193   -0.9340
    0.1694    0.3480    0.3000    0.0029    0.0847    0.0424    0.0001   -0.1864    1.6842       -1.4988    0.0371   -4.1035
    0.1429    0.3721    0.1927    0.0030    0.0715    0.0308    0.0001    0.0186    5.8773       -1.3063    0.4790  -11.5245
    0.0671    0.4363    0.3000    0.1378    0.0335    0.1672    0.0001   -3.3658   -1.5214       -0.4840   -0.1036   -7.5974
    0.0683    0.4363    0.2999    0.1404    0.0342    0.1672    0.0001   -3.3691   -1.5187       -0.4791   -0.1035   -7.5876
    0.0650    0.3730    0.0148    0.0015    0.0325    0.0507    0.0001   -1.2094    0.2909       -0.4596   -0.0002   -8.3184
    0.0656    0.3801    0.0354    0.0007    0.0328    0.0558    0.0001   -2.7478    0.5220       -1.0926    0.0004   -8.8893
    0.2014    0.3258    0.1955    0.1146    0.1007    0.0470    0.0001    5.7180    6.4497        0.1616   -0.0981  -82.3345
    0.2088    0.3251    0.1970    0.1136    0.1044    0.0466    0.0001    5.7067    6.4036        0.1613   -0.0979  -90.7399
    0.1109    0.3702    0.0290    0.0396    0.0555    0.0425    0.0001    2.2725    0.2683       -0.1513    0.0226   -4.8211
    0.1136    0.3969    0.1053    0.0531    0.0568    0.0379    0.0001    7.8430    0.6003       -0.0435    0.0930  -21.2584
    0.1115    0.3443    0.1208    0.0650    0.0557    0.0370    0.0001   -1.1897    1.7321        0.0842   -0.0064   -6.5158
    0.1197    0.3634    0.2815    0.0029    0.0599    0.0306    0.0001   -1.6810    9.3608        0.3960    0.0060  -24.1935
    0.0655    0.3769    0.0557    0.0046    0.0328    0.0309    0.0001    4.2385    0.4139       -0.8774   -0.0324   -9.7869
    0.0674    0.3853    0.1796    0.0009    0.0337    0.0300    0.0001   13.3155    0.3744       -2.5736   -0.1364  -14.7395
    0.1815    0.3388    0.2480    0.1631    0.0907    0.0595    0.0001    0.2479   -1.0619        0.1933    0.0019   -3.5856
    0.1022    0.4063    0.0773    0.0641    0.0511    0.0721    0.0001    0.6046   -2.3848        0.3482    0.0021   -6.4205
    0.0651    0.5573    0.2967    0.2292    0.0325    0.3430    0.0001    0.0341   -0.6816        0.0607    0.0293   -4.0723
    0.0691    0.5573    0.2986    0.2154    0.0345    0.3430    0.0001    0.0363   -0.7338        0.0663    0.0276   -4.7868
    0.1024    0.3866    0.3000    0.0169    0.0512    0.0300    0.0001    7.1905    2.3549       -2.0857    0.1880  -11.9261
    0.1018    0.3856    0.2989    0.0177    0.0509    0.0300    0.0001    7.1680    2.3464       -2.0795    0.1875  -15.0093
    0.0652    0.3410    0.1745    0.1340    0.0326    0.1117    0.0001   -0.2801   -0.8132       -0.1263   -0.0025   -5.9315
    0.0657    0.3410    0.1281    0.1351    0.0329    0.1117    0.0001   -0.3021   -0.7575       -0.1191   -0.0031   -5.9848
    0.1816    0.3844    0.2398    0.2938    0.0908    0.1781    0.0001   -1.3349   -2.1183        0.8652   -0.0605   -8.1329
    0.1819    0.3830    0.2387    0.2943    0.0909    0.1756    0.0001   -1.3717   -2.0735        0.8665   -0.0606   -6.8678
    0.1430    0.4470    0.2997    0.0200    0.0715    0.2167    0.0001    1.3485   -0.1363       -0.2015    0.0364    0.6531
    0.1751    0.3835    0.0100    0.0722    0.0876    0.3160    0.0001    0.7797   -0.1572       -0.2829   -0.3189   -2.8775
    0.0655    0.3885    0.3000    0.0036    0.0327    0.0673    0.0001   -8.4356   -0.7097       -0.3777   -0.0437   -9.4478
    0.0650    0.4002    0.3000    0.0002    0.0325    0.0371    0.0001  -11.9368   -1.3726       -1.7961   -0.2016  -12.7093
    0.1033    0.2712    0.0100    0.0507    0.0517    0.0332    0.0001   -0.0781    0.7598        0.3330   -0.0364   -3.4960
    0.1179    0.3105    0.0460    0.2190    0.0589    0.0301    0.0001   -0.2463    3.7290        1.6472    0.0964   -8.5249
    0.1817    0.2693    0.0123    0.1737    0.0909    0.0307    0.0001    0.1982   -0.3515       -0.2121    0.0146   -0.4480
    0.1398    0.3737    0.0167    0.2938    0.0699    0.0399    0.0001    0.2581   -0.4731       -0.1936    0.0159   -3.4404
    0.0652    0.3792    0.2998    0.1340    0.0326    0.1290    0.0001    0.2546    0.1886        0.0654    0.0107   -4.8220
    0.0663    0.3792    0.2998    0.1365    0.0332    0.1290    0.0001    0.2454    0.1867        0.0651    0.0106   -4.8284
    0.0730    0.3758    0.2999    0.1892    0.0365    0.0683    0.0001    0.1934    0.3060        0.0705    0.0072   -4.1733
    0.0650    0.3759    0.3000    0.1691    0.0325    0.0682    0.0001    0.1679    0.3184        0.0648    0.0075   -4.2192
    0.0650    0.3837    0.2865    0.0282    0.0325    0.0580    0.0001    1.7477   -2.8629        3.5224   -0.4949  -10.2911
    0.0651    0.3913    0.3000    0.0003    0.0326    0.0300    0.0001    9.8086   -4.6978        1.5041   -4.6404  -14.4830
    0.0804    0.3820    0.0104    0.0977    0.0402    0.0622    0.0001    0.8556    0.1671        0.3073    0.0409   -5.0703
    0.0658    0.3917    0.0231    0.1352    0.0329    0.0300    0.0001    1.7623    0.1796        0.6484    0.2242   -7.4993
    0.0651    0.3881    0.2894    0.1337    0.0325    0.1286    0.0001    0.2633    0.0375        0.0730    0.0056   -6.0693
    0.0662    0.3881    0.2756    0.1361    0.0331    0.1286    0.0001    0.2618    0.0379        0.0762    0.0055   -6.0754
    0.0660    0.4550    0.2404    0.1355    0.0330    0.0303    0.0001    0.0060   -0.0467        0.1231    0.0223   -3.7947
    0.0650    0.4394    0.1575    0.1336    0.0325    0.1017    0.0001    0.0801   -0.6316       -0.5118    0.0556   -5.1880
    0.0650    0.3961    0.2795    0.0021    0.0325    0.0336    0.0001    1.3217   -0.3348       -0.2655    0.0012   -5.8825
    0.0688    0.3946    0.0486    0.0022    0.0344    0.0332    0.0001    1.4987   -0.2898       -0.3099    0.0018   -6.4654
    0.0684    0.3514    0.0229    0.1386    0.0342    0.0319    0.0001    0.6790    0.3780        0.1345    0.0254   -5.5521
    0.0680    0.3404    0.0257    0.1398    0.0340    0.0345    0.0001    0.7741    0.4043        0.2092    0.0244   -5.5743
    0.1234    0.3039    0.1496    0.1954    0.0617    0.0316    0.0001    2.5412    0.2159       -0.1977   -0.0079   -2.9586
    0.1369    0.3070    0.1804    0.2315    0.0684    0.0301    0.0001    3.8413    0.3381       -0.1785   -0.0101  -11.8719
    0.0846    0.3106    0.2841    0.1754    0.0423    0.0347    0.0001   -1.0459   -0.1375        0.1746    0.0307   -1.9021
    0.2400    0.3060    0.3000    0.7166    0.1200    0.0701    0.0001   -4.5500   -2.5147       -0.4726    0.1706  -47.2075
    0.0806    0.3985    0.0294    0.1670    0.0403    0.1726    0.0001    0.2480    0.0691        0.1620    0.0149   -2.9236
    0.0985    0.3739    0.0387    0.2051    0.0492    0.1647    0.0001    0.3066    0.0795        0.1750    0.0147   -2.6105
    0.0666    0.3375    0.0153    0.0038    0.0333    0.0578    0.0001    0.4830    0.4549       -0.2266    0.0100   -7.1644
    0.0841    0.3704    0.2999    0.0269    0.0420    0.0658    0.0001   13.9164   11.8334       -6.9605    0.3827  -13.3177
    0.0650    0.3323    0.3000    0.0211    0.0325    0.0421    0.0001    0.9751    0.3379        0.0524    0.0400   -5.9542
    0.0660    0.3501    0.0383    0.0002    0.0330    0.1122    0.0001    3.3797    0.3675        0.8300   -1.1380   -9.1135
    0.1275    0.3553    0.2965    0.2122    0.0638    0.0358    0.0001    5.6887   -0.1573        1.9226    0.0503  -27.3851
    0.1335    0.3537    0.2955    0.2117    0.0668    0.0356    0.0001    5.6631   -0.1567        1.9159    0.0501  -26.1449
    0.1636    0.2945    0.0137    0.3445    0.0818    0.1214    0.0001    0.4363    1.0153       -0.0214    0.0206   -2.7806
    0.1996    0.2990    0.0144    0.4221    0.0998    0.1118    0.0001    0.4450    1.0878       -0.0120    0.0089   -2.9386
    0.2253    0.3848    0.3000    0.3263    0.1126    0.0300    0.0001    1.1748    2.0705       -0.2935    0.0016  -17.7287
    0.2304    0.3866    0.2992    0.3207    0.1152    0.0300    0.0001    1.1735    2.0788       -0.2931    0.0016  -18.4591
    0.0650    0.4063    0.2985    0.0012    0.0325    0.0300    0.0001  -10.7917    4.3471       -0.9031   -0.0025  -11.8479
    0.0650    0.4079    0.3000    0.0011    0.0325    0.0301    0.0001   -9.7634    5.0659       -1.1753   -0.0016  -12.0996
    0.1057    0.3318    0.0392    0.0083    0.0529    0.1516    0.0001    1.1509   -0.6680        0.2542    0.0804   -4.2438
    0.1963    0.3453    0.1345    0.0005    0.0981    0.0300    0.0001    2.3874   -0.7759        4.4370    0.3856  -17.5016
    0.0811    0.3273    0.2530    0.0908    0.0406    0.0307    0.0001    0.6010    0.1198       -0.0194    0.0136   -3.8091
    0.0658    0.3464    0.0181    0.1352    0.0329    0.0305    0.0001    1.4556    0.2571       -0.0251    0.0096   -6.5267
    0.0657    0.4105    0.2989    0.1503    0.0328    0.0379    0.0001    0.5719   -0.0061        0.1258    0.0099   -2.9856
    0.0676    0.4080    0.2988    0.1506    0.0338    0.0379    0.0001    0.5703   -0.0060        0.1322    0.0106   -2.3865
    0.0732    0.3531    0.1719    0.1507    0.0366    0.0787    0.0001   -2.0239   -1.3411       -0.1660   -0.1678   -8.1625
    0.0723    0.3479    0.1654    0.1491    0.0362    0.0787    0.0001   -2.0193   -1.3039       -0.1641   -0.1648   -8.1428
    0.0668    0.3068    0.2867    0.1735    0.0334    0.0328    0.0001    0.2453   -0.1605        0.1838   -0.0017   -3.8589
    0.0765    0.3068    0.0126    0.1982    0.0383    0.0329    0.0001    0.1833   -0.1997        0.2018   -0.0023   -4.8589
    0.1332    0.3535    0.2726    0.1261    0.0666    0.0374    0.0001    1.4137    9.9319        2.0819   -0.6206  -69.9492
    0.1343    0.3555    0.2758    0.1266    0.0672    0.0375    0.0001    1.4173   10.2568        2.0991   -0.6237  -70.1007
    0.0702    0.3797    0.2976    0.1450    0.0351    0.0302    0.0001    2.1144    0.0670       -0.2458   -0.0087   -7.8306
    0.0650    0.3756    0.2821    0.1335    0.0325    0.0303    0.0001    2.1482    0.0666       -0.2443   -0.0089   -7.8338
    0.0651    0.3562    0.1889    0.1338    0.0325    0.1554    0.0001    0.4866    0.4105        0.0598    0.0154   -4.4278
    0.0662    0.3459    0.1875    0.1362    0.0331    0.1554    0.0001    0.4808    0.4119        0.0589    0.0154   -4.2947
    0.0685    0.3542    0.2158    0.1413    0.0343    0.0304    0.0001    0.6393    0.9084        0.1851   -0.0009   -7.5558
    0.0650    0.3481    0.2133    0.1335    0.0325    0.0306    0.0001    0.6092    0.8072        0.1343   -0.0011   -7.5188
    0.0662    0.3397    0.0158    0.0241    0.0331    0.0361    0.0001    1.1958   -0.5081        0.2420    0.0143   -7.0690
    0.0653    0.3754    0.0645    0.0090    0.0327    0.0667    0.0001    5.6152   -1.8263       -1.9646    0.0180  -10.6868
    0.0682    0.4026    0.2799    0.0358    0.0341    0.1348    0.0001   -2.2079    5.2361        2.4201    0.1610   -7.9093
    0.0689    0.4072    0.3000    0.0004    0.0345    0.1396    0.0001  -10.0744    9.8693        1.7901    0.4778  -11.6474
    0.0656    0.3848    0.2137    0.1349    0.0328    0.1383    0.0001    0.4170    0.1220        0.1672    0.0104   -2.8250
    0.0861    0.3905    0.0995    0.1787    0.0430    0.1598    0.0001    0.5798    0.1569        0.2794    0.0123   -5.0469
    0.0650    0.4680    0.0107    0.0542    0.0325    0.4187    0.0001   -0.9216   -0.8110        0.3088    0.0006   -3.0695
    0.0683    0.5089    0.0289    0.1405    0.0342    0.4094    0.0001   -2.4522   -2.3622        0.8185    0.0004   -4.8545
    0.2162    0.3667    0.2983    0.7291    0.1081    0.0311    0.0001   -4.8808    0.0347        2.6837   -0.0983 -120.6107
    0.2180    0.3716    0.2989    0.7379    0.1090    0.0314    0.0001   -4.9272    0.0336        2.7161   -0.0995 -140.0327
    0.0650    0.4771    0.2338    0.1336    0.0325    0.1440    0.0001    0.6043    0.2072        0.0858    0.0133   -4.4009
    0.0765    0.4783    0.1433    0.1578    0.0383    0.1253    0.0001    0.4316    0.8076        0.0876    0.0282   -5.6026
    0.2355    0.3224    0.2635    0.4525    0.1177    0.3499    0.0001   -3.7334    1.4724        0.3560    0.0128  -51.0943
    0.2360    0.3299    0.2628    0.4513    0.1180    0.3485    0.0001   -3.7186    1.4875        0.3551    0.0128  -61.2410
    0.0927    0.3917    0.0104    0.0377    0.0463    0.2533    0.0001   -0.7905    0.8745        0.3023    0.0098   -4.4612
    0.2393    0.3349    0.0301    0.0057    0.1196    0.0509    0.0001   -2.4336    2.6174        0.8461   -0.3257   -9.5378
    0.1240    0.4815    0.2979    0.2599    0.0620    0.1668    0.0001    0.5029   -0.2271        0.1181    0.0136   -0.9928
    0.1360    0.4830    0.2262    0.2856    0.0680    0.1743    0.0001    0.5449   -0.2279        0.1093    0.0128   -1.1704
    0.0650    0.3520    0.0317    0.0003    0.0325    0.3025    0.0001   -2.3648   -1.0088       -0.3445   -0.0111   -5.2815
    0.0651    0.3600    0.2992    0.0002    0.0325    0.3120    0.0001  -25.7611   -9.8924       -1.8666   -0.0435  -25.9457
    0.0675    0.3663    0.2006    0.1389    0.0338    0.0838    0.0001    0.1575    0.2994        0.1127    0.0081   -3.3378
    0.0688    0.3607    0.2032    0.1416    0.0344    0.0838    0.0001    0.1534    0.3013        0.1146    0.0082   -3.3160
    0.0907    0.3876    0.2806    0.0010    0.0454    0.0614    0.0001    1.1238   -0.1925        0.5632    0.0203   -3.6938
    0.0814    0.3917    0.0161    0.0012    0.0407    0.0539    0.0001    1.2827   -0.1403        0.4919    0.0219   -5.1569
    0.0663    0.3741    0.2643    0.1362    0.0331    0.0771    0.0001   -0.5292    0.2347        0.1784   -0.0117   -0.9264
    0.2400    0.4277    0.2908    0.5546    0.1200    0.2785    0.0001   -1.8999   -3.2952       -0.5170   -0.0461  -98.1035
    0.1172    0.3928    0.0667    0.0426    0.0586    0.1010    0.0001   -1.9976   -0.1513       -1.3040    0.0137   -4.7241
    0.1424    0.4121    0.1499    0.0784    0.0712    0.0692    0.0001   -4.1800   -0.2699       -4.5964    0.0022  -10.6666
    0.0658    0.3396    0.1882    0.1351    0.0329    0.0316    0.0001    0.8592    0.1379        0.0716    0.0095   -4.6811
    0.0759    0.3438    0.1900    0.1567    0.0380    0.0300    0.0001    0.9173    0.1753        0.0415    0.0092   -4.8961
    0.0650    0.3680    0.2184    0.0002    0.0325    0.0313    0.0001    6.7493   -1.3185       -0.9825   -0.0541  -10.8855
    0.0714    0.3684    0.2889    0.0033    0.0357    0.0308    0.0001    9.5125   -4.4767       -0.7353   -1.0609  -12.6998
    0.0842    0.3874    0.2326    0.0039    0.0421    0.1497    0.0001    7.6353    0.9329        1.2459    0.1996   -6.6981
    0.0814    0.3916    0.2705    0.0112    0.0407    0.1258    0.0001    9.0779    0.8544        8.7800    0.1493   -9.3017
    0.0651    0.3843    0.2995    0.1337    0.0326    0.0899    0.0001    0.4265    0.2275        0.1790    0.0121   -7.0848
    0.0653    0.3801    0.2794    0.1341    0.0326    0.0988    0.0001    0.4402    0.2336        0.1768    0.0117   -7.0374
    0.0689    0.3769    0.0682    0.1402    0.0344    0.0765    0.0001   -1.2055   -0.7053       -0.1294    0.0646   -6.0851
    0.0757    0.3737    0.1278    0.1565    0.0379    0.0835    0.0001   -1.7451   -0.8190       -0.1463    0.0601   -6.2805
    0.0650    0.4361    0.0183    0.0185    0.0325    0.2700    0.0001    1.3384    0.6179       -0.0191    0.0064   -4.3306
    0.1153    0.4431    0.1972    0.0016    0.0577    0.2304    0.0001   20.3090    7.7692       -0.2459   -0.2392  -42.2274
    0.1586    0.3253    0.1058    0.0094    0.0793    0.0312    0.0001    0.9125    1.3326        0.3445    0.0824   -5.6433
    0.1307    0.3508    0.0655    0.0094    0.0654    0.0300    0.0001    1.1441    2.0086        0.9243   -0.2333   -9.2458
    0.0860    0.3607    0.0494    0.1786    0.0430    0.0301    0.0001    0.2462   -0.7660       -0.1279    0.0222   -5.2402
    0.1083    0.3544    0.1040    0.2264    0.0542    0.0307    0.0001    0.6140   -1.0451       -0.1694    0.0256   -5.6068
    0.0658    0.3793    0.0361    0.0002    0.0329    0.0319    0.0001    2.4118    1.0955        1.0287   -0.0480   -9.7780
    0.1304    0.3764    0.0994    0.0004    0.0652    0.0327    0.0001    8.5692    3.1608        2.1557   -0.0234  -25.8219
    0.2298    0.4051    0.2942    0.0154    0.1149    0.1301    0.0001    1.4386    7.1069       -1.1386    0.0102  -57.3890
    0.2341    0.4057    0.2936    0.0155    0.1170    0.1314    0.0001    1.4656    7.2125       -1.1600    0.0104  -60.6231
    0.1634    0.3567    0.1373    0.2759    0.0817    0.0403    0.0001    2.4960    0.9525       -0.1167   -0.0758   -3.8528
    0.1678    0.3555    0.1370    0.2746    0.0839    0.0401    0.0001    2.5400    0.9488       -0.1164   -0.0755   -4.0405
    0.0656    0.3960    0.3000    0.1348    0.0328    0.0602    0.0001    0.3604    0.4693        0.1127    0.0150   -5.8629
    0.0650    0.3880    0.3000    0.1336    0.0325    0.0300    0.0001    0.3416    0.6642        0.0808    0.0170   -5.3183
    0.0789    0.3924    0.2774    0.1633    0.0395    0.0664    0.0001    0.3233   -0.2442        0.0262    0.0083   -2.5152
    0.0680    0.4050    0.0100    0.1396    0.0340    0.0803    0.0001    0.8723   -0.3088        0.0092    0.0126   -4.0976
    0.0650    0.3579    0.0180    0.0003    0.0325    0.1158    0.0001   -1.5232   -0.2778       -0.4230   -0.0350   -6.0396
    0.0704    0.3530    0.2996    0.0002    0.0352    0.0525    0.0001  -26.6589   -0.6964       -5.5695    0.0438  -55.8598
    0.0653    0.3391    0.1639    0.1326    0.0326    0.0485    0.0001    0.8976    0.8698        0.4819    0.0304   -7.9634
    0.0650    0.3394    0.1571    0.1335    0.0325    0.0478    0.0001    0.9514    0.8830        0.4969    0.0310   -8.7582
    0.0669    0.3233    0.2373    0.0052    0.0335    0.0328    0.0001   -7.2124   -0.5666       -4.3407    0.1560  -10.5483
    0.0951    0.3153    0.2978    0.0213    0.0475    0.0348    0.0001   -9.9233   -1.4189       -4.7382   -0.7800  -13.4982
    0.0664    0.3098    0.0135    0.0988    0.0332    0.0303    0.0001    0.4183    0.4104       -0.0250    0.0189   -5.4684
    0.0652    0.3174    0.0141    0.1326    0.0326    0.0300    0.0001    0.4052    0.4477       -0.0200    0.0170   -6.7558
    0.0657    0.3928    0.2346    0.1462    0.0328    0.0795    0.0001    0.7983    0.0951        0.0940    0.0071   -6.3701
    0.0650    0.3928    0.2332    0.1451    0.0325    0.0795    0.0001    0.7907    0.0948        0.0940    0.0071   -6.4114
    0.1131    0.3962    0.0143    0.2365    0.0565    0.1914    0.0001    1.0726    0.4163        0.2431    0.0117   -2.9384
    0.1269    0.4168    0.0147    0.2650    0.0634    0.1472    0.0001    1.0414    0.4703        0.2608    0.0101   -3.2216
    0.0762    0.3321    0.0100    0.0055    0.0381    0.2724    0.0001    0.3047   -0.2925        0.1510    0.0194   -2.8742
    0.1367    0.3625    0.2769    0.0365    0.0684    0.2289    0.0001    7.5908   -9.7280        0.6133    2.8825  -11.0779
    0.0650    0.3850    0.2517    0.1328    0.0325    0.0682    0.0001   -0.4551    0.1936        0.1008    0.0198   -5.2419
    0.0650    0.3806    0.2467    0.1332    0.0325    0.0689    0.0001   -0.4198    0.1893        0.0941    0.0205   -5.0960
    0.0650    0.3499    0.0167    0.0002    0.0325    0.0883    0.0001    0.3041    0.4754        0.5143    0.0414   -6.3258
    0.2399    0.3461    0.1545    0.0049    0.1200    0.0745    0.0001    1.1595    5.8354        3.4675   -2.2196  -13.5056
    0.2147    0.1945    0.2903    0.5330    0.1074    0.4147    0.0001    1.3883   -0.2212       -0.1745    0.0284   -8.1853
    0.2219    0.1974    0.2981    0.5340    0.1109    0.4177    0.0001    1.4344   -0.2252       -0.1794    0.0252  -13.6541
    0.1486    0.3899    0.0108    0.3472    0.0743    0.0359    0.0001   -4.7581   -2.5986       -0.9488    0.0589  -43.8367
    0.1529    0.3914    0.0103    0.3439    0.0765    0.0399    0.0001   -4.7032   -2.5663       -0.9430    0.0586  -43.9780
    0.0679    0.3654    0.3000    0.0125    0.0339    0.0301    0.0001    1.4067    0.2065        0.4875   -0.0029   -8.0259
    0.0670    0.3806    0.1130    0.0358    0.0335    0.0317    0.0001    3.4647    0.4184        1.8403   -0.0057   -9.7287
    0.0660    0.3976    0.2996    0.1358    0.0330    0.1104    0.0001    0.4043    0.4115        0.2294    0.0146   -5.8352
    0.0699    0.3976    0.3000    0.1438    0.0349    0.1168    0.0001    0.4353    0.6999        0.2535    0.0148   -6.7418
    0.1357    0.3211    0.2789    0.2988    0.0679    0.1590    0.0001   -1.2509   -0.2166        0.4243    0.0087   -3.5965
    0.1232    0.3211    0.2977    0.3011    0.0616    0.1590    0.0001   -1.2621   -0.2197        0.4337    0.0084   -4.2374
    0.0795    0.4115    0.2340    0.1771    0.0397    0.0402    0.0001    0.3972    0.1506        0.0925    0.0166   -1.1059
    0.1002    0.4028    0.0650    0.2205    0.0501    0.0300    0.0001    0.3939    0.1145        0.0891    0.0193   -1.9661
    0.0865    0.3513    0.2957    0.1797    0.0433    0.0930    0.0001    0.5299    0.2006        0.0460    0.0105   -5.4937
    0.0878    0.3513    0.2909    0.1823    0.0439    0.0930    0.0001    0.5485    0.2027        0.0475    0.0106   -5.4925
    0.0743    0.3716    0.2986    0.1535    0.0372    0.0758    0.0001   -0.1332    0.2021        0.1526    0.0068   -1.6796
    0.0707    0.3712    0.3000    0.1457    0.0354    0.0990    0.0001   -0.1659    0.2041        0.1833    0.0057   -2.7703
    0.0658    0.3460    0.1869    0.1343    0.0329    0.1183    0.0001    0.5281    0.1714        0.0853    0.0140   -3.6040
    0.0717    0.3461    0.0183    0.1477    0.0358    0.1209    0.0001    0.5582    0.1792        0.0958    0.0147   -5.3946
    0.0650    0.3436    0.1106    0.1194    0.0325    0.0301    0.0001    1.7544    0.4960        0.0113    0.0109   -7.2708
    0.0802    0.3447    0.2678    0.1642    0.0401    0.0420    0.0001    4.3502    1.4985        0.4915   -0.2141   -9.2372
    0.0724    0.3935    0.2895    0.1488    0.0362    0.0767    0.0001    0.6517    0.2875        0.0325    0.0082   -4.8289
    0.0762    0.3935    0.1653    0.1575    0.0381    0.0767    0.0001    0.5769    0.2762        0.0346    0.0085   -4.9580
    0.1209    0.3526    0.3000    0.0050    0.0604    0.0619    0.0001    4.5202    1.7123       -1.0971    0.2832   -7.0381
    0.1526    0.3506    0.2096    0.0059    0.0763    0.0676    0.0001    6.2934    1.7932       -1.7656   -0.3979  -16.5373
    0.0651    0.3797    0.2486    0.1336    0.0325    0.0881    0.0001   -0.2539    0.1822        0.1068    0.0188   -3.5153
    0.0650    0.3738    0.2522    0.1336    0.0325    0.0881    0.0001   -0.2574    0.1840        0.1070    0.0191   -3.4577
    0.0653    0.3910    0.1856    0.1342    0.0326    0.0399    0.0001    0.1123    0.0707        0.0457    0.0134   -4.9878
    0.0654    0.3856    0.2996    0.1345    0.0327    0.0399    0.0001    0.1121    0.0713        0.0440    0.0136   -5.2582
    0.0800    0.3467    0.1251    0.1185    0.0400    0.1311    0.0001    1.9693   -0.1394       -0.6147   -0.0756   -4.4824
    0.0918    0.3515    0.2634    0.1914    0.0459    0.1051    0.0001    5.1479   -0.2180       -1.1174    0.1380  -16.5325
    0.0659    0.3770    0.2978    0.1365    0.0330    0.1302    0.0001   -0.5078    0.0627        0.2526    0.0496   -4.4461
    0.0650    0.3737    0.2141    0.1334    0.0325    0.1202    0.0001   -1.1991    0.0153       -0.3045    0.0522   -6.1729
    0.0869    0.3162    0.2980    0.1807    0.0434    0.0364    0.0001   -0.2412    0.0921        0.0929    0.0036   -2.5738
    0.0912    0.3235    0.2843    0.1897    0.0456    0.0364    0.0001   -0.2326    0.0897        0.0844    0.0033   -2.7292
    0.1380    0.3400    0.2808    0.2899    0.0690    0.2622    0.0001    0.6548   -0.6613        0.2926    0.0250   -4.4659
    0.1390    0.3400    0.2140    0.2919    0.0695    0.2622    0.0001    0.6768   -0.6704        0.3874    0.0237   -4.5714
    0.1241    0.4756    0.2959    0.2603    0.0621    0.2743    0.0001   -1.8939   -0.9888       -0.0931   -0.0703   -3.9992
    0.1253    0.4684    0.2976    0.2624    0.0626    0.2787    0.0001   -1.9152   -0.9960       -0.0892   -0.0708   -3.5135
    0.0733    0.3565    0.0252    0.1441    0.0367    0.0337    0.0001    0.3865    0.3769       -0.1765    0.0052   -3.6369
    0.0709    0.3497    0.0272    0.1463    0.0355    0.0350    0.0001    0.2921    0.3683       -0.1723    0.0060   -4.9505
    0.0653    0.3877    0.2860    0.1342    0.0326    0.0442    0.0001    0.8562    0.0225        0.1582    0.0197   -5.4192
    0.0771    0.3853    0.2739    0.1594    0.0385    0.0526    0.0001    0.9264    0.0230        0.1616    0.0031   -5.4242
    0.0689    0.4108    0.0229    0.0388    0.0344    0.0847    0.0001    0.6986    0.2460        0.1134    0.0028   -6.1683
    0.0821    0.4279    0.2772    0.1143    0.0411    0.0300    0.0001    8.9848    0.5195        0.9858    0.0193  -28.1285
    0.0652    0.3659    0.1296    0.1304    0.0326    0.0974    0.0001   -0.0274    0.6837        0.7818   -0.0378   -7.6328
    0.0651    0.3618    0.1179    0.1337    0.0325    0.1062    0.0001   -0.0263    0.7165        0.8419   -0.0313   -8.3164
    0.0656    0.3498    0.0100    0.0002    0.0328    0.0522    0.0001    3.1988   -0.7735       -0.3333   -0.0163   -7.6377
    0.0688    0.3408    0.0102    0.0005    0.0344    0.0300    0.0001    4.3747   -0.7547       -0.3044   -0.1712   -9.3720
    0.0650    0.4201    0.2992    0.1334    0.0325    0.1095    0.0001    0.4842   -1.9861       -0.0869    0.0128   -6.9762
    0.0660    0.4128    0.2969    0.1356    0.0330    0.1095    0.0001    0.4928   -2.0239       -0.0881    0.0130   -7.0708
    0.1247    0.2913    0.0100    0.0976    0.0624    0.0325    0.0001   -0.1298    0.7169        0.8969   -0.1225   -4.3346
    0.1390    0.3167    0.0111    0.2446    0.0695    0.0301    0.0001   -0.1698    0.8474        0.9121   -0.1730   -5.0601
    0.0651    0.3362    0.2995    0.0029    0.0325    0.2555    0.0001    0.7698    0.2670       -0.2820    0.0125   -3.8221
    0.0655    0.3666    0.0343    0.0102    0.0328    0.2175    0.0001    3.1296    0.8611       -0.9201   -0.0852   -6.6332
    0.0850    0.4295    0.2962    0.2057    0.0425    0.0488    0.0001   -0.3180    0.4303        0.1754   -0.0009   -2.9247
    0.0920    0.4224    0.2221    0.2232    0.0460    0.0531    0.0001   -0.3390    0.4694        0.1880   -0.0010   -4.0623
    0.0706    0.3678    0.3000    0.1426    0.0353    0.1881    0.0001   -3.1635   -5.2260       -1.9255   -0.1057   -7.1054
    0.0727    0.3681    0.3000    0.1429    0.0363    0.1839    0.0001   -3.1668   -5.2293       -1.9254   -0.1054   -8.0055
    0.0672    0.3299    0.2978    0.0002    0.0336    0.0896    0.0001    0.1851    0.9874       -0.0213    0.0283   -5.8737
    0.0826    0.3408    0.2999    0.0014    0.0413    0.0579    0.0001    0.7411    9.6615        0.0027   -0.2055   -9.1788
    0.0670    0.3429    0.2280    0.1379    0.0335    0.1352    0.0001    0.2560   -0.0885        0.0635    0.0170   -6.1630
    0.0652    0.3429    0.2999    0.1336    0.0326    0.1352    0.0001    0.6818   -0.1602        0.0791   -0.0145   -6.4735
    0.0657    0.3391    0.2993    0.0008    0.0329    0.0561    0.0001    1.6148    0.2037       -0.1717    0.4603   -7.4208
    0.0825    0.3492    0.0607    0.0007    0.0412    0.0302    0.0001    1.8781    0.4463       -0.3157    1.8529  -10.6887
    0.0914    0.3367    0.2998    0.1902    0.0457    0.0337    0.0001    0.5471    1.1369       -0.3856    0.0302   -7.1621
    0.0937    0.3369    0.3000    0.1954    0.0468    0.0300    0.0001    0.5493    1.2131       -0.4227    0.0274   -7.2139
    0.1399    0.3149    0.2877    0.0935    0.0700    0.0332    0.0001    0.4914    1.5522       -0.2958   -0.0102   -5.6509
    0.0844    0.3454    0.1952    0.0302    0.0422    0.0301    0.0001    0.2950    3.2202       -1.4692   -0.0391   -8.8238
    0.0663    0.3715    0.2990    0.1364    0.0331    0.0317    0.0001    1.4163    0.6121       -0.4358    0.0355   -8.5361
    0.0650    0.3716    0.3000    0.1327    0.0325    0.0341    0.0001    2.4806    2.3600        0.0156    0.0343   -9.7524
    0.0864    0.3233    0.0854    0.2240    0.0432    0.0300    0.0001    0.6960    0.1116        0.2312    0.0083   -3.4102
    0.0734    0.3213    0.0703    0.1918    0.0367    0.0300    0.0001    0.5847    0.1170        0.2575    0.0116   -3.5161
    0.0828    0.4497    0.1644    0.0048    0.0414    0.1756    0.0001   -5.3340    0.8467        0.7713    0.0192   -5.1906
    0.1698    0.4280    0.2011    0.0025    0.0849    0.1336    0.0001   -6.7778    0.9056        1.9990   -0.0566  -19.8263
    0.0693    0.4044    0.2782    0.1426    0.0346    0.0320    0.0001    0.2737   -0.1086       -0.0352   -0.0022   -3.0355
    0.0751    0.4069    0.2332    0.1551    0.0375    0.0300    0.0001    0.2766   -0.1241       -0.0411   -0.0021   -3.1383
    0.0672    0.4100    0.2996    0.1382    0.0336    0.2222    0.0001    0.4212    0.4587        0.2483    0.0146   -5.9480
    0.0650    0.4100    0.3000    0.1335    0.0325    0.2222    0.0001    0.4325    0.4349        0.2816    0.0114   -5.9915
    0.2130    0.2964    0.0100    0.0196    0.1065    0.0307    0.0001    5.5391    0.7475        0.3560    0.0321  -18.2028
    0.2208    0.3086    0.0104    0.0204    0.1104    0.0320    0.0001    5.7418    0.7623        0.3576    0.0316  -32.5264
    0.1298    0.3792    0.2247    0.2718    0.0649    0.0309    0.0001    2.5056   -0.2094        0.1168    0.0183   -3.5392
    0.1816    0.3710    0.2046    0.3840    0.0908    0.0301    0.0001    2.9702   -0.2507        0.0806    0.0410   -7.6677
    0.0651    0.3258    0.0104    0.0002    0.0325    0.0417    0.0001    0.3215    0.3223        0.1423    0.0025   -6.1255
    0.0716    0.3236    0.0172    0.0002    0.0358    0.0338    0.0001    0.5035    0.5067        0.2919   -0.2887   -7.0553
    0.1080    0.3092    0.0204    0.0282    0.0540    0.0978    0.0001   -1.6493   -0.6310       -0.6063   -0.1517   -7.6190
    0.1706    0.3190    0.1062    0.0238    0.0853    0.1154    0.0001   -7.5215   -3.0606       -2.9328   -1.6901  -30.1477
    0.0651    0.3666    0.3000    0.1314    0.0325    0.0564    0.0001    0.2207    0.2650        0.0477    0.0108   -5.5619
    0.0650    0.3595    0.3000    0.1336    0.0325    0.0532    0.0001    0.2169    0.2751        0.0467    0.0112   -5.8604
    0.0662    0.3948    0.1471    0.1357    0.0331    0.0799    0.0001    0.5838    0.2740        0.0436    0.0191   -3.8367
    0.1052    0.3981    0.2008    0.2190    0.0526    0.0968    0.0001    1.0598    0.6719        0.0094   -0.0372   -5.0745
    0.0685    0.5401    0.0607    0.1373    0.0342    0.2762    0.0001    1.3469   -0.9118        0.4333    0.0274   -5.1188
    0.0693    0.5401    0.0516    0.1426    0.0347    0.2760    0.0001    1.5655   -0.7860        0.4027    0.0297   -6.1437
    0.0650    0.3915    0.0100    0.0002    0.0325    0.0520    0.0001   -3.9629   -0.6105        0.3235   -0.0936   -7.4110
    0.0886    0.3774    0.0231    0.0011    0.0443    0.0494    0.0001  -10.8035   -1.9897        0.6924    0.2215  -10.5821
    0.0650    0.3616    0.2843    0.1336    0.0325    0.0310    0.0001    0.0605   -0.0985        0.2196    0.0306   -5.6917
    0.0650    0.3678    0.2366    0.1336    0.0325    0.0310    0.0001    0.0639   -0.1002        0.3042    0.0150   -5.7634
    0.1132    0.3018    0.0100    0.0003    0.0566    0.0399    0.0001   -0.7592   -0.2924       -0.1758   -0.0182   -3.4268
    0.1624    0.2912    0.0130    0.0002    0.0812    0.1081    0.0001   -1.0190   -0.3749       -0.4362   -0.2084   -4.9679
    0.0933    0.3487    0.1089    0.0082    0.0467    0.2347    0.0001   -0.7980   -1.6093       -0.2182   -0.0316   -3.7259
    0.0652    0.3964    0.2984    0.0039    0.0326    0.1707    0.0001   -8.1000  -11.1481       -0.5763   -0.1216   -8.0730
    0.0696    0.3941    0.0137    0.0957    0.0348    0.2383    0.0001   -1.0450   -1.0958       -0.1948    0.0400   -3.6959
    0.0667    0.4001    0.0131    0.1371    0.0333    0.2395    0.0001   -1.0096   -1.0389       -0.2225    0.0318   -6.3839
    0.0810    0.4176    0.2940    0.1678    0.0405    0.1785    0.0001    0.0195   -0.0815        0.1212    0.0287   -2.3426
    0.0818    0.4057    0.2905    0.1695    0.0409    0.1785    0.0001    0.0194   -0.0831        0.1214    0.0288   -2.2540
    0.1392    0.3910    0.0110    0.1305    0.0696    0.0300    0.0001    0.8309    0.3448       -0.0294    0.0075   -1.1091
    0.2399    0.5618    0.0585    0.2503    0.1200    0.2864    0.0001    4.7905    2.0178       -0.0615   -0.9668  -42.2700
    0.0698    0.3338    0.2770    0.0014    0.0349    0.0351    0.0001    2.4195    0.5714        0.0884    0.0091   -6.5025
    0.0650    0.3351    0.0603    0.0003    0.0325    0.0300    0.0001    1.8635    0.4984        0.1082   -0.0021   -7.2532
    0.0810    0.3552    0.2785    0.1678    0.0405    0.0499    0.0001    0.1874    0.1680        0.0266    0.0099   -1.9103
    0.1105    0.3530    0.1012    0.2310    0.0552    0.0587    0.0001    0.2088    0.1432        0.0306    0.0089   -2.3846
    0.0673    0.4286    0.2061    0.1500    0.0336    0.0898    0.0001   -1.4474    0.3053        0.1253   -0.0211   -3.8677
    0.0651    0.4208    0.2492    0.1453    0.0325    0.0630    0.0001   -1.8599    0.2470        0.1246   -0.0260   -5.0529
    0.0650    0.4643    0.2947    0.0096    0.0325    0.2445    0.0001   -5.2381    1.2983        0.8082    0.0512   -5.8798
    0.0652    0.4708    0.2995    0.0040    0.0326    0.2603    0.0001  -10.1137    5.3632        1.2616    0.0574   -8.5920
    0.0702    0.3473    0.1443    0.1446    0.0351    0.0301    0.0001    0.6887    0.2898        0.1219    0.0048   -3.4432
    0.0914    0.3352    0.0968    0.1901    0.0457    0.0304    0.0001    1.4962   -0.2245        0.2075    0.0040   -3.8352
    0.0846    0.3522    0.0633    0.0002    0.0423    0.1872    0.0001    5.2056    0.5736       -1.8397    0.1588   -7.9778
    0.0671    0.3880    0.2993    0.0002    0.0336    0.1254    0.0001   27.2448    2.7382       -8.2843    0.7865  -34.0544
    0.1421    0.3544    0.1577    0.0061    0.0710    0.0638    0.0001    1.5612    2.3461       -0.1814    0.0457   -4.5287
    0.1810    0.3490    0.2819    0.0077    0.0905    0.0311    0.0001    1.0301    4.5406       -0.1501   -0.0088  -13.6156
    0.1094    0.3548    0.0183    0.0498    0.0547    0.1720    0.0001    1.5299    0.4714        0.1841    0.0076   -4.7083
    0.1466    0.3692    0.0552    0.1077    0.0733    0.1368    0.0001    4.2456    1.6869        0.3739   -0.0056   -8.6661
    0.1127    0.3400    0.0357    0.0010    0.0564    0.1006    0.0001    0.9575    2.6693       -0.8037   -0.0058   -7.0966
    0.1465    0.3569    0.0915    0.0002    0.0732    0.1116    0.0001    2.5155    7.0064       -2.5545    0.0132  -16.6259
    0.0655    0.4215    0.0811    0.1347    0.0328    0.0330    0.0001   -0.6154    0.2130        0.0451   -0.0093   -5.0224
    0.0650    0.4107    0.0926    0.1335    0.0325    0.0300    0.0001   -0.6205    0.1996        0.0440   -0.0100   -4.3291
    0.0701    0.3603    0.0658    0.1443    0.0350    0.1083    0.0001    0.1905    0.1043        0.1626    0.0024   -4.8586
    0.0722    0.3603    0.0100    0.1496    0.0361    0.1083    0.0001    0.0840    0.1663        0.2864    0.0023   -5.3599
    0.0775    0.3665    0.2963    0.0110    0.0388    0.0300    0.0001    1.8929   -0.0469        0.1954   -0.0018   -3.8736
    0.0808    0.3637    0.1109    0.0044    0.0404    0.0300    0.0001    1.7884   -0.2067       -0.2010   -0.0039   -5.0717
    0.0947    0.3624    0.1861    0.0002    0.0474    0.0766    0.0001    1.6923    2.9481        0.4321    0.0105   -7.0410
    0.0855    0.3809    0.2995    0.0003    0.0427    0.0546    0.0001    9.5515    9.6988        0.3902    0.0239  -10.9694
    0.0650    0.3576    0.0130    0.0251    0.0325    0.2044    0.0001    0.3813    1.0781        0.1006    0.0065   -4.3289
    0.1164    0.3728    0.0609    0.0530    0.0582    0.1689    0.0001    2.0865    5.4132       -0.3230   -0.0220   -6.7000
    0.0663    0.3185    0.1113    0.0608    0.0332    0.0506    0.0001    1.0867    0.8270        1.0915    0.1222   -8.9987
    0.0655    0.3366    0.2957    0.0002    0.0328    0.0330    0.0001    9.8045    3.7874        9.6461   -1.6376  -14.8308
    0.0834    0.3055    0.0742    0.1726    0.0417    0.0367    0.0001    0.5137    0.7311        0.1914    0.0234   -5.0584
    0.0847    0.3086    0.0660    0.1758    0.0424    0.0467    0.0001    0.3927    0.7784        0.1979    0.0228   -5.5148
    0.0650    0.3681    0.2985    0.1335    0.0325    0.0855    0.0001    0.4859    0.3232        0.0233    0.0073   -6.4319
    0.0650    0.3681    0.0100    0.1332    0.0325    0.0855    0.0001    0.7010    0.3524        0.0242    0.0110   -7.1717
    0.0650    0.4135    0.2782    0.1330    0.0325    0.0317    0.0001    0.1026    0.0984        0.0157    0.0089   -6.9952
    0.0650    0.4094    0.2815    0.1335    0.0325    0.0324    0.0001    0.1016    0.0967        0.0158    0.0090   -6.9455
    0.1857    0.3400    0.0156    0.1127    0.0929    0.0712    0.0001    0.8683    1.2721        0.5413    0.0259   -3.3567
    0.1142    0.3952    0.0128    0.2389    0.0571    0.0330    0.0001    1.0122    1.0935        0.4382    0.0059   -5.6765
    0.2281    0.3406    0.0419    0.1500    0.1140    0.1139    0.0001    2.5954   -1.4007        1.3336    0.0772   -5.6785
    0.1875    0.3532    0.0430    0.1384    0.0938    0.1153    0.0001    3.4566   -1.4818        1.1995    0.0897   -7.0184
    0.0650    0.3970    0.1967    0.0006    0.0325    0.0519    0.0001   -0.6991   -0.4349       -0.2467   -0.0200   -6.1665
    0.0652    0.3986    0.0163    0.0005    0.0326    0.0560    0.0001   -1.2823   -0.4769       -0.5238   -0.0234   -8.1018
    0.0676    0.4017    0.0101    0.1394    0.0338    0.0304    0.0001   -0.7952    0.0778        0.0507    0.1040   -5.7136
    0.0799    0.3978    0.0102    0.1651    0.0400    0.0300    0.0001   -0.8112    0.0349        0.0345    0.0190   -5.5653
    0.1360    0.3205    0.2170    0.0004    0.0680    0.0301    0.0001   -3.2463   -0.5935       -0.6346    0.0020   -7.1032
    0.1196    0.3330    0.2998    0.0005    0.0598    0.0308    0.0001   -5.0626   -0.4648       -0.7633    0.0015   -7.5166
    0.0662    0.3405    0.2455    0.1361    0.0331    0.1395    0.0001    0.4049    0.1034        0.1066    0.0117   -5.9780
    0.0722    0.3405    0.2985    0.1487    0.0361    0.1394    0.0001    0.6424   -0.0327        0.1402   -0.0257   -5.9975
    0.0673    0.3674    0.2708    0.1377    0.0337    0.0308    0.0001    0.1534    0.1778        0.0361    0.0201   -5.5656
    0.0988    0.3674    0.1337    0.2053    0.0494    0.0308    0.0001    0.1625    0.1650        0.0400    0.0215   -5.8917
    0.0650    0.4254    0.0740    0.1334    0.0325    0.1035    0.0001    0.5499    0.2086        0.1203    0.0217   -6.1578
    0.0650    0.4185    0.0855    0.1334    0.0325    0.1035    0.0001    0.5840    0.1895        0.1098    0.0206   -6.1334
    0.0699    0.3359    0.0203    0.0406    0.0349    0.0523    0.0001   -0.3230    1.5583        0.1489    0.0444   -7.2070
    0.0698    0.3660    0.0757    0.1567    0.0349    0.0303    0.0001   -1.4291    6.9793        0.3366    0.4435  -17.1557
    0.0650    0.3597    0.0665    0.1336    0.0325    0.1208    0.0001    0.0661    0.0751        0.1845   -0.0032   -6.0637
    0.0659    0.3597    0.1099    0.1349    0.0329    0.1207    0.0001    0.0806    0.0610        0.3924   -0.0037   -6.2417
    0.0652    0.4882    0.1000    0.0007    0.0326    0.2573    0.0001   -3.0234   -2.0280       -0.8326   -0.0338   -6.0064
    0.1423    0.4935    0.2965    0.0002    0.0711    0.2667    0.0001   -9.6390  -11.5634      -11.8174   -0.2433  -37.4210
    0.0651    0.4211    0.2817    0.1335    0.0325    0.0513    0.0001    0.4577    0.1942        0.0459    0.0076   -6.7462
    0.0650    0.4211    0.3000    0.1336    0.0325    0.0513    0.0001    0.4737    0.1592        0.0444    0.0084   -6.8056
    0.0650    0.3427    0.2939    0.1335    0.0325    0.1389    0.0001    0.1882    0.1671        0.0993    0.0101   -3.8279
    0.0650    0.3427    0.2819    0.1334    0.0325    0.1389    0.0001    0.1676    0.1799        0.0981    0.0105   -3.8843
    0.0924    0.3197    0.1058    0.1922    0.0462    0.0315    0.0001    0.0510   -0.7274        0.3488    0.0050   -4.9871
    0.1021    0.3161    0.1076    0.2130    0.0510    0.0300    0.0001    0.0623   -0.9035        0.2791    0.0055   -5.0420
    0.0655    0.3932    0.1823    0.1346    0.0328    0.0487    0.0001   -1.1524    0.2403        0.0402    0.0234   -4.6491
    0.0651    0.3903    0.1932    0.1336    0.0325    0.0548    0.0001   -1.1784    0.2079        0.0380    0.0270   -4.8157
    0.0723    0.4619    0.0134    0.1487    0.0362    0.0305    0.0001    1.0647   -0.0989        0.1245    0.0160   -4.6169
    0.0773    0.4558    0.0138    0.1595    0.0386    0.0302    0.0001    1.0741   -0.1039        0.1183    0.0138   -4.5873
    0.1264    0.3777    0.0114    0.1063    0.0632    0.0682    0.0001    0.3224    0.9297       -0.9432    0.0431   -6.7561
    0.2393    0.4117    0.0446    0.1168    0.1196    0.0315    0.0001    0.6373    3.3047       -3.7294    0.1697  -20.3175
    0.0895    0.3361    0.0301    0.1840    0.0448    0.0300    0.0001    0.8763    1.9492       -0.4518   -0.1415   -8.5053
    0.0834    0.3381    0.0320    0.1730    0.0417    0.0330    0.0001    1.0328    2.6301       -0.5238   -0.1862   -9.5034
    0.0801    0.3461    0.2996    0.1660    0.0401    0.1223    0.0001    0.1484    0.3693        0.0039    0.0291   -4.1721
    0.0913    0.3461    0.2979    0.1898    0.0456    0.1223    0.0001    0.1391    0.3858        0.0054    0.0261   -4.2195
    0.0650    0.3538    0.0527    0.0060    0.0325    0.1237    0.0001   -1.6133   -0.6195       -0.2931   -0.0146   -5.0716
    0.1199    0.3340    0.2254    0.0003    0.0599    0.0413    0.0001   -7.3451   -0.6912       -0.2668   -0.1561  -14.5527
    0.0655    0.3714    0.2533    0.1345    0.0327    0.1023    0.0001    0.0892    0.2641        0.0905    0.0154   -1.1687
    0.0690    0.3647    0.3000    0.1421    0.0345    0.1034    0.0001    0.0954    0.2518        0.0900    0.0156   -1.3283
    0.0650    0.3139    0.2283    0.1334    0.0325    0.0303    0.0001    0.9536   -0.0754       -0.1500    0.0067   -3.2235
    0.0685    0.3133    0.1365    0.1410    0.0342    0.0387    0.0001    1.2752   -0.0667       -0.1163    0.0067   -3.4395
    0.2400    0.4108    0.2713    0.5568    0.1200    0.0390    0.0001   -2.3197   -0.0196        0.2079   -0.0012  -31.4667
    0.2381    0.4119    0.2724    0.5606    0.1191    0.0403    0.0001   -2.3311   -0.0197        0.2069   -0.0011  -32.9959
