   0.102   0.446   0.045   0.027   0.167   0.154   0.141   0.452   0.176   0.105  -0.362     -969.32069
   0.105   0.521   0.036   0.028   0.236   0.184   0.106   0.353   0.202   0.077  -0.285     -419.77115
   0.100   0.525   0.076   0.021   0.143   0.140   0.123   0.260   0.235   0.075  -0.360    -1087.56877
   0.105   0.233   0.052   0.025   0.133   0.134   0.157   0.441   0.208   0.084  -0.358    -1202.68865
   0.088   0.365   0.061   0.025   0.140   0.103   0.145   0.384   0.170   0.132  -0.404    -1490.74459
   0.085   0.392   0.052   0.023   0.152   0.152   0.121   0.271   0.145   0.078  -0.299    -1147.47631
   0.078   0.549   0.072   0.035   0.156   0.118   0.118   0.412   0.187   0.125  -0.385    -1463.22842
   0.126   0.308   0.038   0.027   0.251   0.161   0.199   0.412   0.398   0.145  -0.243     -504.11947
   0.091   0.442   0.090   0.035   0.129   0.110   0.152   0.364   0.237   0.067  -0.214    -1496.25098
   0.097   0.482   0.070   0.020   0.180   0.149   0.144   0.265   0.241   0.073  -0.273    -1077.13984
