   0.080   0.343   0.092   0.029   0.522   0.040   0.000   0.417   0.145   0.084  -0.270    -1549.56477
   0.091   0.423   0.110   0.033   0.557   0.059   0.004   0.321   0.175   0.075  -0.344     -945.46249
   0.095   0.450   0.121   0.027   0.440   0.066   0.001   0.482   0.323   0.078  -0.382    -1610.17561
   0.104   0.153   0.094   0.033   0.482   0.059   0.000   0.467   0.240   0.093  -0.275    -1488.50730
   0.075   0.282   0.068   0.026   0.455   0.030   0.000   0.567   0.163   0.100  -0.337    -2240.94755
   0.071   0.303   0.099   0.021   0.457   0.042   0.001   0.423   0.158   0.093  -0.374    -1711.69510
   0.084   0.488   0.095   0.037   0.437   0.063   0.003   0.512   0.169   0.105  -0.423    -1880.57356
   0.088   0.208   0.147   0.027   0.514   0.043   0.014   0.355   0.263   0.130  -0.394    -1073.75706
   0.108   0.374   0.123   0.030   0.303   0.053   0.000   0.504   0.228   0.089  -0.302    -1932.79059
   0.078   0.372   0.106   0.029   0.477   0.039   0.003   0.441   0.301   0.081  -0.365    -1741.75717
