   0.087   0.392   0.086   0.032   0.510   0.043   0.005   0.403   0.146   0.079  -0.246    -1501.07647
   0.082   0.479   0.081   0.027   0.532   0.054   0.004   0.313   0.181   0.083  -0.321    -1115.08373
   0.074   0.150   0.102   0.039   0.456   0.036   0.004   0.413   0.248   0.095  -0.345    -1664.25640
   0.088   0.390   0.114   0.023   0.482   0.047   0.000   0.469   0.222   0.114  -0.340    -1648.06674
   0.074   0.226   0.123   0.036   0.503   0.030   0.000   0.302   0.138   0.129  -0.305    -1219.20565
   0.070   0.354   0.115   0.028   0.502   0.042   0.000   0.450   0.146   0.093  -0.364    -1716.63749
   0.083   0.455   0.100   0.039   0.442   0.057   0.003   0.403   0.164   0.103  -0.407    -1559.80269
   0.095   0.268   0.131   0.024   0.474   0.042   0.011   0.424   0.215   0.146  -0.356    -1405.93715
   0.084   0.478   0.148   0.034   0.442   0.058   0.000   0.495   0.191   0.086  -0.300    -1695.22736
   0.085   0.199   0.081   0.026   0.464   0.047   0.002   0.394   0.280   0.120  -0.373    -1544.98147
