   0.106   0.152   0.104   0.026   0.583   0.038   0.007   0.477   0.143   0.076  -0.223    -1405.48109
   0.073   0.279   0.099   0.033   0.510   0.032   0.006   0.495   0.166   0.083  -0.329    -1931.65422
   0.111   0.114   0.109   0.050   0.486   0.054   0.002   0.339   0.239   0.079  -0.301     -950.48345
   0.099   0.177   0.096   0.033   0.503   0.045   0.001   0.306   0.152   0.090  -0.359     -858.96220
   0.100   0.216   0.083   0.027   0.506   0.031   0.002   0.382   0.130   0.128  -0.360    -1336.32317
   0.076   0.300   0.123   0.027   0.524   0.051   0.000   0.326   0.162   0.106  -0.439    -1149.64060
   0.105   0.241   0.104   0.028   0.528   0.063   0.008   0.189   0.205   0.133  -0.354     -214.94758
   0.077   0.207   0.131   0.031   0.494   0.031   0.008   0.422   0.334   0.145  -0.373    -1533.99024
   0.107   0.105   0.117   0.021   0.486   0.048   0.000   0.448   0.340   0.043  -0.252    -1348.07040
   0.084   0.267   0.107   0.025   0.484   0.046   0.002   0.331   0.274   0.090  -0.314    -1232.20212
