   0.101   0.556   0.047   0.029   0.165   0.167   0.157   0.354   0.227   0.112  -0.285    -1059.14104
   0.114   0.247   0.033   0.017   0.456   0.113   0.196   0.372   0.127   0.118  -0.277     -246.95052
   0.141   0.408   0.051   0.028   0.130   0.196   0.155   0.338   0.193   0.088  -0.311     -774.19604
   0.157   0.112   0.035   0.035   0.492   0.151   0.157   0.464   0.148   0.112  -0.406      486.16960
   0.116   0.423   0.041   0.024   0.463   0.069   0.225   0.378   0.155   0.124  -0.331     -396.17955
   0.110   0.247   0.039   0.025   0.458   0.082   0.197   0.168   0.126   0.104  -0.296     -290.68767
   0.097   0.416   0.048   0.031   0.223   0.130   0.156   0.313   0.171   0.116  -0.320     -903.37927
   0.105   0.422   0.058   0.023   0.171   0.203   0.179   0.492   0.274   0.134  -0.337     -705.19372
   0.091   0.364   0.061   0.034   0.199   0.181   0.152   0.517   0.304   0.057  -0.208     -707.93047
   0.123   0.323   0.055   0.021   0.511   0.087   0.173   0.318   0.260   0.100  -0.263      144.99336
