   0.118   0.517   0.050   0.030   0.133   0.180   0.123   0.427   0.192   0.106  -0.375     -884.59421
   0.102   0.570   0.037   0.023   0.235   0.155   0.135   0.346   0.218   0.112  -0.301     -657.61116
   0.106   0.232   0.064   0.021   0.139   0.124   0.162   0.366   0.305   0.093  -0.237    -1158.66662
   0.116   0.504   0.053   0.027   0.150   0.152   0.152   0.344   0.186   0.105  -0.211     -950.11450
   0.115   0.359   0.039   0.031   0.226   0.208   0.155   0.349   0.180   0.087  -0.321     -381.59411
   0.093   0.442   0.046   0.029   0.159   0.139   0.118   0.291   0.160   0.070  -0.357    -1075.64773
   0.102   0.532   0.053   0.021   0.179   0.142   0.152   0.301   0.186   0.128  -0.421    -1062.26079
   0.117   0.382   0.050   0.021   0.166   0.160   0.201   0.561   0.347   0.160  -0.371     -855.09208
   0.099   0.562   0.084   0.032   0.150   0.140   0.152   0.314   0.227   0.073  -0.249    -1139.22084
   0.121   0.310   0.056   0.023   0.125   0.172   0.124   0.376   0.243   0.097  -0.273    -1019.65655
