   0.130   0.197   0.033   0.025   0.455   0.097   0.217   0.375   0.126   0.069  -0.228     -204.45323
   0.089   0.375   0.054   0.027   0.162   0.134   0.161   0.276   0.209   0.073  -0.274    -1266.05698
   0.110   0.310   0.078   0.023   0.122   0.183   0.162   0.325   0.319   0.089  -0.187    -1076.65931
   0.105   0.326   0.057   0.026   0.141   0.157   0.148   0.522   0.155   0.108  -0.320    -1065.31335
   0.144   0.462   0.051   0.024   0.515   0.079   0.138   0.415   0.196   0.090  -0.355      534.60124
   0.113   0.547   0.041   0.024   0.294   0.169   0.152   0.222   0.152   0.073  -0.336     -357.01495
   0.104   0.444   0.047   0.038   0.191   0.175   0.174   0.268   0.185   0.144  -0.363     -899.62855
   0.109   0.569   0.065   0.026   0.158   0.177   0.171   0.404   0.235   0.126  -0.443     -893.98915
   0.104   0.300   0.066   0.032   0.167   0.178   0.182   0.480   0.351   0.037  -0.173     -943.94383
   0.101   0.545   0.069   0.024   0.161   0.149   0.148   0.290   0.193   0.074  -0.282    -1107.31391
