   0.080   0.432   0.095   0.042   0.653   0.040   0.000   0.467   0.180   0.096  -0.230    -1441.65949
   0.086   0.191   0.107   0.017   0.598   0.031   0.021   0.284   0.171   0.079  -0.275     -729.95074
   0.098   0.276   0.111   0.048   0.542   0.043   0.004   0.395   0.265   0.101  -0.450    -1145.43966
   0.094   0.091   0.087   0.085   0.571   0.043   0.011   0.205   0.184   0.108  -0.325     -152.52500
   0.114   0.378   0.100   0.032   0.598   0.041   0.002   0.311   0.143   0.080  -0.290     -663.01478
   0.079   0.211   0.084   0.046   0.568   0.030   0.008   0.248   0.119   0.083  -0.265     -695.21355
   0.093   0.333   0.077   0.040   0.590   0.048   0.003   0.372   0.186   0.096  -0.407    -1166.32824
   0.088   0.280   0.107   0.028   0.599   0.037   0.015   0.389   0.224   0.133  -0.264    -1101.87594
   0.108   0.244   0.105   0.030   0.613   0.039   0.005   0.390   0.314   0.056  -0.319     -909.69666
   0.113   0.299   0.097   0.021   0.590   0.053   0.009   0.214   0.298   0.121  -0.391     -127.51891
