   0.080   0.156   0.111   0.032   0.554   0.030   0.016   0.261   0.153   0.055  -0.297     -848.36924
   0.101   0.292   0.073   0.024   0.582   0.058   0.004   0.457   0.141   0.085  -0.375    -1436.91362
   0.080   0.179   0.103   0.039   0.522   0.031   0.001   0.429   0.300   0.113  -0.406    -1530.66972
   0.102   0.217   0.112   0.023   0.557   0.055   0.003   0.478   0.204   0.090  -0.337    -1399.85519
   0.107   0.442   0.139   0.026   0.567   0.059   0.008   0.193   0.163   0.100  -0.376      -68.79904
   0.087   0.434   0.130   0.031   0.589   0.044   0.002   0.343   0.126   0.107  -0.354     -882.89114
   0.080   0.331   0.081   0.036   0.555   0.038   0.003   0.369   0.207   0.102  -0.370    -1362.50291
   0.098   0.455   0.134   0.024   0.519   0.055   0.008   0.464   0.229   0.172  -0.324    -1396.21556
   0.088   0.176   0.157   0.047   0.605   0.032   0.001   0.481   0.302   0.059  -0.255    -1321.33533
   0.096   0.442   0.095   0.030   0.556   0.062   0.003   0.475   0.318   0.078  -0.368    -1492.62592
