   0.095   0.263   0.054   0.030   0.149   0.155   0.131   0.354   0.154   0.099  -0.260    -1030.34275
   0.096   0.368   0.060   0.034   0.139   0.124   0.135   0.316   0.224   0.063  -0.283    -1275.52469
   0.099   0.276   0.060   0.028   0.163   0.267   0.133   0.412   0.271   0.064  -0.330     -492.54059
   0.105   0.276   0.055   0.027   0.233   0.167   0.130   0.369   0.196   0.106  -0.337     -453.11781
   0.116   0.341   0.046   0.022   0.160   0.172   0.155   0.410   0.151   0.103  -0.389     -869.43292
   0.108   0.371   0.037   0.032   0.282   0.114   0.163   0.218   0.128   0.076  -0.217     -578.83316
   0.135   0.277   0.041   0.040   0.454   0.130   0.142   0.296   0.260   0.096  -0.360      357.84298
   0.116   0.315   0.045   0.021   0.195   0.162   0.186   0.461   0.283   0.121  -0.315     -704.03817
   0.084   0.202   0.077   0.023   0.145   0.162   0.176   0.566   0.260   0.052  -0.185    -1114.03698
   0.116   0.404   0.041   0.027   0.182   0.212   0.144   0.360   0.275   0.092  -0.294     -634.72067
