    0.1918    0.3324    0.1438    0.1354    0.0959    0.0984    0.0001    0.4523    0.1507       52.0528
    0.1887    0.3356    0.1367    0.1502    0.0944    0.0920    0.0001    0.4488    0.1445       51.9296
    0.1883    0.3164    0.0969    0.0764    0.0941    0.0870    0.0001    0.4177    0.0964       62.6401
    0.1905    0.3389    0.1171    0.1745    0.0953    0.0738    0.0001    0.4796    0.1099       60.7796
    0.1695    0.3423    0.1077    0.0684    0.0847    0.1126    0.0001    0.4269    0.1108       23.9709
    0.1662    0.3449    0.0922    0.0991    0.0831    0.0976    0.0001    0.4175    0.0996       23.5342
    0.1773    0.3500    0.1414    0.1290    0.0886    0.1308    0.0001    0.4577    0.1632       23.6487
    0.1833    0.3601    0.1549    0.1981    0.0916    0.1151    0.0001    0.5008    0.1682       22.5913
    0.1707    0.3798    0.1117    0.2060    0.0854    0.1364    0.0001    0.5125    0.1283       11.4917
    0.2026    0.3833    0.1875    0.2847    0.1013    0.1243    0.0001    0.6500    0.1974        8.2778
    0.1702    0.3302    0.0936    0.0336    0.0851    0.0995    0.0001    0.4066    0.1163        6.8203
    0.1755    0.3402    0.1046    0.1428    0.0878    0.0723    0.0001    0.4413    0.1302        4.5454
    0.1889    0.3235    0.1116    0.1014    0.0945    0.1088    0.0001    0.4380    0.1389       45.7788
    0.1828    0.3381    0.0978    0.1629    0.0914    0.0895    0.0001    0.4512    0.1200       42.9461
    0.1671    0.3279    0.0738    0.0411    0.0836    0.0895    0.0001    0.3835    0.0953       23.0920
    0.1716    0.3401    0.0925    0.1270    0.0858    0.0780    0.0001    0.4232    0.1090       21.9648
    0.2064    0.3319    0.1637    0.1671    0.1032    0.0948    0.0001    0.5121    0.1290       90.6714
    0.2074    0.3403    0.1643    0.1997    0.1037    0.0894    0.0001    0.5342    0.1304       90.3277
    0.1668    0.3502    0.0983    0.1116    0.0834    0.1386    0.0001    0.3992    0.0891       79.1585
    0.1681    0.3529    0.1029    0.1316    0.0841    0.1310    0.0001    0.4091    0.0921       79.0682
    0.1903    0.3779    0.1868    0.2487    0.0951    0.1101    0.0001    0.5600    0.1868       36.0104
    0.1860    0.3693    0.1629    0.2265    0.0930    0.0969    0.0001    0.5103    0.1702       35.7414
    0.1921    0.3550    0.1973    0.1198    0.0960    0.1340    0.0001    0.5609    0.1583       15.5252
    0.1942    0.3552    0.1991    0.1518    0.0971    0.1119    0.0001    0.5635    0.1642       15.0245
    0.1866    0.3271    0.0133    0.0316    0.0933    0.1249    0.0001    0.4089    0.1128      -39.5919
    0.1698    0.3078    0.0115    0.0002    0.0849    0.0349    0.0001    0.3528    0.0971      -57.0580
    0.1694    0.3277    0.0926    0.0676    0.0847    0.0917    0.0001    0.4175    0.1154       -2.6680
    0.1698    0.3409    0.1041    0.1285    0.0849    0.0924    0.0001    0.4506    0.1236       -3.3816
    0.1964    0.3315    0.1698    0.0693    0.0982    0.1455    0.0001    0.5046    0.1542       52.5052
    0.2050    0.3623    0.2066    0.2443    0.1025    0.1309    0.0001    0.6245    0.1785       49.4404
    0.1669    0.3647    0.1170    0.1695    0.0835    0.1198    0.0001    0.4587    0.1287       11.3914
    0.1706    0.3815    0.1428    0.2040    0.0853    0.1491    0.0001    0.5088    0.1578       10.4627
    0.1732    0.3331    0.0796    0.0936    0.0866    0.1353    0.0001    0.3808    0.1197       43.8482
    0.1854    0.3418    0.1091    0.1737    0.0927    0.0866    0.0001    0.4398    0.1435       40.5066
    0.1670    0.3495    0.1337    0.0929    0.0835    0.1313    0.0001    0.4085    0.1312       46.9126
    0.1642    0.3682    0.1221    0.1914    0.0821    0.0980    0.0001    0.4354    0.1215       43.1626
    0.1621    0.3419    0.0812    0.1092    0.0810    0.0953    0.0001    0.3730    0.0843       63.6527
    0.1677    0.3332    0.0918    0.1076    0.0838    0.0701    0.0001    0.3756    0.0933       63.0998
    0.2043    0.3601    0.2038    0.1809    0.1021    0.1409    0.0001    0.6092    0.1672       52.8012
    0.1970    0.3703    0.1800    0.2375    0.0985    0.1157    0.0001    0.6076    0.1387       50.8859
    0.1703    0.3270    0.0895    0.0031    0.0851    0.1067    0.0001    0.3950    0.0904       37.8412
    0.1671    0.3302    0.0731    0.0034    0.0835    0.1049    0.0001    0.3895    0.0828       37.2736
    0.1988    0.3645    0.1858    0.2173    0.0994    0.1266    0.0001    0.5926    0.1579       45.2155
    0.1981    0.3674    0.1768    0.2396    0.0990    0.1231    0.0001    0.5892    0.1658       44.5834
    0.1651    0.3450    0.1237    0.0806    0.0825    0.0871    0.0001    0.4133    0.1358       -9.6019
    0.1697    0.3540    0.1444    0.1276    0.0849    0.0911    0.0001    0.4515    0.1513      -10.0775
    0.1816    0.3887    0.1695    0.2474    0.0908    0.1354    0.0001    0.5706    0.1647       31.6863
    0.1939    0.3715    0.1762    0.2533    0.0970    0.0985    0.0001    0.5577    0.1783       30.3433
    0.1708    0.3144    0.0700    0.0018    0.0854    0.0433    0.0001    0.3716    0.1122        7.0642
    0.1812    0.3128    0.1003    0.0479    0.0906    0.0301    0.0001    0.4050    0.1275        5.9617
    0.1696    0.3752    0.1135    0.2168    0.0848    0.1072    0.0001    0.4913    0.1224       42.4708
    0.1919    0.3720    0.1393    0.2561    0.0959    0.0955    0.0001    0.5430    0.1531       40.4944
    0.1647    0.3466    0.0969    0.0869    0.0824    0.1128    0.0001    0.3947    0.1256       15.2356
    0.1673    0.3623    0.1127    0.1602    0.0837    0.1002    0.0001    0.4391    0.1301       13.7627
    0.1768    0.3434    0.1284    0.1035    0.0884    0.1067    0.0001    0.4384    0.1335       27.0379
    0.1769    0.3575    0.1321    0.1736    0.0884    0.0846    0.0001    0.4660    0.1350       25.6002
    0.1799    0.3086    0.0757    0.0160    0.0899    0.1015    0.0001    0.3730    0.1000       70.5225
    0.1796    0.3080    0.0741    0.0166    0.0898    0.0981    0.0001    0.3713    0.0981       70.5091
    0.1638    0.3337    0.0922    0.1065    0.0819    0.0310    0.0001    0.3904    0.1004       17.6159
    0.1799    0.3587    0.1501    0.2237    0.0900    0.0303    0.0001    0.5046    0.1440       15.6711
    0.1665    0.3357    0.0420    0.1143    0.0833    0.0779    0.0001    0.3579    0.0915       58.5664
    0.1585    0.3489    0.0423    0.1316    0.0793    0.0747    0.0001    0.3675    0.0758       56.0551
    0.1830    0.3155    0.1046    0.0301    0.0915    0.0681    0.0001    0.4216    0.1219       22.2066
    0.1803    0.3321    0.1051    0.1310    0.0902    0.0583    0.0001    0.4492    0.1192       21.1512
    0.1741    0.3570    0.1410    0.1459    0.0871    0.1243    0.0001    0.4746    0.1584        3.5781
    0.1776    0.3669    0.1488    0.2011    0.0888    0.1136    0.0001    0.5103    0.1625        2.8262
    0.1776    0.3288    0.1027    0.0409    0.0888    0.0802    0.0001    0.4163    0.1182       25.0151
    0.1680    0.3566    0.0952    0.1495    0.0840    0.0883    0.0001    0.4485    0.1098       22.4650
    0.1562    0.3473    0.0735    0.1182    0.0781    0.1350    0.0001    0.3745    0.0939       47.0670
    0.1573    0.3452    0.0721    0.1187    0.0787    0.1297    0.0001    0.3708    0.0957       47.0079
    0.1990    0.3213    0.1222    0.1494    0.0995    0.0773    0.0001    0.4702    0.1424       54.4162
    0.2006    0.3264    0.1259    0.1723    0.1003    0.0756    0.0001    0.4888    0.1381       54.1097
    0.1673    0.3347    0.0843    0.1005    0.0837    0.0814    0.0001    0.3860    0.0972       52.5612
    0.1834    0.3522    0.1308    0.2012    0.0917    0.0800    0.0001    0.4741    0.1295       49.7846
    0.1852    0.3276    0.0906    0.1021    0.0926    0.0797    0.0001    0.4022    0.1176       45.9470
    0.1887    0.3447    0.1075    0.1646    0.0943    0.0857    0.0001    0.4549    0.1289       45.0289
    0.1728    0.3266    0.0662    0.0854    0.0864    0.0759    0.0001    0.3704    0.0956       52.3325
    0.1808    0.3392    0.0934    0.1450    0.0904    0.0729    0.0001    0.4154    0.1165       51.1496
    0.1622    0.3943    0.1396    0.1973    0.0811    0.1605    0.0001    0.5204    0.1202       57.0706
    0.1753    0.3744    0.1299    0.2274    0.0877    0.0783    0.0001    0.4982    0.1176       50.2057
    0.1608    0.3433    0.1096    0.0965    0.0804    0.0651    0.0001    0.4020    0.1071        1.9692
    0.1704    0.3495    0.1440    0.1383    0.0852    0.0659    0.0001    0.4507    0.1409        0.6470
    0.1800    0.3425    0.1402    0.1113    0.0900    0.1288    0.0001    0.4592    0.1443       44.2008
    0.1774    0.3520    0.1219    0.1790    0.0887    0.1012    0.0001    0.4593    0.1307       41.5704
    0.1842    0.3231    0.1116    0.0561    0.0921    0.0768    0.0001    0.4292    0.1218       38.4990
    0.1953    0.3489    0.1525    0.2002    0.0976    0.0636    0.0001    0.5312    0.1491       34.2791
    0.2085    0.3295    0.1493    0.1306    0.1042    0.0744    0.0001    0.4757    0.1623       38.3141
    0.2171    0.3465    0.1772    0.2243    0.1085    0.0612    0.0001    0.5466    0.1941       36.7117
    0.2047    0.3191    0.1574    0.0724    0.1023    0.0892    0.0001    0.4421    0.1541       80.3987
    0.2068    0.3130    0.1567    0.0270    0.1034    0.0855    0.0001    0.4339    0.1555       80.2144
    0.1592    0.3398    0.0921    0.1032    0.0796    0.0883    0.0001    0.3852    0.0982       18.0796
    0.1632    0.3588    0.1166    0.1689    0.0816    0.0964    0.0001    0.4426    0.1187       17.2900
    0.1562    0.3777    0.1241    0.1885    0.0781    0.1387    0.0001    0.4858    0.1141       16.6370
    0.1675    0.3789    0.1525    0.2245    0.0838    0.1323    0.0001    0.5231    0.1461       15.5132
    0.1668    0.3387    0.0726    0.0640    0.0834    0.1235    0.0001    0.3809    0.0962       37.7280
    0.1681    0.3329    0.0734    0.0209    0.0841    0.1209    0.0001    0.3734    0.1009       37.5034
    0.1671    0.3612    0.0737    0.1391    0.0835    0.1436    0.0001    0.4096    0.1039       53.0788
    0.1725    0.3519    0.0766    0.1574    0.0863    0.0998    0.0001    0.4057    0.1094       51.7417
    0.1672    0.3341    0.1070    0.0333    0.0836    0.0889    0.0001    0.3811    0.1133       24.8536
    0.1669    0.3341    0.1073    0.0335    0.0835    0.0886    0.0001    0.3799    0.1133       24.8478
    0.1656    0.3248    0.0731    0.0427    0.0828    0.1072    0.0001    0.3471    0.0783       82.1009
    0.1678    0.3617    0.1034    0.1872    0.0839    0.1121    0.0001    0.4281    0.0918       79.5563
    0.1489    0.3371    0.0200    0.0528    0.0744    0.0640    0.0001    0.3102    0.0880      -20.3555
    0.1533    0.3350    0.0214    0.0015    0.0766    0.0784    0.0001    0.3331    0.0947      -22.8060
    0.1847    0.3775    0.1482    0.2408    0.0924    0.1380    0.0001    0.5509    0.1362       63.2427
    0.1922    0.3681    0.1507    0.2407    0.0961    0.1219    0.0001    0.5417    0.1430       62.7321
    0.1678    0.3447    0.1075    0.0657    0.0839    0.1268    0.0001    0.3885    0.1316       19.0659
    0.1663    0.3398    0.0979    0.0509    0.0832    0.1158    0.0001    0.3764    0.1229       18.9258
    0.1695    0.3356    0.0869    0.0722    0.0848    0.1091    0.0001    0.4012    0.1014       34.3354
    0.1736    0.3301    0.0935    0.0712    0.0868    0.0927    0.0001    0.4019    0.1079       34.0555
    0.1522    0.3572    0.0788    0.1362    0.0761    0.1078    0.0001    0.3999    0.0973       24.1764
    0.1711    0.3677    0.1404    0.2127    0.0855    0.1039    0.0001    0.4974    0.1434       20.9796
    0.1677    0.3698    0.1178    0.1894    0.0839    0.1124    0.0001    0.4519    0.1405       20.2420
    0.1710    0.3660    0.1211    0.1914    0.0855    0.1038    0.0001    0.4543    0.1432       20.1538
    0.1626    0.3435    0.0839    0.0871    0.0813    0.1112    0.0001    0.3908    0.0947       30.4127
    0.1682    0.3473    0.1018    0.1246    0.0841    0.0938    0.0001    0.4134    0.1091       29.5970
    0.1868    0.3589    0.1613    0.2189    0.0934    0.0963    0.0001    0.5117    0.1639       32.6534
    0.1871    0.3558    0.1608    0.2095    0.0935    0.0950    0.0001    0.5027    0.1717       32.4571
    0.1735    0.3680    0.1500    0.2267    0.0867    0.0878    0.0001    0.5246    0.1335       18.9776
    0.1796    0.3701    0.1622    0.2432    0.0898    0.0916    0.0001    0.5435    0.1533       18.5586
    0.1578    0.3677    0.0808    0.1405    0.0789    0.1458    0.0001    0.4214    0.0979       34.5364
    0.1665    0.3629    0.0967    0.1729    0.0833    0.0930    0.0001    0.4434    0.1097       31.3748
    0.1754    0.3339    0.0893    0.0832    0.0877    0.1248    0.0001    0.3972    0.0994       69.1224
    0.1805    0.3594    0.1145    0.1909    0.0902    0.1226    0.0001    0.4668    0.1170       67.2332
    0.1809    0.3227    0.1403    0.0249    0.0905    0.0889    0.0001    0.4232    0.1494       14.0765
    0.1821    0.3229    0.1435    0.0248    0.0911    0.0925    0.0001    0.4271    0.1531       14.0514
    0.1850    0.3104    0.0946    0.0665    0.0925    0.0380    0.0001    0.3914    0.1256       23.2401
    0.1835    0.3272    0.1046    0.1420    0.0918    0.0300    0.0001    0.4223    0.1368       22.0057
    0.1776    0.3454    0.1130    0.1038    0.0888    0.1501    0.0001    0.4364    0.1374       32.2723
    0.1778    0.3517    0.1103    0.1572    0.0889    0.1217    0.0001    0.4496    0.1345       31.2215
    0.1810    0.3290    0.1258    0.0615    0.0905    0.0814    0.0001    0.4281    0.1279       30.2599
    0.1860    0.3473    0.1444    0.1719    0.0930    0.0650    0.0001    0.4853    0.1378       28.5763
    0.1891    0.3185    0.1209    0.0466    0.0946    0.1146    0.0001    0.4220    0.1295       59.5818
    0.1894    0.3173    0.1215    0.0027    0.0947    0.1200    0.0001    0.4205    0.1286       59.3627
    0.1681    0.3351    0.1073    0.1066    0.0841    0.0624    0.0001    0.4065    0.1291        2.5835
    0.1724    0.3552    0.1332    0.1848    0.0862    0.0718    0.0001    0.4698    0.1459        1.0861
    0.1737    0.3398    0.1002    0.0914    0.0869    0.1069    0.0001    0.4007    0.1028       54.1706
    0.1827    0.3590    0.1351    0.1880    0.0913    0.0937    0.0001    0.4696    0.1382       51.0943
    0.1585    0.3344    0.0720    0.1001    0.0792    0.0311    0.0001    0.3788    0.0966        5.5902
    0.1709    0.3570    0.1215    0.2046    0.0855    0.0304    0.0001    0.4714    0.1457        0.9345
    0.1772    0.3312    0.1184    0.1030    0.0886    0.0564    0.0001    0.4016    0.1448       21.0083
    0.1757    0.3453    0.1145    0.1629    0.0879    0.0424    0.0001    0.4299    0.1359       19.2434
    0.1642    0.3476    0.1158    0.1379    0.0821    0.0715    0.0001    0.4408    0.1420      -32.0804
    0.1627    0.3694    0.1218    0.2008    0.0813    0.0946    0.0001    0.4895    0.1503      -33.8984
    0.1525    0.3753    0.0851    0.1968    0.0763    0.1403    0.0001    0.3948    0.1036       86.7499
    0.1700    0.3873    0.1462    0.2631    0.0850    0.1481    0.0001    0.4954    0.1362       85.2235
    0.1641    0.3335    0.0795    0.0906    0.0821    0.0569    0.0001    0.4020    0.1034       16.8632
    0.1665    0.3444    0.0902    0.1336    0.0832    0.0543    0.0001    0.4147    0.1071       15.6868
    0.1685    0.3492    0.1312    0.1106    0.0842    0.1409    0.0001    0.4407    0.1068       49.0141
    0.1621    0.3254    0.0832    0.0431    0.0811    0.0889    0.0001    0.3647    0.0786       47.3877
    0.1888    0.3410    0.1791    0.1380    0.0944    0.0998    0.0001    0.5120    0.1534       37.6212
    0.1790    0.3634    0.1564    0.2069    0.0895    0.1040    0.0001    0.5266    0.1384       34.6549
    0.1839    0.3292    0.0895    0.0823    0.0920    0.1134    0.0001    0.4218    0.1139       48.3149
    0.1910    0.3344    0.1004    0.1609    0.0955    0.0728    0.0001    0.4519    0.1244       46.7280
    0.1581    0.3491    0.0644    0.0917    0.0791    0.1130    0.0001    0.3839    0.1017       10.4789
    0.1670    0.3504    0.0907    0.1358    0.0835    0.0799    0.0001    0.4155    0.1209        8.4631
    0.1617    0.3455    0.0745    0.1407    0.0809    0.0450    0.0001    0.3909    0.0883       36.2583
    0.1776    0.3644    0.1398    0.2248    0.0888    0.0538    0.0001    0.4936    0.1346       33.0997
    0.1669    0.3302    0.0748    0.1004    0.0835    0.0687    0.0001    0.3750    0.0781       68.0093
    0.1694    0.3294    0.0812    0.1035    0.0847    0.0623    0.0001    0.3783    0.0837       67.8574
    0.1794    0.3344    0.1034    0.1131    0.0897    0.0951    0.0001    0.4129    0.1387       23.0394
    0.1781    0.3411    0.1019    0.1378    0.0890    0.0951    0.0001    0.4231    0.1351       22.7653
    0.1941    0.3369    0.1452    0.1292    0.0971    0.0841    0.0001    0.4681    0.1537       36.7592
    0.1977    0.3551    0.1554    0.2172    0.0989    0.0682    0.0001    0.5217    0.1627       34.7300
    0.1633    0.3396    0.0743    0.0924    0.0817    0.0833    0.0001    0.3788    0.0872       40.9937
    0.1713    0.3505    0.1060    0.1527    0.0857    0.0802    0.0001    0.4313    0.1072       39.7468
    0.1901    0.3255    0.1277    0.1335    0.0950    0.0637    0.0001    0.4508    0.1375       45.2530
    0.1838    0.3473    0.1206    0.2042    0.0919    0.0706    0.0001    0.4910    0.1249       42.5198
    0.1749    0.3263    0.0744    0.0507    0.0874    0.0755    0.0001    0.3662    0.0918       62.2992
    0.1783    0.3250    0.0799    0.0816    0.0892    0.0479    0.0001    0.3728    0.1016       61.6159
    0.1690    0.3296    0.1050    0.0702    0.0845    0.0629    0.0001    0.4018    0.1125       19.8894
    0.1684    0.3388    0.1020    0.1241    0.0842    0.0532    0.0001    0.4170    0.1105       19.2310
    0.1758    0.3569    0.1241    0.0981    0.0879    0.1441    0.0001    0.4339    0.1329       37.6377
    0.1771    0.3419    0.1136    0.0004    0.0886    0.1361    0.0001    0.4054    0.1288       36.4150
    0.1661    0.3425    0.1171    0.0850    0.0831    0.0692    0.0001    0.4439    0.1153       -8.8194
    0.1969    0.3556    0.1998    0.1930    0.0985    0.0724    0.0001    0.5924    0.1815      -12.7623
    0.1628    0.3546    0.0945    0.1206    0.0814    0.1226    0.0001    0.4177    0.0891       46.1461
    0.1781    0.3604    0.1398    0.1888    0.0890    0.0939    0.0001    0.4882    0.1233       43.2977
    0.1653    0.3411    0.0769    0.0600    0.0827    0.0888    0.0001    0.3769    0.0964       26.8317
    0.1695    0.3461    0.0932    0.1063    0.0847    0.0734    0.0001    0.4013    0.1077       26.2164
    0.1939    0.3407    0.1460    0.1773    0.0969    0.0828    0.0001    0.4637    0.1677       49.4024
    0.1956    0.3621    0.1627    0.2407    0.0978    0.1043    0.0001    0.5230    0.1772       48.4287
    0.1610    0.3427    0.0700    0.1359    0.0805    0.0661    0.0001    0.3849    0.0866       40.6171
    0.1675    0.3651    0.1081    0.2050    0.0838    0.0932    0.0001    0.4670    0.1075       38.9451
    0.1756    0.3232    0.1056    0.0831    0.0878    0.0338    0.0001    0.3930    0.1075       43.5135
    0.1929    0.3501    0.1670    0.2215    0.0965    0.0306    0.0001    0.5233    0.1445       37.9081
    0.1689    0.3374    0.0695    0.1528    0.0844    0.0502    0.0001    0.3865    0.0932       59.1671
    0.1784    0.3536    0.1122    0.2188    0.0892    0.0659    0.0001    0.4620    0.1228       57.7617
    0.1586    0.3409    0.0420    0.0847    0.0793    0.0906    0.0001    0.3701    0.0907       15.6252
    0.1621    0.3283    0.0403    0.0569    0.0811    0.0667    0.0001    0.3543    0.0924       15.0074
    0.1546    0.3756    0.1089    0.1871    0.0773    0.1128    0.0001    0.4433    0.1075       33.6619
    0.1652    0.3782    0.1381    0.2263    0.0826    0.1076    0.0001    0.4911    0.1311       32.8581
    0.1622    0.3557    0.1009    0.1741    0.0811    0.0784    0.0001    0.4330    0.0689       70.2426
    0.1756    0.3653    0.1390    0.2357    0.0878    0.0695    0.0001    0.5077    0.1102       67.1805
    0.1770    0.3504    0.1375    0.1374    0.0885    0.1368    0.0001    0.4513    0.1191       50.1229
    0.1824    0.3647    0.1617    0.1893    0.0912    0.1390    0.0001    0.5047    0.1497       49.0483
    0.1986    0.3803    0.1948    0.2497    0.0993    0.1150    0.0001    0.5992    0.1783       45.7152
    0.2132    0.3908    0.2048    0.3264    0.1066    0.1049    0.0001    0.7067    0.1809       42.7802
    0.1667    0.3157    0.0689    0.0292    0.0833    0.0770    0.0001    0.3407    0.0725       91.1720
    0.1680    0.3403    0.0882    0.1469    0.0840    0.0752    0.0001    0.3884    0.0798       88.9742
    0.1996    0.3435    0.1563    0.2002    0.0998    0.0645    0.0001    0.5033    0.1746       35.9296
    0.1964    0.3561    0.1592    0.2310    0.0982    0.0722    0.0001    0.5311    0.1703       35.4311
    0.1562    0.3598    0.0877    0.1295    0.0781    0.1193    0.0001    0.4117    0.0963       22.6217
    0.1754    0.3898    0.1652    0.2583    0.0877    0.1229    0.0001    0.5803    0.1443       19.7776
    0.1825    0.3299    0.0912    0.0805    0.0913    0.1250    0.0001    0.4041    0.1064       69.6786
    0.1847    0.3257    0.0922    0.0829    0.0923    0.1120    0.0001    0.4012    0.1100       69.5351
    0.1697    0.3514    0.1057    0.1658    0.0848    0.0685    0.0001    0.4608    0.1274        1.2181
    0.1789    0.3573    0.1349    0.1974    0.0895    0.0762    0.0001    0.5150    0.1446        0.7513
    0.1686    0.3309    0.0884    0.0844    0.0843    0.1044    0.0001    0.3846    0.1036       57.5263
    0.1855    0.3697    0.1558    0.2472    0.0928    0.1162    0.0001    0.5454    0.1420       52.8657
    0.1742    0.3388    0.1204    0.0723    0.0871    0.1316    0.0001    0.4859    0.1128       15.3902
    0.1816    0.3706    0.1632    0.2119    0.0908    0.1368    0.0001    0.6205    0.1357       12.8256
    0.1705    0.3313    0.1103    0.0867    0.0852    0.0708    0.0001    0.4035    0.1114       36.4102
    0.1723    0.3485    0.1279    0.1564    0.0862    0.0746    0.0001    0.4481    0.1205       36.1047
    0.1660    0.3323    0.0829    0.1034    0.0830    0.0911    0.0001    0.3730    0.0983       55.8332
    0.1782    0.3555    0.1222    0.2066    0.0891    0.0919    0.0001    0.4592    0.1316       52.9019
    0.1821    0.3469    0.1279    0.1255    0.0911    0.1074    0.0001    0.4723    0.1232       87.8602
    0.2046    0.3625    0.1692    0.2676    0.1023    0.0584    0.0001    0.5823    0.1272       81.2379
    0.1804    0.3398    0.1275    0.1066    0.0902    0.0782    0.0001    0.4661    0.1055       33.4075
    0.2021    0.3462    0.1829    0.1741    0.1011    0.0698    0.0001    0.5561    0.1637       29.6854
    0.1800    0.3367    0.1112    0.1373    0.0900    0.0702    0.0001    0.4318    0.1274       26.4811
    0.1903    0.3483    0.1456    0.1870    0.0951    0.0835    0.0001    0.4924    0.1616       25.5047
    0.1651    0.3541    0.0834    0.1385    0.0826    0.1307    0.0001    0.4051    0.1079       52.0120
    0.1820    0.3512    0.1167    0.1948    0.0910    0.0842    0.0001    0.4505    0.1355       48.9553
    0.1514    0.3615    0.0937    0.0993    0.0757    0.1171    0.0001    0.3900    0.1067       -1.2205
    0.1616    0.3600    0.1187    0.1403    0.0808    0.0911    0.0001    0.4192    0.1334       -2.9915
    0.1738    0.3324    0.1064    0.0014    0.0869    0.1091    0.0001    0.3978    0.1398        9.3543
    0.1738    0.3328    0.1065    0.0014    0.0869    0.1082    0.0001    0.3976    0.1401        9.3456
    0.2087    0.3285    0.1393    0.1581    0.1043    0.0744    0.0001    0.4790    0.1430       75.0258
    0.2064    0.3147    0.1198    0.1179    0.1032    0.0593    0.0001    0.4378    0.1392       74.1909
    0.1627    0.3273    0.0753    0.0790    0.0814    0.0554    0.0001    0.3527    0.0964       41.7953
    0.1652    0.3376    0.0873    0.1280    0.0826    0.0565    0.0001    0.3805    0.1035       41.3696
    0.1745    0.3473    0.1230    0.0666    0.0873    0.1391    0.0001    0.4471    0.1300       16.6210
    0.1739    0.3447    0.1170    0.0759    0.0870    0.1252    0.0001    0.4380    0.1261       16.5410
    0.1660    0.3203    0.0695    0.0257    0.0830    0.0816    0.0001    0.3486    0.0768       70.7097
    0.1657    0.3199    0.0671    0.0348    0.0828    0.0750    0.0001    0.3463    0.0752       70.6828
    0.1790    0.3207    0.0819    0.0115    0.0895    0.0711    0.0001    0.3986    0.0925       46.8420
    0.1815    0.3192    0.0885    0.0112    0.0907    0.0649    0.0001    0.4040    0.0985       46.7239
    0.1654    0.3560    0.1124    0.1263    0.0827    0.1298    0.0001    0.4388    0.1071       29.5242
    0.1718    0.3679    0.1412    0.1747    0.0859    0.1174    0.0001    0.4918    0.1228       28.4528
    0.1730    0.3530    0.1459    0.0933    0.0865    0.1172    0.0001    0.4774    0.1463      -13.9403
    0.1748    0.3567    0.1551    0.1059    0.0874    0.1241    0.0001    0.4952    0.1540      -14.0115
    0.1710    0.3470    0.0902    0.1463    0.0855    0.0916    0.0001    0.4121    0.0816       72.1295
    0.1823    0.3613    0.1212    0.2170    0.0912    0.0883    0.0001    0.4898    0.1105       70.4619
    0.1806    0.3555    0.1476    0.1487    0.0903    0.1414    0.0001    0.4694    0.1285       87.5910
    0.1835    0.3642    0.1382    0.2157    0.0918    0.1104    0.0001    0.4789    0.1237       84.4959
    0.1698    0.3239    0.0781    0.0357    0.0849    0.0743    0.0001    0.3839    0.1046       17.0400
    0.1746    0.3506    0.1041    0.1669    0.0873    0.0835    0.0001    0.4526    0.1283       15.2711
    0.1882    0.3379    0.1483    0.1159    0.0941    0.0971    0.0001    0.4622    0.1645       30.2174
    0.1854    0.3630    0.1473    0.2222    0.0927    0.0853    0.0001    0.5184    0.1541       26.3649
    0.1830    0.3448    0.1166    0.1007    0.0915    0.1145    0.0001    0.4487    0.1205       29.3852
    0.1939    0.3424    0.1496    0.0701    0.0969    0.1261    0.0001    0.4849    0.1501       28.2121
    0.1812    0.3462    0.1605    0.0075    0.0906    0.0967    0.0001    0.4774    0.1682      -15.0964
    0.1820    0.3350    0.1421    0.0093    0.0910    0.0598    0.0001    0.4449    0.1531      -15.9127
    0.1798    0.3644    0.1472    0.1983    0.0899    0.0957    0.0001    0.5064    0.1188       49.7620
    0.1904    0.3667    0.1693    0.2164    0.0952    0.0998    0.0001    0.5484    0.1414       49.2384
    0.1935    0.3501    0.1401    0.2189    0.0968    0.0642    0.0001    0.5175    0.1533       36.2702
    0.1955    0.3402    0.1345    0.2005    0.0977    0.0540    0.0001    0.4906    0.1589       35.7940
    0.1644    0.3495    0.0896    0.1164    0.0822    0.1440    0.0001    0.3791    0.1084       64.1875
    0.1809    0.3712    0.1412    0.2410    0.0904    0.1066    0.0001    0.4859    0.1487       59.5262
    0.1682    0.3340    0.0879    0.0875    0.0841    0.0935    0.0001    0.3842    0.1114       30.4262
    0.1762    0.3394    0.1083    0.1380    0.0881    0.0845    0.0001    0.4150    0.1363       29.2032
    0.1799    0.3360    0.1071    0.1372    0.0900    0.0670    0.0001    0.4177    0.1219       54.7730
    0.1807    0.3396    0.1016    0.1508    0.0903    0.0698    0.0001    0.4276    0.1164       54.4165
    0.1737    0.3339    0.1069    0.0988    0.0869    0.0941    0.0001    0.4144    0.0944       63.9459
    0.1765    0.3419    0.1180    0.1429    0.0882    0.0822    0.0001    0.4328    0.1035       63.2880
    0.1605    0.3293    0.0436    0.0953    0.0802    0.0310    0.0001    0.3775    0.0778       37.7322
    0.1618    0.3436    0.0477    0.1379    0.0809    0.0365    0.0001    0.4140    0.0748       35.7768
    0.1654    0.3527    0.1060    0.1289    0.0827    0.0959    0.0001    0.4216    0.1196        7.8431
    0.1738    0.3568    0.1255    0.1701    0.0869    0.0865    0.0001    0.4546    0.1451        6.8716
    0.1797    0.3286    0.0932    0.1498    0.0898    0.0474    0.0001    0.4198    0.1139       57.0029
    0.1781    0.3438    0.1013    0.1800    0.0890    0.0698    0.0001    0.4534    0.1087       56.1252
    0.1655    0.3738    0.1586    0.2036    0.0827    0.1069    0.0001    0.5236    0.1257       16.4380
    0.1684    0.3670    0.1459    0.2066    0.0842    0.0932    0.0001    0.4922    0.1422       14.6728
    0.1788    0.3787    0.1617    0.2349    0.0894    0.1157    0.0001    0.5252    0.1325       51.0150
    0.1864    0.3620    0.1650    0.2184    0.0932    0.0772    0.0001    0.5108    0.1470       48.4539
    0.1618    0.3457    0.0801    0.0912    0.0809    0.1207    0.0001    0.3977    0.0969       30.5966
    0.1759    0.3653    0.1256    0.2056    0.0880    0.0943    0.0001    0.4886    0.1273       28.3689
    0.1887    0.3297    0.1416    0.1216    0.0944    0.0827    0.0001    0.4787    0.1166       51.3327
    0.1945    0.3297    0.1522    0.1383    0.0973    0.0764    0.0001    0.4961    0.1274       51.1700
    0.1649    0.3518    0.1028    0.1032    0.0824    0.1010    0.0001    0.3942    0.1205       27.3138
    0.1621    0.3567    0.0948    0.1273    0.0811    0.0981    0.0001    0.3933    0.1113       26.8263
    0.1699    0.3522    0.0806    0.1835    0.0850    0.0781    0.0001    0.4423    0.0902       65.2137
    0.1867    0.3819    0.1518    0.2783    0.0933    0.1158    0.0001    0.6040    0.1227       62.7464
    0.1807    0.3329    0.0956    0.0728    0.0903    0.0958    0.0001    0.4296    0.1236       15.7394
    0.1834    0.3348    0.1014    0.0958    0.0917    0.0911    0.0001    0.4420    0.1275       15.6659
    0.1784    0.3612    0.1366    0.2216    0.0892    0.1148    0.0001    0.5111    0.1170       65.5932
    0.1721    0.3497    0.1082    0.1882    0.0861    0.0966    0.0001    0.4562    0.0987       65.0825
    0.1638    0.3729    0.1126    0.1910    0.0819    0.1310    0.0001    0.4529    0.1054       56.7702
    0.1704    0.3576    0.1104    0.1840    0.0852    0.0957    0.0001    0.4309    0.1141       55.7848
    0.1783    0.3510    0.1207    0.0868    0.0892    0.1583    0.0001    0.4553    0.1521        7.8466
    0.1799    0.3494    0.1233    0.0844    0.0899    0.1544    0.0001    0.4582    0.1528        7.8089
    0.1634    0.3527    0.1241    0.1083    0.0817    0.1373    0.0001    0.4325    0.1140       21.4175
    0.1617    0.3541    0.1161    0.1145    0.0809    0.1331    0.0001    0.4244    0.1118       21.2957
    0.1784    0.3391    0.1333    0.0710    0.0892    0.0879    0.0001    0.4493    0.1436        4.3310
    0.1968    0.3806    0.1949    0.2707    0.0984    0.1020    0.0001    0.6550    0.1880       -2.1638
    0.1734    0.3273    0.1206    0.0709    0.0867    0.0999    0.0001    0.3921    0.1086       72.0795
    0.1694    0.3275    0.1029    0.0899    0.0847    0.0865    0.0001    0.3835    0.0904       71.2713
    0.1815    0.3242    0.0888    0.0966    0.0907    0.1160    0.0001    0.3839    0.1017       92.4479
    0.1786    0.3285    0.0830    0.1201    0.0893    0.0994    0.0001    0.3859    0.0954       92.1606
    0.1715    0.3641    0.1516    0.1370    0.0857    0.1423    0.0001    0.5256    0.1289       20.6612
    0.1730    0.3536    0.1220    0.1616    0.0865    0.0998    0.0001    0.4847    0.1146       18.4014
    0.1539    0.3415    0.0765    0.1292    0.0769    0.0303    0.0001    0.3674    0.0980       19.6819
    0.1642    0.3648    0.1273    0.2073    0.0821    0.0572    0.0001    0.4499    0.1397       16.6766
    0.1731    0.3728    0.1544    0.1775    0.0866    0.1533    0.0001    0.5124    0.1487       19.3872
    0.1715    0.3612    0.1230    0.1798    0.0858    0.1052    0.0001    0.4624    0.1397       17.3658
    0.1503    0.3423    0.0100    0.0385    0.0752    0.0811    0.0001    0.3103    0.0887      -80.0435
    0.1517    0.3412    0.0115    0.0577    0.0759    0.0752    0.0001    0.3530    0.0965      -85.3693
    0.1587    0.3455    0.0940    0.1053    0.0794    0.0957    0.0001    0.4032    0.1198        4.2283
    0.1649    0.3481    0.1119    0.1475    0.0824    0.0862    0.0001    0.4303    0.1335        3.4788
    0.1736    0.3334    0.1314    0.1414    0.0868    0.0926    0.0001    0.4416    0.1325       54.6988
    0.1691    0.3433    0.1138    0.1728    0.0846    0.0918    0.0001    0.4420    0.1080       52.9369
    0.1786    0.3494    0.1103    0.1447    0.0893    0.1185    0.0001    0.4197    0.1428       44.4579
    0.1791    0.3501    0.1051    0.1580    0.0896    0.1070    0.0001    0.4212    0.1365       44.2176
    0.1630    0.3551    0.0892    0.1436    0.0815    0.1158    0.0001    0.4210    0.1106       18.9899
    0.1669    0.3495    0.0930    0.1457    0.0834    0.0986    0.0001    0.4183    0.1194       18.4864
    0.1667    0.3762    0.1284    0.1680    0.0834    0.1220    0.0001    0.4935    0.1162       22.0901
    0.1694    0.3646    0.1210    0.1568    0.0847    0.0922    0.0001    0.4677    0.1133       21.1024
    0.1592    0.3358    0.0112    0.0356    0.0796    0.0803    0.0001    0.3443    0.0972      -50.8330
    0.1570    0.3501    0.0116    0.1082    0.0785    0.0801    0.0001    0.3544    0.0961      -52.2794
    0.1692    0.3603    0.0831    0.1816    0.0846    0.1090    0.0001    0.4456    0.1225       26.3836
    0.1789    0.3534    0.0980    0.1955    0.0894    0.0880    0.0001    0.4597    0.1354       25.7209
    0.1611    0.3285    0.0712    0.0311    0.0806    0.0545    0.0001    0.3723    0.0883       19.4755
    0.1651    0.3428    0.0915    0.1243    0.0825    0.0477    0.0001    0.4135    0.1002       18.5144
    0.1611    0.3783    0.1130    0.2331    0.0805    0.1090    0.0001    0.4753    0.1199       66.8168
    0.1794    0.3770    0.1571    0.2598    0.0897    0.1065    0.0001    0.5291    0.1280       64.4475
    0.1811    0.3401    0.1150    0.1540    0.0905    0.0586    0.0001    0.3874    0.1350       71.0622
    0.1835    0.3764    0.1458    0.2530    0.0918    0.0929    0.0001    0.4872    0.1462       67.7042
    0.1773    0.3276    0.0139    0.0955    0.0887    0.1358    0.0001    0.4250    0.1038       -2.1409
    0.1597    0.3431    0.0123    0.1140    0.0798    0.0483    0.0001    0.3758    0.0705      -21.6031
    0.1789    0.3491    0.1219    0.1093    0.0895    0.1484    0.0001    0.4376    0.1102       94.0911
    0.1857    0.3612    0.1281    0.2158    0.0929    0.1029    0.0001    0.4795    0.1112       91.3754
    0.1618    0.3432    0.0714    0.1265    0.0809    0.0941    0.0001    0.3763    0.0827       66.3773
    0.1685    0.3487    0.0946    0.1616    0.0842    0.0824    0.0001    0.4063    0.0991       65.6595
    0.1847    0.3182    0.1203    0.0779    0.0923    0.1089    0.0001    0.4032    0.1150       77.1500
    0.1857    0.3252    0.1265    0.1170    0.0928    0.1043    0.0001    0.4190    0.1232       76.8857
    0.1853    0.3989    0.1951    0.2874    0.0927    0.1222    0.0001    0.6287    0.1825       17.8170
    0.1758    0.4057    0.1826    0.2789    0.0879    0.1252    0.0001    0.6249    0.1632       17.3265
    0.1606    0.3372    0.0857    0.1098    0.0803    0.0726    0.0001    0.3804    0.0717       60.3619
    0.1733    0.3613    0.1374    0.2166    0.0867    0.0682    0.0001    0.4833    0.1102       57.0783
    0.1837    0.3185    0.0873    0.0596    0.0919    0.0903    0.0001    0.3810    0.1180       55.2732
    0.1873    0.3360    0.1133    0.1470    0.0936    0.0596    0.0001    0.4267    0.1364       52.6935
    0.1748    0.3593    0.0941    0.1736    0.0874    0.1474    0.0001    0.4359    0.1108       68.1414
    0.1980    0.3586    0.1358    0.2530    0.0990    0.0794    0.0001    0.5056    0.1521       63.8307
    0.1712    0.3360    0.1143    0.0448    0.0856    0.0963    0.0001    0.4123    0.1465      -15.6198
    0.1736    0.3460    0.1243    0.1214    0.0868    0.0846    0.0001    0.4434    0.1512      -15.9999
    0.1682    0.3247    0.0960    0.0552    0.0841    0.0615    0.0001    0.3868    0.0935       44.8319
    0.1726    0.3481    0.1227    0.1675    0.0863    0.0630    0.0001    0.4526    0.1099       42.0354
    0.1782    0.3210    0.1106    0.0393    0.0891    0.0668    0.0001    0.3905    0.1219       39.5963
    0.1860    0.3553    0.1482    0.2080    0.0930    0.0624    0.0001    0.4876    0.1512       37.2882
    0.1739    0.3630    0.1397    0.2027    0.0870    0.1006    0.0001    0.4880    0.1245       34.0044
    0.1768    0.3566    0.1364    0.1999    0.0884    0.0871    0.0001    0.4711    0.1412       32.9535
    0.1728    0.3585    0.1048    0.1800    0.0864    0.0723    0.0001    0.4553    0.1205       28.6560
    0.1738    0.3574    0.1059    0.1788    0.0869    0.0710    0.0001    0.4486    0.1228       28.5559
    0.1898    0.3688    0.1644    0.2399    0.0949    0.1069    0.0001    0.5404    0.1439       74.5311
    0.1963    0.3721    0.1758    0.2643    0.0982    0.1094    0.0001    0.5682    0.1510       74.3699
    0.1687    0.3539    0.1006    0.0853    0.0843    0.1450    0.0001    0.4295    0.1250        9.3908
    0.1928    0.3845    0.1745    0.2587    0.0964    0.1244    0.0001    0.6040    0.1893        5.2106
    0.1833    0.3500    0.1340    0.2118    0.0917    0.0756    0.0001    0.4625    0.1397       60.8216
    0.1833    0.3511    0.1318    0.2186    0.0916    0.0739    0.0001    0.4636    0.1388       60.7628
    0.1608    0.3129    0.0100    0.0719    0.0804    0.0560    0.0001    0.3092    0.0797       -2.6619
    0.1588    0.3453    0.0123    0.1547    0.0794    0.0789    0.0001    0.3766    0.0749       -7.2138
    0.1630    0.3323    0.0657    0.0892    0.0815    0.0923    0.0001    0.3700    0.0904       40.4746
    0.1660    0.3620    0.0972    0.1833    0.0830    0.1104    0.0001    0.4493    0.1080       38.9223
    0.1813    0.3576    0.1450    0.1684    0.0906    0.0745    0.0001    0.4798    0.1375       39.3467
    0.1887    0.3466    0.1512    0.1630    0.0943    0.0557    0.0001    0.4846    0.1384       38.5244
    0.1531    0.3744    0.1018    0.1546    0.0765    0.1286    0.0001    0.4174    0.1242        0.5014
    0.1550    0.3715    0.1049    0.1544    0.0775    0.1222    0.0001    0.4161    0.1286        0.4193
    0.1711    0.3254    0.0869    0.0714    0.0856    0.0509    0.0001    0.3675    0.0982       46.1204
    0.1785    0.3400    0.1142    0.1414    0.0892    0.0543    0.0001    0.4209    0.1201       45.1206
    0.1697    0.3347    0.0800    0.0537    0.0848    0.1219    0.0001    0.3842    0.0884       54.4663
    0.1716    0.3412    0.0879    0.1126    0.0858    0.1026    0.0001    0.4062    0.0960       53.8531
    0.1719    0.3266    0.0691    0.0744    0.0860    0.0795    0.0001    0.3819    0.1141       12.9798
    0.1751    0.3520    0.0915    0.1784    0.0875    0.0789    0.0001    0.4487    0.1314       10.7374
    0.1766    0.3472    0.1290    0.1120    0.0883    0.0605    0.0001    0.4218    0.1492      -12.5837
    0.1756    0.3438    0.1364    0.0012    0.0878    0.0892    0.0001    0.4175    0.1605      -14.8169
    0.1676    0.3582    0.0871    0.1441    0.0838    0.1516    0.0001    0.4311    0.0961       75.7188
    0.1854    0.3532    0.1173    0.2092    0.0927    0.0929    0.0001    0.4765    0.1201       71.7630
    0.1851    0.3350    0.1225    0.0948    0.0926    0.0663    0.0001    0.4503    0.1223       27.5163
    0.1878    0.3452    0.1242    0.1702    0.0939    0.0320    0.0001    0.4779    0.1239       25.6885
    0.1838    0.3383    0.1257    0.1588    0.0919    0.0305    0.0001    0.4195    0.1400       57.2407
    0.1871    0.3583    0.1410    0.2392    0.0935    0.0301    0.0001    0.4755    0.1377       54.8194
    0.1699    0.3569    0.1340    0.1357    0.0850    0.1281    0.0001    0.4783    0.1228       21.3676
    0.1647    0.3471    0.1034    0.1157    0.0823    0.1064    0.0001    0.4325    0.0996       20.7936
    0.1844    0.3354    0.1434    0.0351    0.0922    0.0876    0.0001    0.4625    0.1371       10.2858
    0.1833    0.3338    0.1372    0.0345    0.0916    0.0825    0.0001    0.4538    0.1318       10.2267
    0.1703    0.3280    0.0927    0.0537    0.0852    0.1056    0.0001    0.3685    0.1095       60.0804
    0.1742    0.3205    0.0897    0.0623    0.0871    0.0613    0.0001    0.3606    0.1100       59.1024
    0.2056    0.3748    0.2217    0.2826    0.1028    0.1172    0.0001    0.6554    0.2077       37.4714
    0.1992    0.3718    0.1983    0.2638    0.0996    0.1130    0.0001    0.6241    0.1758       36.8735
    0.1577    0.3763    0.0807    0.1769    0.0788    0.1487    0.0001    0.4211    0.0973       63.3611
    0.1802    0.3753    0.1279    0.2466    0.0901    0.1032    0.0001    0.4967    0.1399       57.7226
    0.1766    0.3635    0.1320    0.1712    0.0883    0.1228    0.0001    0.4929    0.1397       24.2718
    0.1782    0.3710    0.1536    0.2002    0.0891    0.1288    0.0001    0.5237    0.1520       23.7680
    0.1676    0.3529    0.0995    0.1558    0.0838    0.0905    0.0001    0.4610    0.1222       14.8108
    0.1685    0.3535    0.0871    0.1753    0.0843    0.0930    0.0001    0.4495    0.1222       13.6293
    0.1745    0.3494    0.1019    0.1830    0.0872    0.0445    0.0001    0.4361    0.1235       33.3804
    0.1763    0.3619    0.1187    0.2148    0.0881    0.0634    0.0001    0.4763    0.1354       32.8865
    0.1642    0.3129    0.0383    0.0116    0.0821    0.0717    0.0001    0.3378    0.0893       33.0054
    0.1614    0.3183    0.0387    0.0100    0.0807    0.0877    0.0001    0.3407    0.0868       32.8279
    0.1689    0.3500    0.0926    0.1062    0.0844    0.1106    0.0001    0.4151    0.1143       43.5543
    0.1811    0.3758    0.1405    0.2015    0.0905    0.1153    0.0001    0.5141    0.1333       40.8718
    0.1751    0.3285    0.1016    0.1148    0.0875    0.0638    0.0001    0.3883    0.1112       52.6129
    0.1834    0.3442    0.1392    0.1706    0.0917    0.0770    0.0001    0.4549    0.1423       51.3887
    0.1682    0.3590    0.0851    0.1374    0.0841    0.1707    0.0001    0.4411    0.1093       47.5817
    0.1842    0.3733    0.1248    0.2425    0.0921    0.1275    0.0001    0.5336    0.1416       42.8381
    0.1706    0.3668    0.0994    0.1940    0.0853    0.1132    0.0001    0.4450    0.1172       63.7487
    0.1869    0.3672    0.1366    0.2383    0.0935    0.0972    0.0001    0.5137    0.1350       62.0711
    0.1714    0.3196    0.0739    0.1023    0.0857    0.0466    0.0001    0.3666    0.1172       29.1421
    0.1675    0.3248    0.0661    0.1076    0.0837    0.0440    0.0001    0.3654    0.1080       28.7192
    0.1846    0.3117    0.0947    0.0442    0.0923    0.0848    0.0001    0.3943    0.1188       56.4823
    0.1994    0.3447    0.1378    0.2227    0.0997    0.0850    0.0001    0.5000    0.1596       52.9268
    0.1536    0.3676    0.0949    0.1035    0.0768    0.1501    0.0001    0.4192    0.1091        0.8695
    0.1555    0.3681    0.0954    0.1313    0.0777    0.1307    0.0001    0.4259    0.1122        0.2624
    0.1794    0.3479    0.1501    0.0751    0.0897    0.1151    0.0001    0.5124    0.1447      -23.2057
    0.1793    0.3478    0.1475    0.0858    0.0896    0.1108    0.0001    0.5077    0.1452      -23.2481
    0.1506    0.3666    0.0130    0.1474    0.0753    0.1387    0.0001    0.3934    0.0781      -25.1840
    0.1513    0.3607    0.0124    0.1658    0.0757    0.0667    0.0001    0.3808    0.0803      -31.2783
    0.1926    0.3744    0.1933    0.1966    0.0963    0.1774    0.0001    0.6161    0.1601       39.9246
    0.1909    0.3615    0.1439    0.2441    0.0954    0.0846    0.0001    0.5457    0.1527       32.4133
    0.1718    0.3842    0.1310    0.2331    0.0859    0.1279    0.0001    0.5072    0.1085       71.8906
    0.1663    0.3738    0.1092    0.1969    0.0832    0.1167    0.0001    0.4607    0.0866       71.1579
    0.2093    0.3690    0.2174    0.2167    0.1047    0.1644    0.0001    0.6413    0.1843       41.1591
    0.2164    0.3596    0.1882    0.2774    0.1082    0.0737    0.0001    0.6304    0.1793       35.5566
    0.1869    0.3942    0.1895    0.2744    0.0934    0.1484    0.0001    0.6151    0.2000       11.0797
    0.1907    0.3675    0.1664    0.2372    0.0954    0.0936    0.0001    0.5394    0.1945        8.1217
    0.1539    0.3476    0.0114    0.1178    0.0770    0.1030    0.0001    0.3505    0.0771        3.5691
    0.1565    0.3664    0.0132    0.1772    0.0782    0.0945    0.0001    0.4047    0.0696       -0.9175
    0.1701    0.3533    0.1000    0.1353    0.0851    0.1305    0.0001    0.4221    0.0893       74.6675
    0.1856    0.3633    0.1431    0.2111    0.0928    0.1135    0.0001    0.4965    0.1256       72.3234
    0.1701    0.3263    0.0885    0.1123    0.0851    0.0471    0.0001    0.4039    0.1108       21.6320
    0.1736    0.3532    0.1176    0.1980    0.0868    0.0733    0.0001    0.4803    0.1281       20.9240
    0.1812    0.3220    0.0985    0.0842    0.0906    0.0636    0.0001    0.4179    0.1153       28.2880
    0.1803    0.3463    0.1034    0.1800    0.0901    0.0681    0.0001    0.4744    0.1203       25.9839
    0.1791    0.3236    0.1169    0.0125    0.0895    0.1013    0.0001    0.3919    0.1120       69.3064
    0.1811    0.3226    0.1206    0.0123    0.0905    0.1011    0.0001    0.3955    0.1142       69.2822
    0.1776    0.3349    0.0769    0.1100    0.0888    0.1086    0.0001    0.3781    0.0910      104.8053
    0.1909    0.3481    0.1122    0.2008    0.0954    0.0720    0.0001    0.4392    0.1130      102.0417
    0.2012    0.3036    0.1455    0.0166    0.1006    0.0486    0.0001    0.4439    0.1192       78.3775
    0.1993    0.3469    0.1634    0.2201    0.0996    0.0673    0.0001    0.5329    0.1418       73.9589
    0.1699    0.3633    0.1229    0.1535    0.0850    0.1097    0.0001    0.4798    0.1197       11.9352
    0.1804    0.3502    0.1333    0.1617    0.0902    0.0649    0.0001    0.4794    0.1316       10.2267
    0.1742    0.3588    0.1273    0.1473    0.0871    0.1238    0.0001    0.5143    0.1004       26.0584
    0.1756    0.3595    0.1225    0.1722    0.0878    0.1063    0.0001    0.5125    0.1070       25.3011
    0.1637    0.3381    0.0640    0.0642    0.0819    0.0949    0.0001    0.3741    0.0926       23.4296
    0.1591    0.3383    0.0411    0.0141    0.0795    0.1117    0.0001    0.3601    0.0836       21.8618
    0.1665    0.3168    0.0616    0.0190    0.0832    0.0752    0.0001    0.3469    0.0775       68.2492
    0.1666    0.3165    0.0615    0.0197    0.0833    0.0738    0.0001    0.3473    0.0767       68.2394
    0.1639    0.3347    0.0943    0.0348    0.0819    0.0791    0.0001    0.3888    0.1081       49.4533
    0.1565    0.3287    0.0219    0.0414    0.0782    0.0763    0.0001    0.3405    0.0629       30.6230
    0.1685    0.3219    0.0702    0.0239    0.0843    0.0664    0.0001    0.3618    0.1017       29.5266
    0.1792    0.3154    0.0926    0.0353    0.0896    0.0496    0.0001    0.3783    0.1235       28.3952
    0.1593    0.3395    0.0750    0.0497    0.0797    0.1025    0.0001    0.3837    0.0817       38.9501
    0.1631    0.3795    0.1152    0.2088    0.0816    0.1133    0.0001    0.4976    0.1046       32.9314
    0.1856    0.3347    0.1330    0.1748    0.0928    0.0604    0.0001    0.4282    0.1362       68.5150
    0.1833    0.3337    0.1272    0.1680    0.0916    0.0581    0.0001    0.4201    0.1306       68.4831
    0.1763    0.3480    0.1104    0.1814    0.0881    0.0790    0.0001    0.4453    0.1210       60.3759
    0.1694    0.3447    0.0873    0.1601    0.0847    0.0725    0.0001    0.4152    0.0933       59.1605
    0.1724    0.3253    0.0865    0.0573    0.0862    0.0969    0.0001    0.3936    0.1008       45.3795
    0.1771    0.3469    0.1114    0.1660    0.0885    0.0907    0.0001    0.4568    0.1168       43.0509
    0.1820    0.3316    0.1017    0.1208    0.0910    0.0750    0.0001    0.3888    0.1366       50.8156
    0.1802    0.3490    0.1042    0.1717    0.0901    0.0747    0.0001    0.4218    0.1322       49.4619
    0.1829    0.3626    0.1701    0.1867    0.0915    0.1242    0.0001    0.5582    0.1641       33.1538
    0.1988    0.3589    0.2040    0.2075    0.0994    0.1221    0.0001    0.5924    0.1801       32.1232
    0.1659    0.3338    0.1100    0.0724    0.0830    0.0831    0.0001    0.4202    0.1212       -8.6468
    0.1680    0.3373    0.1196    0.0926    0.0840    0.0853    0.0001    0.4361    0.1254       -8.7370
    0.1689    0.3236    0.1046    0.0540    0.0845    0.0755    0.0001    0.3712    0.1212       13.2626
    0.1845    0.3518    0.1636    0.2072    0.0923    0.0615    0.0001    0.5018    0.1683        9.4092
    0.1628    0.3243    0.0599    0.0120    0.0814    0.0834    0.0001    0.3368    0.0885       43.5549
    0.1639    0.3220    0.0619    0.0124    0.0819    0.0698    0.0001    0.3368    0.0912       43.3832
    0.1747    0.3126    0.0844    0.0307    0.0874    0.0440    0.0001    0.3673    0.0989       56.1027
    0.1718    0.3382    0.0915    0.1465    0.0859    0.0524    0.0001    0.4116    0.0991       53.9066
    0.1557    0.3497    0.0639    0.1009    0.0779    0.1015    0.0001    0.3730    0.0726       50.5421
    0.1689    0.3617    0.1103    0.1886    0.0845    0.0833    0.0001    0.4527    0.1015       47.4317
    0.1728    0.3228    0.0820    0.0323    0.0864    0.0879    0.0001    0.3778    0.0920       60.7979
    0.1843    0.3489    0.1274    0.1772    0.0921    0.0754    0.0001    0.4590    0.1293       56.1731
    0.1713    0.3265    0.0800    0.0658    0.0856    0.1120    0.0001    0.3829    0.0977       60.3537
    0.1756    0.3600    0.1133    0.2021    0.0878    0.1137    0.0001    0.4732    0.1162       57.3956
    0.1697    0.3412    0.1052    0.0756    0.0848    0.1083    0.0001    0.4005    0.0908       63.5914
    0.1732    0.3491    0.1183    0.1288    0.0866    0.0986    0.0001    0.4285    0.0982       63.1209
    0.1767    0.3388    0.1128    0.1626    0.0884    0.0348    0.0001    0.4483    0.1180       18.4836
    0.1764    0.3451    0.1130    0.1840    0.0882    0.0300    0.0001    0.4626    0.1222       18.1156
    0.1888    0.3169    0.1264    0.0815    0.0944    0.0535    0.0001    0.3837    0.1351       76.1013
    0.1947    0.3611    0.1618    0.2471    0.0973    0.0677    0.0001    0.4944    0.1616       70.0522
    0.1787    0.3357    0.0145    0.0407    0.0893    0.1100    0.0001    0.4447    0.1137      -18.0630
    0.1599    0.3200    0.0109    0.0238    0.0799    0.0686    0.0001    0.3351    0.0908      -44.6075
    0.1558    0.3403    0.0225    0.0455    0.0779    0.1028    0.0001    0.3490    0.0996       17.9698
    0.1594    0.3505    0.0244    0.1298    0.0797    0.0731    0.0001    0.3789    0.0856       12.8662
    0.2009    0.3227    0.1534    0.0210    0.1005    0.1057    0.0001    0.4744    0.1240       77.4183
    0.2016    0.3478    0.1675    0.1929    0.1008    0.0857    0.0001    0.5359    0.1356       73.1002
    0.1686    0.3146    0.0715    0.0592    0.0843    0.0369    0.0001    0.3756    0.1062       12.3308
    0.1713    0.3268    0.0855    0.1243    0.0856    0.0300    0.0001    0.4076    0.1158       11.5591
    0.1657    0.3535    0.0997    0.1124    0.0829    0.1062    0.0001    0.4394    0.1103        9.4343
    0.1761    0.3458    0.1149    0.1214    0.0881    0.0819    0.0001    0.4556    0.1265        8.1619
    0.1768    0.3349    0.1003    0.0865    0.0884    0.0770    0.0001    0.4091    0.1000       46.8992
    0.1768    0.3358    0.1025    0.0904    0.0884    0.0719    0.0001    0.4115    0.1005       46.8502
    0.1640    0.3314    0.0659    0.0076    0.0820    0.1011    0.0001    0.3525    0.0876       42.9427
    0.1626    0.3338    0.0681    0.0075    0.0813    0.1061    0.0001    0.3572    0.0866       42.8468
    0.1812    0.3372    0.1493    0.0683    0.0906    0.1066    0.0001    0.4514    0.1408       27.6158
    0.1797    0.3471    0.1451    0.1513    0.0899    0.0774    0.0001    0.4683    0.1362       26.4229
    0.1886    0.3428    0.1055    0.1443    0.0943    0.1405    0.0001    0.4567    0.1233       73.5044
    0.2015    0.3452    0.1337    0.2080    0.1008    0.0839    0.0001    0.5047    0.1364       69.9477
    0.1996    0.3362    0.1378    0.1332    0.0998    0.0923    0.0001    0.5046    0.1517       23.9866
    0.1959    0.3412    0.1307    0.1538    0.0980    0.0899    0.0001    0.5080    0.1429       23.6637
    0.1567    0.3397    0.0624    0.0964    0.0784    0.0965    0.0001    0.3673    0.0995       20.2182
    0.1644    0.3687    0.1037    0.2058    0.0822    0.1032    0.0001    0.4592    0.1289       18.0289
    0.1823    0.3977    0.2060    0.2646    0.0911    0.1637    0.0001    0.6206    0.1662       46.0773
    0.1848    0.3935    0.2007    0.2695    0.0924    0.1497    0.0001    0.6114    0.1629       45.7632
    0.1874    0.3219    0.1403    0.1062    0.0937    0.0681    0.0001    0.4537    0.1473       24.6406
    0.1854    0.3487    0.1494    0.1987    0.0927    0.0845    0.0001    0.5119    0.1590       22.6103
    0.1712    0.3445    0.1116    0.0911    0.0856    0.1187    0.0001    0.4250    0.1279       20.0525
    0.1692    0.3459    0.1008    0.1068    0.0846    0.1093    0.0001    0.4158    0.1206       19.8778
    0.1703    0.3404    0.1018    0.0714    0.0852    0.0915    0.0001    0.4447    0.1083       -2.4637
    0.1812    0.3524    0.1407    0.1434    0.0906    0.0957    0.0001    0.5217    0.1352       -4.0100
    0.1637    0.3614    0.1079    0.1643    0.0818    0.0919    0.0001    0.4188    0.1072       30.3269
    0.1796    0.3607    0.1546    0.1890    0.0898    0.0822    0.0001    0.4756    0.1561       28.0337
    0.1734    0.3651    0.1261    0.1399    0.0867    0.1480    0.0001    0.4970    0.1298       40.1475
    0.1893    0.3662    0.1469    0.2334    0.0947    0.0794    0.0001    0.5477    0.1361       34.7238
    0.1759    0.3747    0.1512    0.1982    0.0879    0.1515    0.0001    0.5007    0.1482       48.5948
    0.1902    0.3587    0.1572    0.2225    0.0951    0.1051    0.0001    0.4972    0.1635       47.2935
    0.1699    0.3225    0.0721    0.0966    0.0849    0.0664    0.0001    0.3503    0.0821       96.5755
    0.1747    0.3294    0.0872    0.1332    0.0873    0.0672    0.0001    0.3811    0.0869       96.0814
    0.1667    0.3508    0.0902    0.1380    0.0833    0.1179    0.0001    0.4350    0.0984       35.3100
    0.1678    0.3584    0.0982    0.1719    0.0839    0.1003    0.0001    0.4551    0.1004       34.4513
    0.1644    0.3903    0.1415    0.2272    0.0822    0.1377    0.0001    0.5144    0.1531       11.6663
    0.1827    0.3775    0.1625    0.2485    0.0913    0.1041    0.0001    0.5379    0.1845        9.6839
    0.1844    0.3231    0.1017    0.1033    0.0922    0.0652    0.0001    0.4002    0.0947       95.9011
    0.1807    0.3330    0.1006    0.1355    0.0903    0.0665    0.0001    0.4085    0.0923       95.5304
    0.1554    0.3462    0.0928    0.0636    0.0777    0.0985    0.0001    0.3588    0.1148       11.7203
    0.1583    0.3561    0.1075    0.1189    0.0792    0.0962    0.0001    0.3889    0.1223       11.4617
    0.1852    0.3648    0.1578    0.2099    0.0926    0.1242    0.0001    0.5290    0.1150       71.9865
    0.1883    0.3484    0.1448    0.2002    0.0941    0.0697    0.0001    0.4906    0.1199       69.9466
    0.1561    0.3739    0.1061    0.1408    0.0780    0.1225    0.0001    0.4255    0.1003       49.0770
    0.1690    0.3682    0.1222    0.1904    0.0845    0.0810    0.0001    0.4471    0.1155       46.5776
    0.1649    0.3301    0.0814    0.0876    0.0825    0.0582    0.0001    0.3768    0.0895       39.6934
    0.1655    0.3320    0.0850    0.0976    0.0828    0.0563    0.0001    0.3827    0.0921       39.6695
    0.1835    0.3286    0.1417    0.0637    0.0917    0.1041    0.0001    0.4437    0.1225       47.7674
    0.1821    0.3367    0.1424    0.1138    0.0910    0.1011    0.0001    0.4582    0.1188       47.4313
    0.1823    0.3425    0.1313    0.1835    0.0912    0.0774    0.0001    0.4478    0.1461       44.2638
    0.1862    0.3489    0.1419    0.2098    0.0931    0.0820    0.0001    0.4769    0.1493       44.0530
    0.1576    0.3546    0.0780    0.1111    0.0788    0.1317    0.0001    0.3842    0.0976       36.6609
    0.1674    0.3658    0.1089    0.1873    0.0837    0.1046    0.0001    0.4425    0.1196       34.9775
    0.1626    0.3435    0.0966    0.0973    0.0813    0.1074    0.0001    0.4002    0.1019       27.1338
    0.1682    0.3586    0.1283    0.1494    0.0841    0.1229    0.0001    0.4619    0.1153       26.2889
    0.1669    0.3440    0.1152    0.1189    0.0835    0.1031    0.0001    0.4149    0.0825       59.3219
    0.1730    0.3585    0.1364    0.1865    0.0865    0.1014    0.0001    0.4712    0.1071       57.5067
    0.1602    0.3485    0.0956    0.1139    0.0801    0.1133    0.0001    0.3923    0.1357       18.1000
    0.1863    0.3875    0.1867    0.2780    0.0932    0.1240    0.0001    0.5975    0.1905       10.9462
    0.1673    0.3126    0.0109    0.0002    0.0836    0.0300    0.0001    0.3348    0.0637        3.7576
    0.1609    0.3202    0.0109    0.0002    0.0805    0.0443    0.0001    0.3346    0.0638        2.7405
    0.1712    0.3281    0.0966    0.0511    0.0856    0.0996    0.0001    0.4023    0.1219       12.1848
    0.1741    0.3319    0.1077    0.0821    0.0871    0.0986    0.0001    0.4200    0.1301       12.0460
    0.1681    0.3455    0.0850    0.1194    0.0841    0.0874    0.0001    0.4003    0.1101       28.5512
    0.1680    0.3285    0.0713    0.0409    0.0840    0.0766    0.0001    0.3681    0.1012       27.5346
    0.1957    0.3670    0.1985    0.2165    0.0979    0.1122    0.0001    0.6049    0.1635        7.5642
    0.1867    0.3554    0.1455    0.2096    0.0933    0.0796    0.0001    0.5258    0.1556        4.9590
    0.1888    0.3556    0.1541    0.1403    0.0944    0.1554    0.0001    0.4991    0.1343       74.8263
    0.1839    0.3733    0.1430    0.2221    0.0919    0.1308    0.0001    0.5220    0.1234       71.6540
    0.1749    0.3269    0.0833    0.0539    0.0875    0.1089    0.0001    0.3829    0.0933       76.7483
    0.1818    0.3530    0.1106    0.1942    0.0909    0.0865    0.0001    0.4552    0.1134       73.1283
    0.1825    0.3407    0.1453    0.0803    0.0913    0.1073    0.0001    0.4864    0.1675      -24.5947
    0.1843    0.3522    0.1487    0.1667    0.0922    0.0922    0.0001    0.5262    0.1683      -26.0496
    0.1851    0.3100    0.0957    0.0466    0.0926    0.0707    0.0001    0.4057    0.1207       28.3487
    0.1888    0.3129    0.1041    0.0830    0.0944    0.0653    0.0001    0.4223    0.1302       28.2036
    0.1662    0.3379    0.0833    0.1159    0.0831    0.0834    0.0001    0.3951    0.0919       66.7632
    0.1732    0.3561    0.1090    0.1801    0.0866    0.1053    0.0001    0.4486    0.1012       65.4543
    0.1749    0.3644    0.1594    0.1923    0.0875    0.1068    0.0001    0.5150    0.1417       57.9249
    0.1806    0.3709    0.1457    0.2362    0.0903    0.0866    0.0001    0.5401    0.1194       54.1501
    0.2091    0.3790    0.1939    0.3135    0.1045    0.1204    0.0001    0.6294    0.1841       50.0604
    0.1851    0.3688    0.1509    0.2465    0.0926    0.1025    0.0001    0.5253    0.1470       49.0694
    0.1697    0.3320    0.1123    0.0869    0.0848    0.1047    0.0001    0.3943    0.1029       62.2643
    0.1861    0.3800    0.1899    0.2736    0.0930    0.1167    0.0001    0.5833    0.1517       54.1248
    0.1845    0.3360    0.1319    0.0840    0.0922    0.1252    0.0001    0.4676    0.1349       31.9852
    0.1936    0.3496    0.1486    0.2095    0.0968    0.0803    0.0001    0.5249    0.1537       30.1557
    0.1699    0.3353    0.1195    0.0602    0.0850    0.1148    0.0001    0.3950    0.1204       38.2310
    0.1698    0.3356    0.1194    0.0601    0.0849    0.1154    0.0001    0.3953    0.1205       38.2302
    0.1648    0.3459    0.0490    0.1584    0.0824    0.0726    0.0001    0.4231    0.0836       40.4436
    0.1679    0.3440    0.0501    0.1679    0.0839    0.0631    0.0001    0.4268    0.0893       40.1727
    0.1744    0.3515    0.1334    0.1556    0.0872    0.0679    0.0001    0.4465    0.1517       20.2260
    0.1683    0.3398    0.0985    0.1155    0.0841    0.0446    0.0001    0.3975    0.1163       18.8509
    0.1676    0.3361    0.0121    0.1289    0.0838    0.1037    0.0001    0.3702    0.0922        3.8784
    0.1711    0.3230    0.0114    0.1106    0.0856    0.0788    0.0001    0.3504    0.0918        3.2558
    0.1534    0.3668    0.0848    0.1021    0.0767    0.1472    0.0001    0.3997    0.0792       43.4560
    0.1599    0.3912    0.1257    0.1976    0.0800    0.1433    0.0001    0.4900    0.1041       40.3878
    0.1689    0.3249    0.0771    0.0732    0.0845    0.0953    0.0001    0.3783    0.1050       35.2772
    0.1668    0.3262    0.0716    0.0714    0.0834    0.0998    0.0001    0.3733    0.1014       35.2144
    0.1630    0.3574    0.1023    0.1657    0.0815    0.0977    0.0001    0.4192    0.1418       -7.0544
    0.1753    0.3785    0.1570    0.2295    0.0876    0.1335    0.0001    0.5248    0.1924       -8.8119
    0.1839    0.3256    0.1011    0.0914    0.0920    0.0487    0.0001    0.4092    0.1285       35.5460
    0.1885    0.3498    0.1246    0.1880    0.0943    0.0602    0.0001    0.4802    0.1408       33.1010
    0.1727    0.3575    0.1528    0.2018    0.0864    0.0753    0.0001    0.4788    0.1406       26.8403
    0.1730    0.3575    0.1540    0.2014    0.0865    0.0752    0.0001    0.4799    0.1434       26.8289
    0.2030    0.3117    0.1198    0.0327    0.1015    0.1074    0.0001    0.4363    0.1374       69.9625
    0.2018    0.3148    0.1199    0.0749    0.1009    0.0976    0.0001    0.4361    0.1353       69.7917
    0.1738    0.3561    0.1319    0.1105    0.0869    0.1311    0.0001    0.4866    0.1171       15.5568
    0.1826    0.3666    0.1575    0.2112    0.0913    0.0809    0.0001    0.5446    0.1477       10.4726
    0.1784    0.3715    0.1407    0.1947    0.0892    0.1170    0.0001    0.5314    0.1251       43.8418
    0.1810    0.3610    0.1327    0.1948    0.0905    0.0806    0.0001    0.5010    0.1185       42.8692
    0.2000    0.3263    0.1723    0.0920    0.1000    0.0881    0.0001    0.5010    0.1628       34.0978
    0.2025    0.3500    0.1829    0.2210    0.1012    0.0724    0.0001    0.5752    0.1783       30.0458
