    0.0817    0.3415    0.0873    0.0465    0.0409    0.0744    0.0001    0.4428    0.4327        0.1259    0.0031 -797.2209
    0.0792    0.3548    0.0973    0.0005    0.0396    0.1221    0.0001    0.4892    0.4663        0.2479    0.0665 -842.4879
    0.0724    0.3680    0.0926    0.0899    0.0362    0.1148    0.0001    0.5443    0.4477        0.1173   -0.0058 -758.7736
    0.0774    0.3590    0.1326    0.0574    0.0387    0.1088    0.0001    0.5362    0.4518        0.2484    0.0016 -784.7460
    0.0792    0.3564    0.1747    0.0007    0.0396    0.1184    0.0001    0.6002    0.4265        0.2588    0.0044 -821.1834
    0.0792    0.3563    0.1688    0.0007    0.0396    0.1165    0.0001    0.5886    0.4260        0.2603    0.0045 -821.7527
    0.0872    0.3378    0.1183    0.0258    0.0436    0.0704    0.0001    0.4415    0.3968        0.2663    0.0057 -794.5536
    0.0741    0.3606    0.0148    0.0475    0.0371    0.1231    0.0001    0.4607    0.4518        0.2275    0.0051 -959.0814
    0.0855    0.3514    0.2058    0.0100    0.0427    0.1065    0.0001    0.4664    0.5469        0.2279   -0.0084 -803.4068
    0.0765    0.3549    0.0544    0.0206    0.0383    0.1165    0.0001    0.5048    0.4401        0.2315    0.0486 -831.5258
    0.0842    0.3617    0.3000    0.0015    0.0421    0.1270    0.0001    0.6178    0.5457        0.2471   -0.0327 -727.0623
    0.0797    0.3539    0.1284    0.0031    0.0399    0.1133    0.0001    0.4595    0.3922        0.2242    0.1016 -757.0731
    0.0768    0.3587    0.0921    0.0249    0.0384    0.1090    0.0001    0.5593    0.4186        0.1983   -0.0036 -832.4663
    0.0750    0.3657    0.1116    0.0542    0.0375    0.1160    0.0001    0.6162    0.4538        0.2160    0.0116 -834.7942
    0.0796    0.3451    0.0235    0.0586    0.0398    0.0813    0.0001    0.3708    0.3571        0.0876   -0.0063 -803.5439
    0.0773    0.3532    0.0284    0.0313    0.0386    0.1087    0.0001    0.4499    0.4314        0.1915    0.1256 -866.6600
    0.0869    0.3342    0.0133    0.0866    0.0434    0.0586    0.0001    0.4483    0.3700        0.1554   -0.0017 -842.5945
    0.0791    0.3464    0.0133    0.0079    0.0395    0.0984    0.0001    0.4119    0.4024        0.2042   -0.0018 -938.9589
    0.0833    0.3746    0.2989    0.0852    0.0417    0.1270    0.0001    0.7659    0.6452        0.2719    0.0065 -777.5120
    0.0828    0.3464    0.0127    0.0002    0.0414    0.0931    0.0001    0.3921    0.3877        0.1978    0.0119 -938.1136
    0.0738    0.3650    0.0314    0.0719    0.0369    0.1149    0.0001    0.5173    0.4517        0.2494   -0.0004 -851.5471
    0.0782    0.3531    0.0282    0.0301    0.0391    0.1084    0.0001    0.4484    0.4293        0.2425   -0.0004 -859.4335
    0.0759    0.3610    0.1190    0.0394    0.0379    0.1193    0.0001    0.6368    0.4358        0.2025   -0.0004 -850.4439
    0.0765    0.3568    0.0647    0.0061    0.0382    0.1132    0.0001    0.5645    0.3972        0.2068   -0.0008 -854.2158
    0.0836    0.3564    0.1480    0.0832    0.0418    0.0961    0.0001    0.5342    0.5535        0.2340   -0.0149 -783.1963
    0.0863    0.3408    0.0908    0.0067    0.0431    0.0837    0.0001    0.4517    0.4254        0.2274    0.1077 -815.8496
    0.0871    0.3274    0.0770    0.0116    0.0436    0.0490    0.0001    0.3827    0.3351        0.0456    0.0118 -745.7047
    0.0837    0.3429    0.0138    0.0034    0.0419    0.0999    0.0001    0.4285    0.4193        0.1154    0.0106 -907.4442
    0.0882    0.3484    0.2622    0.0181    0.0441    0.0928    0.0001    0.6272    0.4695        0.1002   -0.0028 -757.6682
    0.0773    0.3500    0.0268    0.0305    0.0386    0.0920    0.0001    0.4268    0.4074        0.1597   -0.0016 -804.0282
    0.0787    0.3375    0.0127    0.0086    0.0393    0.0839    0.0001    0.3886    0.3877        0.1407    0.0030 -947.9644
    0.0729    0.3568    0.0153    0.0055    0.0365    0.1086    0.0001    0.4637    0.4680        0.1329    0.0493 -973.8050
    0.0758    0.3453    0.0100    0.0009    0.0379    0.0935    0.0001    0.3141    0.3060        0.3005   -0.0127 -966.5616
    0.0737    0.3526    0.0104    0.0055    0.0368    0.1129    0.0001    0.3249    0.3216        0.3127    0.0913 -989.7499
    0.0733    0.3751    0.1644    0.0792    0.0367    0.1321    0.0001    0.6556    0.4855        0.1499    0.0061 -742.6710
    0.0779    0.3564    0.0602    0.0266    0.0389    0.1116    0.0001    0.5239    0.3572        0.1782    0.0977 -768.4852
    0.0879    0.3423    0.1454    0.0579    0.0439    0.0772    0.0001    0.4672    0.3666        0.3125   -0.0140 -774.6345
    0.0790    0.3490    0.0493    0.0064    0.0395    0.0969    0.0001    0.4470    0.3936        0.1955    0.0951 -819.8263
    0.0722    0.3646    0.0335    0.0847    0.0361    0.1175    0.0001    0.3472    0.5168        0.1558   -0.0025 -781.6866
    0.0780    0.3505    0.0283    0.0010    0.0390    0.1068    0.0001    0.4497    0.4314        0.2026   -0.0011 -850.4500
    0.0800    0.3685    0.2083    0.1009    0.0400    0.1200    0.0001    0.6688    0.5602        0.3283   -0.0506 -804.9596
    0.0778    0.3553    0.0878    0.0008    0.0389    0.1128    0.0001    0.5089    0.4617        0.1888    0.1082 -857.1833
    0.0802    0.3467    0.1426    0.0078    0.0401    0.0933    0.0001    0.3374    0.4045        0.3007   -0.0251 -852.6485
    0.0790    0.3516    0.0597    0.0241    0.0395    0.1043    0.0001    0.5279    0.4321        0.2428    0.0859 -906.6217
    0.0819    0.3458    0.0138    0.0853    0.0409    0.0886    0.0001    0.4172    0.4270        0.1905    0.0093 -901.3573
    0.0804    0.3513    0.0133    0.0417    0.0402    0.1080    0.0001    0.4146    0.4101        0.2066    0.0609 -953.1530
    0.0744    0.3669    0.1386    0.1216    0.0372    0.1028    0.0001    0.4267    0.4695        0.2545    0.0026 -774.1048
    0.0747    0.3546    0.0569    0.0188    0.0373    0.1099    0.0001    0.5028    0.3844        0.1981    0.0045 -823.6577
    0.0735    0.3642    0.0178    0.0477    0.0367    0.1244    0.0001    0.5064    0.3301        0.0722   -0.0052 -831.0071
    0.0746    0.3574    0.0198    0.0052    0.0373    0.1212    0.0001    0.5962    0.3185        0.1832    0.0809 -906.7071
    0.0748    0.3472    0.0216    0.0474    0.0374    0.0843    0.0001    0.2172    0.3285        0.1849    0.0102 -805.2837
    0.0769    0.3485    0.0241    0.0004    0.0384    0.0995    0.0001    0.3823    0.3754        0.2177    0.0130 -884.5131
    0.0787    0.3540    0.1111    0.0245    0.0394    0.1053    0.0001    0.5759    0.4122        0.1932   -0.0037 -826.6530
    0.0764    0.3576    0.0669    0.0538    0.0382    0.1046    0.0001    0.5797    0.3804        0.2061    0.0019 -831.5673
    0.0806    0.3550    0.1191    0.0384    0.0403    0.1112    0.0001    0.5099    0.5789        0.1422    0.0096 -839.8549
    0.0808    0.3513    0.0561    0.0243    0.0404    0.1034    0.0001    0.5071    0.4725        0.2187    0.0136 -861.4913
    0.0697    0.3681    0.0367    0.0906    0.0349    0.1340    0.0001    0.5614    0.4580        0.0925   -0.0007 -767.5766
    0.0764    0.3537    0.0282    0.0415    0.0382    0.1148    0.0001    0.4491    0.4289        0.1924   -0.0006 -811.5710
    0.0685    0.3790    0.0104    0.0627    0.0343    0.1430    0.0001    0.7945    0.3368        0.1493   -0.0022-1040.0343
    0.0724    0.3725    0.0105    0.0424    0.0362    0.1352    0.0001    0.8125    0.3194        0.1733    0.0482-1062.8857
    0.0902    0.3477    0.2195    0.0444    0.0451    0.0975    0.0001    0.6190    0.5520        0.2017   -0.0344 -793.2936
    0.0788    0.3528    0.0285    0.0447    0.0394    0.1096    0.0001    0.4485    0.4397        0.2216    0.0803 -858.1231
    0.0873    0.3358    0.1240    0.0227    0.0436    0.0857    0.0001    0.2882    0.3541        0.1961   -0.0054 -768.3954
    0.0775    0.3511    0.0141    0.0249    0.0387    0.1089    0.0001    0.4328    0.4322        0.2196   -0.0056 -959.5428
    0.0821    0.3372    0.0302    0.0002    0.0411    0.0818    0.0001    0.4451    0.3973        0.2070   -0.0070 -831.0154
    0.0815    0.3485    0.0283    0.0003    0.0408    0.1013    0.0001    0.4414    0.4350        0.2486    0.1174 -888.8215
    0.0865    0.3479    0.1108    0.0804    0.0432    0.0956    0.0001    0.4408    0.4729        0.1589    0.0010 -787.0753
    0.0788    0.3491    0.0562    0.0003    0.0394    0.1092    0.0001    0.4995    0.3837        0.2089    0.0020 -823.8911
    0.0851    0.3412    0.0123    0.0328    0.0425    0.0949    0.0001    0.3854    0.3726        0.1631    0.0212 -937.9433
    0.0761    0.3564    0.0140    0.0404    0.0381    0.1062    0.0001    0.4321    0.4312        0.2160    0.1215 -983.8251
    0.0794    0.3514    0.2105    0.0500    0.0397    0.1120    0.0001    0.6642    0.3408        0.0342    0.0080 -707.4518
    0.0753    0.3550    0.0388    0.0591    0.0377    0.1193    0.0001    0.5974    0.3759        0.0468    0.0105 -751.4638
    0.0809    0.3532    0.1808    0.0174    0.0404    0.1159    0.0001    0.5777    0.4883        0.0558    0.0079 -761.6641
    0.0752    0.3570    0.0152    0.0301    0.0376    0.1210    0.0001    0.4685    0.4614        0.1373    0.0087 -919.5410
    0.0815    0.3535    0.0100    0.1018    0.0407    0.0882    0.0001    0.6672    0.3479        0.2952    0.0092 -988.0043
    0.0707    0.3729    0.0101    0.0679    0.0354    0.1392    0.0001    0.7755    0.3152        0.3067    0.0873-1099.7298
    0.0799    0.3518    0.0377    0.0472    0.0400    0.1069    0.0001    0.5666    0.3374        0.1576    0.0033 -770.2743
    0.0804    0.3490    0.0349    0.0180    0.0402    0.1112    0.0001    0.5401    0.3382        0.1672    0.0608 -781.7511
    0.0805    0.3563    0.1311    0.0480    0.0402    0.1038    0.0001    0.6120    0.4309        0.2112   -0.0030 -817.9915
    0.0805    0.3488    0.0609    0.0034    0.0403    0.0963    0.0001    0.5326    0.3725        0.1922   -0.0038 -821.6391
    0.0748    0.3648    0.1807    0.0782    0.0374    0.1210    0.0001    0.6641    0.3937        0.0680    0.0116 -690.2018
    0.0777    0.3500    0.0527    0.0439    0.0388    0.1039    0.0001    0.4768    0.3333        0.1237    0.0284 -713.3682
    0.0776    0.3630    0.0430    0.0783    0.0388    0.1077    0.0001    0.6809    0.3864        0.1397   -0.0051 -798.8865
    0.0797    0.3497    0.0353    0.0267    0.0399    0.1013    0.0001    0.5384    0.3488        0.1950   -0.0008 -824.0686
    0.0789    0.3607    0.0739    0.0870    0.0395    0.1044    0.0001    0.6869    0.3379        0.0788   -0.0022 -775.2878
    0.0789    0.3573    0.1023    0.0002    0.0394    0.1188    0.0001    0.5839    0.4149        0.2030   -0.0037 -824.9677
    0.0868    0.3537    0.2720    0.0689    0.0434    0.1012    0.0001    0.6460    0.5581        0.1356    0.0035 -770.1388
    0.0765    0.3554    0.0211    0.0354    0.0382    0.1146    0.0001    0.6416    0.3355        0.1802    0.0027 -878.5808
    0.0802    0.3528    0.1235    0.0510    0.0401    0.1002    0.0001    0.5540    0.4399        0.1764   -0.0158 -816.7775
    0.0829    0.3588    0.2086    0.0435    0.0414    0.1122    0.0001    0.6844    0.5383        0.2532    0.1409 -842.7409
    0.0745    0.3581    0.0100    0.0195    0.0372    0.1172    0.0001    0.7637    0.3010        0.0572   -0.0007 -958.2631
    0.0677    0.3737    0.0101    0.0537    0.0338    0.1426    0.0001    0.7830    0.3116        0.1019    0.0126 -987.4073
    0.0914    0.3215    0.0125    0.0019    0.0457    0.0497    0.0001    0.3906    0.3983        0.1727    0.0028 -894.8168
    0.0831    0.3465    0.0139    0.0054    0.0416    0.1067    0.0001    0.4304    0.4262        0.2173    0.0906 -956.5226
    0.0916    0.3391    0.0126    0.0004    0.0458    0.1264    0.0001    0.3540    0.4376        0.1705   -0.0012 -842.9020
    0.0786    0.3490    0.0137    0.0004    0.0393    0.0980    0.0001    0.4226    0.4161        0.2110   -0.0012 -959.8790
    0.0820    0.3572    0.1480    0.0194    0.0410    0.1280    0.0001    0.5545    0.4980        0.1024    0.0010 -777.9975
    0.0817    0.3511    0.0555    0.0150    0.0408    0.1097    0.0001    0.4977    0.4305        0.1797    0.0003 -796.6670
    0.0837    0.3478    0.0170    0.0726    0.0419    0.0537    0.0001    0.5551    0.4854        0.2039   -0.0267 -902.9643
    0.0869    0.3448    0.0148    0.0624    0.0435    0.0775    0.0001    0.4563    0.4505        0.2331   -0.0139 -969.3422
    0.0750    0.3622    0.0317    0.0122    0.0375    0.1456    0.0001    0.4784    0.5258        0.1324    0.0281 -839.5509
    0.0803    0.3496    0.0292    0.0072    0.0401    0.1028    0.0001    0.4583    0.4522        0.2208    0.0791 -877.6951
    0.0896    0.3369    0.0291    0.0648    0.0448    0.0668    0.0001    0.4454    0.4517        0.1591    0.0064 -861.5928
    0.0801    0.3522    0.0297    0.0215    0.0401    0.1047    0.0001    0.4714    0.4624        0.2287    0.0969 -909.2081
    0.0970    0.3505    0.2614    0.1277    0.0485    0.0887    0.0001    0.6078    0.5551        0.1118   -0.0135 -716.9086
    0.0893    0.3568    0.2858    0.0598    0.0447    0.1133    0.0001    0.6217    0.6751        0.3144    0.1377 -783.2691
    0.0820    0.3437    0.0284    0.0717    0.0410    0.0814    0.0001    0.2829    0.4280        0.1373    0.0077 -836.8709
    0.0768    0.3501    0.0293    0.0014    0.0384    0.0943    0.0001    0.4661    0.4462        0.1954    0.0103 -925.4347
    0.0871    0.3580    0.2230    0.0998    0.0436    0.0916    0.0001    0.6130    0.5365        0.1760   -0.0222 -739.9138
    0.0792    0.3521    0.0999    0.0004    0.0396    0.0999    0.0001    0.4922    0.3594        0.1779    0.0776 -778.6986
    0.0740    0.3579    0.1377    0.0696    0.0370    0.1177    0.0001    0.5669    0.3943        0.0932    0.0014 -749.7328
    0.0783    0.3481    0.0136    0.0002    0.0391    0.1131    0.0001    0.4186    0.4139        0.1328    0.0013 -898.6484
    0.0795    0.3551    0.1451    0.0409    0.0397    0.1036    0.0001    0.5828    0.4918        0.1263    0.0077 -822.6711
    0.0792    0.3459    0.0285    0.0112    0.0396    0.0968    0.0001    0.4586    0.4266        0.1630    0.0201 -855.9978
    0.0781    0.3531    0.0100    0.0065    0.0391    0.1099    0.0001    0.7513    0.3165        0.0438   -0.0095 -923.9031
    0.0757    0.3612    0.0102    0.0003    0.0378    0.1369    0.0001    0.7802    0.3157        0.1601    0.0936-1019.1019
    0.0885    0.3594    0.1543    0.1279    0.0443    0.0887    0.0001    0.5257    0.4616        0.0695   -0.0025 -723.3548
    0.0758    0.3585    0.0273    0.0211    0.0379    0.1067    0.0001    0.4327    0.4168        0.2313   -0.0040 -833.5277
    0.0911    0.3379    0.0568    0.0598    0.0455    0.0737    0.0001    0.4713    0.3830        0.2288    0.0065 -794.5436
    0.0801    0.3497    0.0562    0.0085    0.0400    0.1059    0.0001    0.4958    0.3715        0.2206    0.0939 -833.8815
    0.0755    0.3635    0.1653    0.0055    0.0377    0.1195    0.0001    0.6344    0.5079        0.1528   -0.0099 -845.9109
    0.0731    0.3646    0.0642    0.0097    0.0365    0.1148    0.0001    0.5481    0.4129        0.1687    0.0463 -866.6579
    0.0830    0.3609    0.1638    0.0835    0.0415    0.1055    0.0001    0.6321    0.5493        0.2213   -0.0046 -810.9003
    0.0746    0.3597    0.0551    0.0415    0.0373    0.1105    0.0001    0.5042    0.4452        0.1658    0.0521 -833.5925
    0.0775    0.3491    0.0149    0.0632    0.0388    0.0929    0.0001    0.4399    0.3625        0.1570    0.0259 -892.8302
    0.0771    0.3532    0.0151    0.0468    0.0385    0.1038    0.0001    0.4687    0.4595        0.2331    0.0885-1009.2123
    0.0793    0.3681    0.2140    0.0354    0.0396    0.1315    0.0001    0.7093    0.5973        0.2040    0.0032 -821.1918
    0.0778    0.3567    0.0392    0.0412    0.0389    0.1016    0.0001    0.6041    0.3699        0.2059    0.0040 -849.3779
    0.0777    0.3555    0.1237    0.0058    0.0389    0.1015    0.0001    0.5313    0.4031        0.2252   -0.0036 -844.6822
    0.0785    0.3595    0.1533    0.0440    0.0393    0.1055    0.0001    0.5817    0.4382        0.2580    0.0930 -857.7239
    0.0802    0.3482    0.0813    0.0302    0.0401    0.0943    0.0001    0.4323    0.3542        0.2250   -0.0296 -770.0834
    0.0816    0.3480    0.1272    0.0017    0.0408    0.0979    0.0001    0.4608    0.4166        0.2002    0.0523 -786.2986
    0.0875    0.3418    0.0152    0.0002    0.0438    0.0900    0.0001    0.2492    0.4777        0.2037    0.0154 -835.2406
    0.0773    0.3507    0.0151    0.0002    0.0386    0.0987    0.0001    0.2481    0.4562        0.2292    0.0681 -867.6967
    0.0779    0.3559    0.0646    0.0520    0.0390    0.1078    0.0001    0.5662    0.4653        0.1229    0.0052 -820.2377
    0.0806    0.3478    0.0532    0.0018    0.0403    0.0972    0.0001    0.4845    0.4056        0.2055    0.0062 -836.3625
    0.0891    0.3419    0.2227    0.0815    0.0446    0.0882    0.0001    0.5531    0.4952        0.2601   -0.0160 -768.5023
    0.0782    0.3494    0.0309    0.0169    0.0391    0.1045    0.0001    0.4942    0.4363        0.1670   -0.0057 -820.1067
    0.0861    0.3563    0.2717    0.0725    0.0430    0.1039    0.0001    0.6202    0.5857        0.1803   -0.0183 -758.8521
    0.0811    0.3419    0.0122    0.0369    0.0405    0.0804    0.0001    0.3804    0.3712        0.1878    0.0146 -919.1781
    0.0819    0.3518    0.1466    0.0016    0.0409    0.1064    0.0001    0.5751    0.4564        0.2047    0.0041 -830.8435
    0.0769    0.3499    0.0276    0.0024    0.0385    0.0978    0.0001    0.4414    0.4155        0.1261    0.0055 -853.9092
    0.0798    0.3586    0.0100    0.0890    0.0399    0.1099    0.0001    0.7565    0.3136       -0.0298   -0.0015 -923.1898
    0.0692    0.3699    0.0100    0.0379    0.0346    0.1420    0.0001    0.7773    0.3056        0.1592   -0.0079-1029.7088
    0.0902    0.3312    0.1035    0.0488    0.0451    0.0412    0.0001    0.4948    0.3957        0.2311   -0.0231 -792.3119
    0.0814    0.3461    0.0511    0.0226    0.0407    0.1073    0.0001    0.4634    0.4149        0.2246    0.0682 -859.5519
    0.0789    0.3684    0.2328    0.0633    0.0394    0.1305    0.0001    0.7202    0.5239        0.2673    0.0050 -816.4099
    0.0823    0.3497    0.0276    0.0172    0.0412    0.1036    0.0001    0.4501    0.4059        0.1873    0.0322 -843.1503
    0.0788    0.3634    0.2013    0.0534    0.0394    0.1152    0.0001    0.6726    0.4816        0.2226   -0.0072 -797.8033
    0.0762    0.3538    0.0276    0.0079    0.0381    0.1034    0.0001    0.4399    0.4255        0.1691    0.0021 -831.2470
    0.0784    0.3701    0.2765    0.0948    0.0392    0.1156    0.0001    0.8446    0.4817        0.1879    0.0330 -800.3348
    0.0782    0.3516    0.0913    0.0291    0.0391    0.0979    0.0001    0.5263    0.3710        0.2025    0.0934 -829.3251
    0.0744    0.3674    0.1298    0.0734    0.0372    0.1240    0.0001    0.6059    0.4799        0.1855   -0.0099 -779.0777
    0.0779    0.3609    0.1291    0.0599    0.0389    0.1226    0.0001    0.6012    0.4423        0.2024    0.1029 -795.4812
    0.0842    0.3539    0.2796    0.0300    0.0421    0.1139    0.0001    0.6063    0.5373        0.1648   -0.0303 -756.2931
    0.0773    0.3473    0.0124    0.0387    0.0387    0.0964    0.0001    0.3902    0.3801        0.1813    0.0583 -926.2967
    0.0830    0.3541    0.1782    0.0599    0.0415    0.1177    0.0001    0.6196    0.4519        0.2557    0.0016 -788.5039
    0.0792    0.3510    0.0605    0.0346    0.0396    0.1141    0.0001    0.5102    0.4032        0.1617    0.0175 -794.2947
    0.0982    0.3567    0.2513    0.1380    0.0491    0.0926    0.0001    0.7281    0.6043        0.3407    0.0051 -822.9429
    0.0793    0.3521    0.0610    0.0041    0.0397    0.1115    0.0001    0.5139    0.4182        0.2331    0.0093 -868.1095
    0.0650    0.3589    0.0100    0.0379    0.0325    0.1072    0.0001    0.2890    0.2754        0.0994    0.0009 -855.5224
    0.0763    0.3483    0.0131    0.0095    0.0382    0.1026    0.0001    0.4020    0.3960        0.1277    0.0029 -930.7822
    0.0887    0.3670    0.2977    0.1425    0.0443    0.1118    0.0001    0.7671    0.5827        0.0939   -0.0062 -761.6460
    0.0755    0.3581    0.0372    0.0377    0.0378    0.1094    0.0001    0.5691    0.3622        0.2207   -0.0126 -835.0714
    0.0794    0.3625    0.0352    0.0790    0.0397    0.1222    0.0001    0.5279    0.4977        0.1279    0.0004 -823.8867
    0.0759    0.3578    0.0295    0.0006    0.0380    0.1123    0.0001    0.4642    0.4527        0.1981    0.0004 -866.3181
    0.0800    0.3570    0.1997    0.0193    0.0400    0.1038    0.0001    0.5723    0.4817        0.2335   -0.0007 -838.9075
    0.0787    0.3538    0.1078    0.0268    0.0393    0.1041    0.0001    0.4952    0.4231        0.2158    0.0182 -844.0046
    0.0769    0.3518    0.0805    0.0296    0.0384    0.1039    0.0001    0.4334    0.4379        0.1343    0.0021 -819.0409
    0.0781    0.3497    0.0774    0.0032    0.0390    0.1031    0.0001    0.4485    0.4203        0.2063    0.0023 -837.4943
    0.0797    0.3425    0.0375    0.0055    0.0398    0.0841    0.0001    0.3460    0.3345        0.2614    0.0035 -822.5108
    0.0786    0.3507    0.0497    0.0179    0.0393    0.1024    0.0001    0.4518    0.4049        0.2324    0.1037 -854.3240
    0.0777    0.3567    0.0882    0.0638    0.0388    0.0956    0.0001    0.5353    0.4114        0.1641   -0.0047 -766.0960
    0.0795    0.3488    0.0574    0.0371    0.0398    0.0945    0.0001    0.4864    0.3951        0.2036    0.0741 -781.8033
    0.0827    0.3486    0.0392    0.0550    0.0414    0.0861    0.0001    0.5957    0.4042        0.2205    0.0055 -812.5113
    0.0758    0.3578    0.0360    0.0164    0.0379    0.1166    0.0001    0.5534    0.3585        0.2037    0.0971 -848.8431
    0.0831    0.3274    0.0100    0.0080    0.0416    0.0561    0.0001    0.2949    0.1773        0.2050    0.0787 -813.9605
    0.0786    0.3502    0.0167    0.0050    0.0393    0.1045    0.0001    0.5103    0.2702        0.2558    0.1332 -936.9985
    0.0870    0.3345    0.0892    0.0345    0.0435    0.0513    0.0001    0.4298    0.3470        0.2216   -0.0136 -763.7863
    0.0812    0.3473    0.0866    0.0246    0.0406    0.0893    0.0001    0.4712    0.3757        0.2017   -0.0107 -777.0456
    0.0831    0.3409    0.0455    0.0444    0.0416    0.0790    0.0001    0.4159    0.3825        0.2127    0.0029 -795.4686
    0.0779    0.3535    0.0602    0.0332    0.0389    0.1095    0.0001    0.5199    0.4011        0.2037    0.0235 -814.8821
    0.0879    0.3553    0.1990    0.0489    0.0440    0.1302    0.0001    0.6769    0.5001        0.2060    0.0073 -767.7474
    0.0826    0.3454    0.0359    0.0073    0.0413    0.1129    0.0001    0.5485    0.3577        0.2032    0.0105 -788.3604
    0.0832    0.3460    0.0949    0.0526    0.0416    0.0838    0.0001    0.3742    0.3889        0.0148   -0.0050 -695.2019
    0.0820    0.3435    0.0118    0.0317    0.0410    0.0962    0.0001    0.3657    0.3661        0.1743   -0.0223 -886.1286
    0.0872    0.3449    0.1294    0.0631    0.0436    0.0804    0.0001    0.5840    0.4716        0.1777    0.0001 -803.4355
    0.0775    0.3541    0.0314    0.0432    0.0387    0.1067    0.0001    0.5026    0.4736        0.1749    0.0001 -838.6900
    0.0977    0.3453    0.2884    0.0772    0.0488    0.0788    0.0001    0.6367    0.5777        0.0569   -0.0060 -780.0581
    0.0776    0.3561    0.0175    0.0081    0.0388    0.1429    0.0001    0.5466    0.5203        0.1834   -0.0086 -963.2251
    0.0777    0.3503    0.0604    0.0036    0.0389    0.1061    0.0001    0.5326    0.3760        0.1618   -0.0053 -824.8591
    0.0806    0.3449    0.0549    0.0042    0.0403    0.1085    0.0001    0.4939    0.3780        0.2165   -0.0014 -824.9755
    0.0845    0.3517    0.1925    0.0182    0.0422    0.1112    0.0001    0.5547    0.4800        0.2598   -0.0309 -788.9508
    0.0814    0.3536    0.1101    0.0376    0.0407    0.1115    0.0001    0.5136    0.4471        0.2057    0.1002 -814.3008
    0.0880    0.3577    0.2873    0.0063    0.0440    0.1233    0.0001    0.7711    0.5896        0.2749    0.0061 -841.4684
    0.0793    0.3568    0.1413    0.0181    0.0397    0.1072    0.0001    0.6100    0.4130        0.2476    0.0240 -850.3899
    0.0937    0.3413    0.2202    0.0359    0.0469    0.0911    0.0001    0.5445    0.4580        0.3325    0.0069 -787.2876
    0.0782    0.3484    0.0147    0.0371    0.0391    0.1082    0.0001    0.4535    0.4467        0.1470    0.0731 -948.6690
