    0.2195    0.3428    0.1719    0.2491    0.1097    0.0623    0.0001    0.5793    0.1953        8.2593
    0.2400    0.3645    0.2225    0.3507    0.1200    0.0793    0.0001    0.7214    0.2336        7.9000
    0.1481    0.3632    0.1289    0.0503    0.0740    0.0988    0.0001    0.4053    0.0995      -10.5345
    0.1500    0.3588    0.1241    0.0015    0.0750    0.0836    0.0001    0.3962    0.1210      -11.2281
    0.1724    0.3660    0.1883    0.2075    0.0862    0.1167    0.0001    0.5959    0.1157        6.0596
    0.2114    0.3754    0.3000    0.3126    0.1057    0.1235    0.0001    0.7963    0.2290        4.5972
    0.2170    0.3026    0.1823    0.0370    0.1085    0.0375    0.0001    0.4851    0.1677       15.3801
    0.2163    0.3002    0.1786    0.0004    0.1082    0.0300    0.0001    0.4768    0.1642       15.3606
    0.1656    0.3442    0.1149    0.0002    0.0828    0.1793    0.0001    0.4138    0.1080        9.4412
    0.1582    0.3346    0.0695    0.0002    0.0791    0.1559    0.0001    0.3579    0.0861        9.2140
    0.1596    0.3756    0.1268    0.1193    0.0798    0.1524    0.0001    0.4542    0.1246        3.2665
    0.1562    0.3810    0.1127    0.1444    0.0781    0.1473    0.0001    0.4543    0.1047        2.9726
    0.1749    0.3080    0.0917    0.1063    0.0875    0.0491    0.0001    0.3329    0.1036       22.5919
    0.1772    0.3369    0.1135    0.1951    0.0886    0.0738    0.0001    0.3899    0.1084       22.1805
    0.1399    0.3905    0.0118    0.1618    0.0700    0.1079    0.0001    0.3622    0.0584        1.2293
    0.1453    0.3836    0.0117    0.1697    0.0727    0.0744    0.0001    0.3591    0.0598        0.9589
    0.1550    0.3858    0.1052    0.1817    0.0775    0.1153    0.0001    0.4533    0.1057       -0.0768
    0.1644    0.4047    0.1324    0.2406    0.0822    0.1065    0.0001    0.5304    0.1577       -1.1353
    0.1556    0.3535    0.0248    0.0793    0.0778    0.1247    0.0001    0.3867    0.0964        2.6899
    0.1615    0.3326    0.0233    0.0002    0.0808    0.0762    0.0001    0.3619    0.0796        1.5708
    0.2396    0.3079    0.1741    0.1438    0.1198    0.0310    0.0001    0.5310    0.2124        8.8949
    0.2400    0.3367    0.1877    0.2653    0.1200    0.0300    0.0001    0.5987    0.2251        8.5990
    0.1712    0.3144    0.0356    0.0253    0.0856    0.1042    0.0001    0.3128    0.0515       28.5237
    0.1649    0.3566    0.0423    0.1842    0.0825    0.0300    0.0001    0.3657    0.0546       27.0235
    0.2127    0.3398    0.2101    0.1246    0.1063    0.1447    0.0001    0.5859    0.1163       21.1022
    0.2317    0.3477    0.2472    0.2105    0.1158    0.1358    0.0001    0.6670    0.1488       20.7886
    0.1903    0.3296    0.1162    0.0696    0.0951    0.1289    0.0001    0.4918    0.1276        1.0929
    0.1977    0.3271    0.1309    0.0629    0.0989    0.1317    0.0001    0.5081    0.1461        0.9917
    0.2089    0.3872    0.2480    0.3220    0.1044    0.1011    0.0001    0.6727    0.2169       13.3108
    0.2283    0.3891    0.2978    0.3621    0.1142    0.1019    0.0001    0.7655    0.2195       13.0199
    0.1626    0.3173    0.0219    0.0641    0.0813    0.1061    0.0001    0.3397    0.0991        0.4689
    0.1537    0.3553    0.0254    0.1672    0.0768    0.0934    0.0001    0.3958    0.0993       -0.1762
    0.1885    0.3590    0.2976    0.1025    0.0942    0.1498    0.0001    0.5930    0.2436        0.2780
    0.1880    0.3576    0.2987    0.0719    0.0940    0.1522    0.0001    0.5895    0.2487        0.2608
    0.1956    0.3083    0.1292    0.0211    0.0978    0.0738    0.0001    0.4521    0.1180        9.1690
    0.1951    0.3123    0.1338    0.0149    0.0976    0.0869    0.0001    0.4606    0.1206        9.1604
    0.1964    0.3646    0.2061    0.2965    0.0982    0.0890    0.0001    0.6476    0.1013       13.4517
    0.1967    0.3668    0.2055    0.3083    0.0984    0.0894    0.0001    0.6500    0.1278       13.2107
    0.1802    0.3240    0.1442    0.1012    0.0901    0.0436    0.0001    0.4362    0.1822       -4.4933
    0.1871    0.3558    0.1672    0.2357    0.0936    0.0300    0.0001    0.5303    0.2055       -5.4844
    0.1561    0.3734    0.0808    0.0896    0.0780    0.1383    0.0001    0.3984    0.1088       -2.6187
    0.1562    0.3571    0.0704    0.0010    0.0781    0.1189    0.0001    0.3642    0.1120       -3.0624
    0.1640    0.3385    0.0818    0.0081    0.0820    0.0825    0.0001    0.3417    0.1284       -1.1394
    0.1648    0.3411    0.0911    0.0066    0.0824    0.0895    0.0001    0.3516    0.1367       -1.1709
    0.1538    0.3224    0.0100    0.0002    0.0769    0.0794    0.0001    0.3075    0.0568       -0.9921
    0.1511    0.3290    0.0102    0.0002    0.0756    0.0994    0.0001    0.3136    0.0557       -1.1242
    0.1689    0.3212    0.0400    0.1070    0.0844    0.0708    0.0001    0.3477    0.0630       22.5266
    0.1681    0.3382    0.0436    0.1518    0.0840    0.0801    0.0001    0.3763    0.0625       22.3444
    0.1575    0.3531    0.0135    0.0211    0.0788    0.0897    0.0001    0.4146    0.1040      -20.1179
    0.1531    0.3481    0.0122    0.0042    0.0766    0.0300    0.0001    0.3736    0.0990      -22.6455
    0.2050    0.3463    0.1860    0.0063    0.1025    0.0920    0.0001    0.5390    0.2297      -11.6792
    0.1968    0.3324    0.1477    0.0002    0.0984    0.0300    0.0001    0.4720    0.1956      -12.4383
    0.1563    0.3755    0.0874    0.1222    0.0782    0.1482    0.0001    0.3850    0.1129        7.4666
    0.1545    0.3853    0.0850    0.1534    0.0773    0.1449    0.0001    0.3979    0.1105        7.3482
    0.1858    0.3175    0.0118    0.0989    0.0929    0.1387    0.0001    0.3608    0.1023        4.2401
    0.1859    0.3099    0.0113    0.0994    0.0929    0.0300    0.0001    0.3471    0.0993        2.9213
    0.1911    0.3074    0.0991    0.0014    0.0956    0.0505    0.0001    0.4013    0.0607       24.3771
    0.1899    0.3042    0.0918    0.0018    0.0949    0.0300    0.0001    0.3878    0.0656       24.2716
    0.1826    0.2928    0.0718    0.0824    0.0913    0.0300    0.0001    0.3231    0.0849       28.6259
    0.1836    0.2831    0.0649    0.0003    0.0918    0.0300    0.0001    0.3119    0.0798       28.5260
    0.1725    0.3321    0.0967    0.0302    0.0862    0.1256    0.0001    0.3706    0.1281        6.5795
    0.1717    0.3316    0.0953    0.0014    0.0858    0.1226    0.0001    0.3682    0.1243        6.5439
    0.1586    0.3265    0.0785    0.0011    0.0793    0.0300    0.0001    0.3822    0.0610        4.8200
    0.1645    0.3656    0.1204    0.2030    0.0822    0.0300    0.0001    0.4775    0.0711        4.2749
    0.1439    0.3640    0.0634    0.0940    0.0719    0.1177    0.0001    0.3271    0.0868        6.3159
    0.1513    0.4006    0.1100    0.2210    0.0756    0.1116    0.0001    0.4309    0.1200        5.2544
    0.1565    0.3398    0.0998    0.0582    0.0783    0.0944    0.0001    0.3378    0.0980        9.5235
    0.1582    0.3419    0.1071    0.0848    0.0791    0.0827    0.0001    0.3470    0.1052        9.4841
    0.1910    0.3610    0.2005    0.0406    0.0955    0.1325    0.0001    0.5791    0.1466        3.7326
    0.1909    0.3609    0.2002    0.0405    0.0954    0.1328    0.0001    0.5782    0.1475        3.7320
    0.1418    0.3781    0.0136    0.1286    0.0709    0.0750    0.0001    0.4198    0.1157      -34.8854
    0.1470    0.3416    0.0120    0.0002    0.0735    0.0300    0.0001    0.3676    0.1101      -36.1408
    0.2141    0.3036    0.1392    0.0866    0.1071    0.0919    0.0001    0.4456    0.1378       23.7017
    0.2399    0.3520    0.1929    0.3465    0.1200    0.0319    0.0001    0.6393    0.1806       20.4356
    0.1891    0.3472    0.1652    0.0842    0.0945    0.1482    0.0001    0.5183    0.1693       -0.9767
    0.1893    0.3553    0.1792    0.0025    0.0947    0.1821    0.0001    0.5390    0.1854       -1.0820
    0.1996    0.3679    0.1720    0.0186    0.0998    0.1883    0.0001    0.5492    0.1741        3.3682
    0.2076    0.3608    0.1812    0.0178    0.1038    0.1807    0.0001    0.5588    0.1868        3.2892
    0.1810    0.3652    0.1253    0.1991    0.0905    0.1482    0.0001    0.5114    0.1237       13.7259
    0.2139    0.3396    0.1628    0.2589    0.1070    0.0301    0.0001    0.5463    0.1507       12.6021
    0.2041    0.4235    0.2089    0.3502    0.1021    0.1405    0.0001    0.8598    0.1744        1.2966
    0.2393    0.4218    0.2978    0.4467    0.1196    0.1438    0.0001    1.0231    0.2742      -31.8296
    0.2137    0.2987    0.1724    0.0433    0.1069    0.0309    0.0001    0.4547    0.1395       21.3070
    0.2071    0.2986    0.1612    0.0002    0.1036    0.0300    0.0001    0.4326    0.1311       21.2123
    0.1814    0.3582    0.0495    0.1701    0.0907    0.1540    0.0001    0.4274    0.0576       31.8079
    0.1890    0.3445    0.0488    0.1740    0.0945    0.1078    0.0001    0.4231    0.0598       31.5560
    0.1936    0.2983    0.1129    0.0004    0.0968    0.0305    0.0001    0.3905    0.1210       14.9074
    0.2085    0.2968    0.1460    0.0003    0.1042    0.0300    0.0001    0.4255    0.1560       14.6495
    0.2290    0.3600    0.2194    0.2387    0.1145    0.0310    0.0001    0.7353    0.2481       -8.2828
    0.2223    0.3791    0.2238    0.3040    0.1112    0.0300    0.0001    0.7927    0.2339       -8.7654
    0.2125    0.3262    0.1989    0.0411    0.1063    0.0664    0.0001    0.5642    0.1600        2.2680
    0.2114    0.3265    0.1957    0.0002    0.1057    0.0732    0.0001    0.5643    0.1611        2.2013
    0.1905    0.3224    0.1154    0.0735    0.0952    0.0309    0.0001    0.4657    0.1325       -0.9607
    0.1819    0.3208    0.1031    0.0002    0.0910    0.0300    0.0001    0.4460    0.1143       -1.2477
    0.1482    0.3320    0.0100    0.0546    0.0741    0.0317    0.0001    0.3094    0.1493      -26.0358
    0.1472    0.3383    0.0100    0.0874    0.0736    0.0300    0.0001    0.3097    0.1498      -26.0845
    0.2083    0.3063    0.1478    0.0600    0.1041    0.0300    0.0001    0.4596    0.1277       13.0912
    0.2062    0.3065    0.1472    0.0002    0.1031    0.0300    0.0001    0.4541    0.1280       12.9932
    0.1742    0.4022    0.1889    0.2495    0.0871    0.1917    0.0001    0.5899    0.1702       10.9827
    0.1828    0.4201    0.1911    0.3341    0.0914    0.1811    0.0001    0.6698    0.1441       10.0876
    0.1803    0.3435    0.1145    0.0453    0.0902    0.1082    0.0001    0.4263    0.0844       17.3739
    0.1772    0.3405    0.1005    0.0002    0.0886    0.1155    0.0001    0.4057    0.0746       17.2185
    0.1491    0.3694    0.0251    0.1268    0.0746    0.1118    0.0001    0.3856    0.1062      -13.2467
    0.1477    0.3703    0.0260    0.1277    0.0738    0.0300    0.0001    0.4046    0.1034      -15.3381
    0.1900    0.3423    0.2028    0.1129    0.0950    0.1555    0.0001    0.5426    0.2290       -2.8069
    0.2026    0.3260    0.2064    0.0005    0.1013    0.1445    0.0001    0.5214    0.2475       -3.5052
    0.1818    0.3316    0.1768    0.1077    0.0909    0.1638    0.0001    0.4677    0.1667       11.0106
    0.1864    0.3638    0.2112    0.2470    0.0932    0.1553    0.0001    0.5698    0.1903       10.6173
    0.1391    0.4065    0.0962    0.1623    0.0695    0.1443    0.0001    0.4949    0.0805       -4.7474
    0.1375    0.4150    0.1052    0.1724    0.0688    0.1535    0.0001    0.5167    0.0815       -4.7802
    0.2101    0.3459    0.1422    0.0365    0.1051    0.1511    0.0001    0.4941    0.1678        3.6123
    0.2098    0.3475    0.1497    0.0002    0.1049    0.1474    0.0001    0.4995    0.1794        3.5177
    0.1971    0.3345    0.0902    0.0047    0.0985    0.0993    0.0001    0.4923    0.0646       16.1698
    0.2021    0.3424    0.1014    0.1432    0.1010    0.0303    0.0001    0.5232    0.0734       15.4764
    0.2017    0.3534    0.1518    0.0009    0.1008    0.1604    0.0001    0.5800    0.1821       -7.8346
    0.2121    0.3239    0.1446    0.0009    0.1060    0.0743    0.0001    0.5265    0.1833       -8.4554
    0.1931    0.3260    0.0161    0.0237    0.0965    0.1216    0.0001    0.4953    0.1002      -12.4820
    0.1504    0.3417    0.0124    0.0002    0.0752    0.0439    0.0001    0.3807    0.0763      -22.2560
    0.1477    0.3540    0.0119    0.0009    0.0738    0.0895    0.0001    0.3645    0.1059      -26.6987
    0.1478    0.3526    0.0117    0.0009    0.0739    0.0859    0.0001    0.3602    0.1036      -26.7192
    0.2043    0.3696    0.1058    0.2641    0.1022    0.1000    0.0001    0.4881    0.1387       19.7822
    0.2204    0.4082    0.1716    0.3618    0.1102    0.1531    0.0001    0.6570    0.1858       19.5832
    0.2130    0.3128    0.1367    0.0004    0.1065    0.0301    0.0001    0.4769    0.1187       13.3416
    0.2107    0.3131    0.1339    0.0004    0.1054    0.0300    0.0001    0.4708    0.1204       13.3273
    0.2103    0.3222    0.1529    0.0025    0.1051    0.0305    0.0001    0.4775    0.1550        7.7036
    0.2128    0.3633    0.1860    0.2372    0.1064    0.0343    0.0001    0.5858    0.1675        7.1320
    0.1664    0.3176    0.0219    0.0029    0.0832    0.0442    0.0001    0.3400    0.0741        4.5568
    0.1609    0.3702    0.0305    0.2158    0.0804    0.0307    0.0001    0.4645    0.0905        1.3950
    0.1697    0.3534    0.1177    0.0847    0.0849    0.1811    0.0001    0.4457    0.1430       -0.4852
    0.1987    0.3417    0.1790    0.0053    0.0993    0.1730    0.0001    0.5203    0.2131       -1.5244
    0.2067    0.3794    0.2811    0.0838    0.1033    0.0855    0.0001    0.6089    0.2958      -18.3349
    0.2073    0.3802    0.2998    0.0003    0.1036    0.0955    0.0001    0.6607    0.3223      -18.8048
    0.1664    0.3415    0.0142    0.0724    0.0832    0.0300    0.0001    0.4329    0.0810      -35.4627
    0.1362    0.3834    0.0147    0.1447    0.0681    0.0330    0.0001    0.4522    0.1132      -40.9518
    0.2125    0.3426    0.1733    0.1203    0.1062    0.1660    0.0001    0.5111    0.2388       -0.2914
    0.2108    0.3359    0.1678    0.0002    0.1054    0.1798    0.0001    0.4922    0.2334       -0.5161
    0.1533    0.3767    0.1465    0.1790    0.0767    0.0785    0.0001    0.5285    0.1894      -22.1304
    0.1569    0.3742    0.1528    0.1832    0.0784    0.0716    0.0001    0.5361    0.1926      -22.1620
    0.1640    0.4309    0.1740    0.2626    0.0820    0.2333    0.0001    0.6262    0.0853       14.7211
    0.1737    0.4411    0.1790    0.3631    0.0869    0.2396    0.0001    0.7216    0.1215        8.6471
    0.1866    0.3270    0.1037    0.0093    0.0933    0.0846    0.0001    0.4043    0.0793       20.0818
    0.1888    0.3250    0.1053    0.0002    0.0944    0.0852    0.0001    0.4036    0.0816       20.0585
    0.1933    0.3063    0.0816    0.0579    0.0967    0.0908    0.0001    0.4322    0.0947       15.6708
    0.2045    0.3239    0.1125    0.1706    0.1022    0.0793    0.0001    0.5053    0.1155       15.3237
    0.2283    0.4052    0.2567    0.4541    0.1142    0.1026    0.0001    1.0165    0.3353       -3.4331
    0.2381    0.4029    0.2638    0.4473    0.1191    0.1016    0.0001    1.0178    0.3331       -6.4321
    0.2399    0.3572    0.2578    0.2355    0.1200    0.1267    0.0001    0.7404    0.3211      -11.6963
    0.2400    0.3514    0.2526    0.2105    0.1200    0.1221    0.0001    0.7167    0.3212      -11.7365
    0.1707    0.3347    0.0498    0.1474    0.0853    0.0663    0.0001    0.4283    0.1523      -12.9436
    0.1686    0.3524    0.0530    0.1866    0.0843    0.0882    0.0001    0.4637    0.1529      -13.1732
    0.2228    0.3561    0.1885    0.1420    0.1114    0.1908    0.0001    0.6851    0.1520       10.7046
    0.1829    0.3985    0.0826    0.2591    0.0915    0.1730    0.0001    0.7112    0.1049        7.5897
    0.2197    0.3625    0.2180    0.1287    0.1098    0.1973    0.0001    0.6473    0.1711       12.6021
    0.2051    0.3654    0.2035    0.0025    0.1025    0.2139    0.0001    0.6124    0.1663       12.1831
    0.1567    0.3899    0.0943    0.1852    0.0783    0.1516    0.0001    0.5406    0.0411       11.0071
    0.2143    0.4262    0.2993    0.4096    0.1072    0.1628    0.0001    1.0845    0.1177        5.3784
    0.1644    0.3946    0.1117    0.1056    0.0822    0.1406    0.0001    0.4508    0.0882        5.1989
    0.1592    0.3805    0.0840    0.0402    0.0796    0.1231    0.0001    0.3981    0.0783        5.0056
    0.1857    0.3387    0.1367    0.1274    0.0928    0.0842    0.0001    0.4977    0.1495        2.1307
    0.2373    0.3331    0.2360    0.1546    0.1187    0.0969    0.0001    0.6601    0.2137        1.2153
    0.2101    0.3023    0.1287    0.0244    0.1051    0.0489    0.0001    0.4257    0.1182       21.7082
    0.2147    0.2967    0.1308    0.0016    0.1074    0.0301    0.0001    0.4275    0.1290       21.6179
    0.2133    0.3269    0.2027    0.0292    0.1067    0.1403    0.0001    0.5149    0.2186        9.5982
    0.2104    0.3497    0.2082    0.2028    0.1052    0.1174    0.0001    0.5673    0.2238        8.8675
    0.1870    0.3113    0.0143    0.0415    0.0935    0.1005    0.0001    0.4349    0.1027      -22.3982
    0.1595    0.3785    0.0191    0.2176    0.0797    0.0536    0.0001    0.5852    0.1033      -29.1063
    0.1419    0.3586    0.0408    0.0002    0.0710    0.1147    0.0001    0.3599    0.1029      -12.6518
    0.1421    0.3571    0.0403    0.0002    0.0710    0.1081    0.0001    0.3576    0.1029      -12.6652
    0.1469    0.3417    0.0334    0.1122    0.0734    0.1148    0.0001    0.2925    0.0446       27.1211
    0.1504    0.3538    0.0375    0.1755    0.0752    0.0739    0.0001    0.3274    0.0425       26.3087
    0.1411    0.3932    0.0114    0.1475    0.0706    0.0300    0.0001    0.3450    0.0913      -13.5304
    0.1364    0.3692    0.0100    0.0695    0.0682    0.0300    0.0001    0.3066    0.0798      -14.7423
    0.1583    0.3555    0.0458    0.1079    0.0791    0.1321    0.0001    0.4028    0.0691        7.1257
    0.1602    0.3681    0.0523    0.1582    0.0801    0.1247    0.0001    0.4482    0.0796        6.7327
    0.1366    0.4548    0.1109    0.2243    0.0683    0.2085    0.0001    0.5671    0.0756        6.4878
    0.1347    0.4662    0.1221    0.2804    0.0673    0.1935    0.0001    0.6023    0.0865        0.9767
    0.1515    0.3486    0.0123    0.0179    0.0758    0.0646    0.0001    0.3766    0.0644        1.6310
    0.1497    0.4046    0.0153    0.2362    0.0748    0.0301    0.0001    0.4694    0.0613       -5.1686
    0.1796    0.4345    0.2807    0.3045    0.0898    0.1637    0.0001    0.8305    0.2305       -3.1206
    0.1665    0.4414    0.2557    0.3481    0.0833    0.1656    0.0001    0.7931    0.2129       -6.9672
    0.1532    0.3393    0.0662    0.0782    0.0766    0.0499    0.0001    0.3758    0.0723        3.9256
    0.1550    0.3392    0.0693    0.0846    0.0775    0.0448    0.0001    0.3780    0.0747        3.9059
    0.1764    0.3127    0.0786    0.0135    0.0882    0.0350    0.0001    0.3509    0.1091        8.8187
    0.1760    0.3118    0.0771    0.0002    0.0880    0.0300    0.0001    0.3505    0.1078        8.7821
    0.1991    0.2767    0.0894    0.0010    0.0995    0.0301    0.0001    0.3390    0.0871       35.2434
    0.1992    0.2766    0.0897    0.0002    0.0996    0.0300    0.0001    0.3391    0.0875       35.2429
    0.2332    0.3007    0.1588    0.0760    0.1166    0.0427    0.0001    0.4645    0.1665       26.8720
    0.1820    0.3782    0.0539    0.2590    0.0910    0.0673    0.0001    0.4665    0.0789       25.2120
    0.1663    0.3551    0.0889    0.1269    0.0832    0.1038    0.0001    0.4345    0.0879        6.9566
    0.1708    0.3580    0.1066    0.1448    0.0854    0.1003    0.0001    0.4586    0.1000        6.9159
    0.1534    0.3444    0.0484    0.0858    0.0767    0.1365    0.0001    0.4151    0.1181       -8.9059
    0.1986    0.3975    0.2141    0.3347    0.0993    0.1474    0.0001    0.8102    0.2448      -10.5229
    0.2137    0.3497    0.1927    0.1500    0.1069    0.1012    0.0001    0.5596    0.1729       10.4070
    0.2213    0.3695    0.2152    0.2296    0.1107    0.1109    0.0001    0.6373    0.1764       10.0927
    0.1486    0.3614    0.0115    0.1066    0.0743    0.1559    0.0001    0.3513    0.1069       -8.8137
    0.1554    0.3168    0.0100    0.0006    0.0777    0.0300    0.0001    0.3055    0.0902      -10.2585
    0.2399    0.2952    0.1215    0.0852    0.1200    0.1394    0.0001    0.4741    0.2002       13.4283
    0.2366    0.3546    0.1317    0.3397    0.1183    0.0812    0.0001    0.6030    0.2080       11.0305
    0.2175    0.3418    0.2093    0.1491    0.1087    0.0300    0.0001    0.5261    0.1162       25.3725
    0.1769    0.3745    0.1354    0.2083    0.0885    0.0368    0.0001    0.4473    0.0774       23.7214
    0.1526    0.3434    0.0214    0.0283    0.0763    0.0776    0.0001    0.3317    0.0932       -6.2545
    0.1541    0.3412    0.0223    0.0023    0.0770    0.0720    0.0001    0.3472    0.0928       -6.4278
    0.1470    0.4057    0.0302    0.1927    0.0735    0.0451    0.0001    0.4149    0.1183       -6.8113
    0.1489    0.3954    0.0243    0.1776    0.0744    0.0300    0.0001    0.3773    0.1232       -9.1316
    0.1956    0.4154    0.2057    0.3352    0.0978    0.1847    0.0001    0.7085    0.1224       23.9821
    0.1994    0.4122    0.2221    0.3431    0.0997    0.1817    0.0001    0.6960    0.1033       23.6000
    0.1638    0.3452    0.0135    0.0658    0.0819    0.1179    0.0001    0.4138    0.1232      -19.7018
    0.1536    0.3714    0.0144    0.1617    0.0768    0.0300    0.0001    0.4408    0.1096      -23.1218
    0.2246    0.3402    0.1759    0.0017    0.1123    0.1067    0.0001    0.5581    0.1447       11.1441
    0.2242    0.3386    0.1733    0.0017    0.1121    0.1006    0.0001    0.5492    0.1425       11.1294
    0.2400    0.2818    0.1179    0.0179    0.1200    0.0300    0.0001    0.4570    0.1642       17.5957
    0.2400    0.2818    0.1164    0.0339    0.1200    0.0300    0.0001    0.4562    0.1632       17.5931
    0.2085    0.2746    0.0815    0.0045    0.1043    0.0470    0.0001    0.3879    0.1032       21.9464
    0.2167    0.2719    0.0925    0.0045    0.1084    0.0389    0.0001    0.4024    0.1169       21.8362
    0.1796    0.3055    0.0729    0.0059    0.0898    0.0332    0.0001    0.3958    0.0842        8.4995
    0.1762    0.3108    0.0713    0.0002    0.0881    0.0568    0.0001    0.3958    0.0815        8.4718
    0.1922    0.3267    0.1436    0.0005    0.0961    0.0306    0.0001    0.3929    0.1731       10.3189
    0.1862    0.3276    0.1292    0.0005    0.0931    0.0300    0.0001    0.3780    0.1549       10.2497
    0.1775    0.3151    0.0467    0.0300    0.0887    0.1008    0.0001    0.4052    0.0848        9.8781
    0.1838    0.2990    0.0447    0.0382    0.0919    0.0335    0.0001    0.3896    0.0868        9.7346
    0.1484    0.3248    0.0108    0.0002    0.0742    0.0300    0.0001    0.3304    0.0890      -14.8091
    0.1490    0.3242    0.0110    0.0002    0.0745    0.0303    0.0001    0.3360    0.0717      -14.9936
    0.1838    0.3318    0.0707    0.1777    0.0919    0.0804    0.0001    0.4181    0.1210       14.2863
    0.1764    0.3433    0.0476    0.1938    0.0882    0.0946    0.0001    0.4167    0.1051       13.9217
    0.2375    0.4741    0.2966    1.5114    0.1188    0.0323    0.0001    2.3287    0.4041    -2041.2363
    0.2318    0.4601    0.2982    1.4948    0.1159    0.0315    0.0001    2.3780    0.4024    -2279.2058
    0.1809    0.3491    0.1527    0.0017    0.0904    0.0637    0.0001    0.4522    0.1262        2.3826
    0.1778    0.3473    0.1393    0.0020    0.0889    0.0580    0.0001    0.4366    0.1152        2.3546
    0.2370    0.3625    0.2635    0.1495    0.1185    0.1751    0.0001    0.6445    0.2103       24.1236
    0.2400    0.3577    0.2176    0.3124    0.1200    0.0300    0.0001    0.6217    0.1797       22.9848
    0.1619    0.3208    0.0108    0.0318    0.0809    0.0300    0.0001    0.3329    0.0774      -10.2309
    0.1594    0.3199    0.0105    0.0007    0.0797    0.0300    0.0001    0.3228    0.0883      -10.5442
    0.1641    0.3741    0.1305    0.2312    0.0821    0.0846    0.0001    0.4563    0.1029       12.6875
    0.2249    0.3957    0.2987    0.4339    0.1125    0.0794    0.0001    0.7589    0.2641       10.7321
    0.1516    0.3920    0.1727    0.1344    0.0758    0.1089    0.0001    0.4893    0.1313       -8.5242
    0.1687    0.3849    0.2486    0.0459    0.0844    0.1284    0.0001    0.5566    0.1998       -9.0555
    0.1680    0.3240    0.0126    0.0913    0.0840    0.0996    0.0001    0.3864    0.0655        0.6188
    0.1667    0.3160    0.0121    0.0798    0.0833    0.0300    0.0001    0.3720    0.0622       -0.3207
    0.1817    0.3133    0.1080    0.0328    0.0909    0.0704    0.0001    0.4295    0.1015        7.4927
    0.1812    0.3124    0.1060    0.0002    0.0906    0.0710    0.0001    0.4252    0.1014        7.4775
    0.1425    0.4175    0.1620    0.1981    0.0713    0.1923    0.0001    0.5377    0.1573        2.4629
    0.1498    0.4139    0.1480    0.2417    0.0749    0.1636    0.0001    0.5316    0.1498        1.8086
    0.1748    0.3141    0.0959    0.0009    0.0874    0.0301    0.0001    0.3789    0.1259        2.4110
    0.1748    0.3141    0.0959    0.0002    0.0874    0.0300    0.0001    0.3784    0.1258        2.4102
    0.1628    0.3231    0.0771    0.1293    0.0814    0.0303    0.0001    0.3553    0.1233        5.9392
    0.1585    0.3314    0.0650    0.1466    0.0793    0.0300    0.0001    0.3584    0.1100        5.7496
    0.1894    0.3835    0.2586    0.2631    0.0947    0.1045    0.0001    0.5792    0.2343       10.8716
    0.1859    0.3832    0.2302    0.2636    0.0930    0.0998    0.0001    0.5510    0.2002       10.7360
    0.1727    0.3123    0.0499    0.0759    0.0863    0.0346    0.0001    0.3882    0.0702       13.8196
    0.1792    0.3716    0.0656    0.2574    0.0896    0.0301    0.0001    0.5497    0.0904       10.6979
    0.1432    0.3585    0.0225    0.0848    0.0716    0.1798    0.0001    0.3454    0.1168        3.6475
    0.1494    0.3655    0.0231    0.1601    0.0747    0.1469    0.0001    0.3605    0.1112        2.3035
    0.1532    0.3365    0.0105    0.0573    0.0766    0.0307    0.0001    0.3225    0.0937      -14.4013
    0.1541    0.3309    0.0103    0.0002    0.0771    0.0300    0.0001    0.3169    0.0918      -14.4387
    0.1883    0.3167    0.0152    0.0490    0.0941    0.1713    0.0001    0.4664    0.1175       11.6139
    0.1495    0.3856    0.0168    0.2117    0.0747    0.1507    0.0001    0.5158    0.0480       -0.3515
    0.1498    0.3802    0.0130    0.1779    0.0749    0.0766    0.0001    0.3987    0.1137      -20.9187
    0.1415    0.3645    0.0111    0.0049    0.0707    0.1160    0.0001    0.3414    0.0992      -23.7509
    0.1825    0.3025    0.1052    0.0262    0.0912    0.0582    0.0001    0.4100    0.1093        7.8825
    0.1798    0.3052    0.1021    0.0005    0.0899    0.0691    0.0001    0.4086    0.1046        7.8495
    0.1577    0.3433    0.0148    0.1197    0.0788    0.0674    0.0001    0.4520    0.1393      -34.6580
    0.1532    0.3429    0.0141    0.0967    0.0766    0.0750    0.0001    0.4329    0.1244      -34.9865
    0.1556    0.3933    0.1425    0.1640    0.0778    0.1380    0.0001    0.5199    0.1575      -11.4985
    0.1619    0.3905    0.1551    0.1759    0.0810    0.1279    0.0001    0.5362    0.1732      -11.5706
    0.1622    0.3991    0.0989    0.2089    0.0811    0.1252    0.0001    0.4450    0.0702       19.7631
    0.1980    0.4163    0.1974    0.3454    0.0990    0.1053    0.0001    0.6377    0.1422       18.8739
    0.1555    0.3924    0.1036    0.1878    0.0777    0.1656    0.0001    0.4382    0.0884       21.9925
    0.2155    0.4166    0.2620    0.4422    0.1078    0.0858    0.0001    0.7337    0.1953       16.7058
    0.1554    0.3540    0.0114    0.1175    0.0777    0.1307    0.0001    0.3503    0.0976       -8.7617
    0.1589    0.3502    0.0116    0.1433    0.0794    0.0804    0.0001    0.3543    0.1021       -9.1751
    0.1868    0.3181    0.1154    0.0006    0.0934    0.0347    0.0001    0.4130    0.1102        9.6767
    0.1889    0.3203    0.1254    0.0006    0.0945    0.0429    0.0001    0.4262    0.1233        9.6176
    0.1673    0.3286    0.0269    0.1018    0.0837    0.1353    0.0001    0.4176    0.0767        3.8034
    0.1653    0.3327    0.0274    0.1281    0.0826    0.0987    0.0001    0.4266    0.0818        3.5490
    0.1770    0.3393    0.0929    0.0759    0.0885    0.1092    0.0001    0.4246    0.1158        3.0301
    0.1794    0.3417    0.0980    0.1047    0.0897    0.1042    0.0001    0.4345    0.1228        2.9921
    0.1628    0.3362    0.0262    0.1726    0.0814    0.0738    0.0001    0.4072    0.1029      -10.7114
    0.1361    0.3524    0.0236    0.0426    0.0681    0.1482    0.0001    0.3668    0.0966      -14.0537
    0.1799    0.3063    0.0751    0.1083    0.0899    0.0307    0.0001    0.3607    0.0892       22.5618
    0.2069    0.3563    0.1376    0.3205    0.1035    0.0308    0.0001    0.5351    0.1334       20.8693
    0.1923    0.3843    0.2934    0.1959    0.0961    0.1148    0.0001    0.7978    0.2958      -18.1906
    0.2281    0.3658    0.3000    0.2795    0.1141    0.0555    0.0001    0.7847    0.3488      -19.3437
    0.1981    0.3375    0.1963    0.0525    0.0991    0.1070    0.0001    0.5085    0.1657        2.4898
    0.1927    0.3455    0.2018    0.0520    0.0963    0.1162    0.0001    0.5232    0.1809        2.3451
    0.1539    0.3586    0.0760    0.2014    0.0769    0.0312    0.0001    0.4314    0.1184       -3.7480
    0.1651    0.3626    0.1082    0.2401    0.0825    0.0300    0.0001    0.4871    0.1467       -3.9360
    0.1580    0.3362    0.1236    0.0841    0.0790    0.0657    0.0001    0.4564    0.1134       -8.5439
    0.1623    0.3272    0.1317    0.0097    0.0812    0.0698    0.0001    0.4471    0.1244       -8.6601
    0.2094    0.3662    0.2654    0.0485    0.1047    0.1595    0.0001    0.7025    0.3012      -15.9918
    0.2068    0.3647    0.2566    0.0025    0.1034    0.1606    0.0001    0.6818    0.3052      -16.0875
    0.1615    0.3461    0.1295    0.0284    0.0808    0.1051    0.0001    0.4341    0.0476        6.2180
    0.1570    0.3524    0.1139    0.0839    0.0785    0.0956    0.0001    0.4314    0.0429        6.1378
    0.2252    0.3671    0.2796    0.1237    0.1126    0.1616    0.0001    0.6914    0.2623        6.2200
    0.2325    0.3533    0.2768    0.0011    0.1162    0.1572    0.0001    0.6567    0.2570        5.9242
    0.1373    0.3708    0.0117    0.1511    0.0686    0.0806    0.0001    0.3600    0.0546       -5.7322
    0.1378    0.3775    0.0127    0.1743    0.0689    0.0767    0.0001    0.3891    0.0518       -6.0155
    0.2380    0.5212    0.2696    1.0024    0.1190    0.0448    0.0001    2.0699    0.3560     -943.1448
    0.2341    0.4907    0.2729    1.0204    0.1171    0.0454    0.0001    2.0990    0.3509    -1155.0048
    0.1725    0.3032    0.0115    0.0003    0.0862    0.0301    0.0001    0.3527    0.0957       -5.9371
    0.1693    0.3087    0.0116    0.0003    0.0846    0.0300    0.0001    0.3565    0.0831       -6.1469
    0.1654    0.3530    0.0560    0.1664    0.0827    0.1541    0.0001    0.3981    0.0769       20.7641
    0.1947    0.3897    0.1485    0.3257    0.0974    0.1211    0.0001    0.5969    0.1357       18.3847
    0.1947    0.3205    0.1320    0.1396    0.0974    0.0310    0.0001    0.4335    0.1571        4.1588
    0.2135    0.3048    0.1684    0.0003    0.1068    0.0300    0.0001    0.4684    0.2000        2.9207
    0.1542    0.3342    0.0100    0.0020    0.0771    0.0352    0.0001    0.3096    0.0526       -4.0814
    0.1561    0.3390    0.0113    0.0033    0.0781    0.0519    0.0001    0.3463    0.0545       -4.6305
    0.1794    0.3607    0.1191    0.1863    0.0897    0.1319    0.0001    0.4726    0.1538        5.2643
    0.1800    0.3699    0.1267    0.2097    0.0900    0.1376    0.0001    0.4994    0.1579        5.2440
    0.2158    0.2479    0.0128    0.0357    0.1079    0.1265    0.0001    0.3925    0.0932       25.1525
    0.1722    0.3188    0.0131    0.1348    0.0861    0.0300    0.0001    0.4011    0.0325       11.2663
    0.1617    0.3333    0.0781    0.0936    0.0809    0.0772    0.0001    0.3863    0.0813        7.7211
    0.1668    0.3625    0.1173    0.2001    0.0834    0.0810    0.0001    0.4845    0.1006        7.2336
    0.1841    0.3638    0.1731    0.1371    0.0921    0.1603    0.0001    0.5375    0.1676        0.9017
    0.2161    0.3427    0.2334    0.0045    0.1080    0.1409    0.0001    0.5818    0.2481       -0.2324
    0.1466    0.4223    0.0100    0.1917    0.0733    0.2143    0.0001    0.7780    0.0890      -36.1416
    0.1662    0.3999    0.0100    0.2403    0.0831    0.1427    0.0001    0.7743    0.0916      -37.5976
    0.1609    0.3656    0.1257    0.1435    0.0805    0.1050    0.0001    0.4397    0.1423       -5.3775
    0.1440    0.3490    0.0109    0.0005    0.0720    0.1244    0.0001    0.3358    0.0955      -19.6813
    0.2222    0.3716    0.2238    0.2776    0.1111    0.0861    0.0001    0.7699    0.1011       16.3048
    0.2198    0.3526    0.1961    0.2401    0.1099    0.0300    0.0001    0.6725    0.1094       15.5295
    0.1575    0.3023    0.0624    0.0215    0.0788    0.0333    0.0001    0.3260    0.0907       -2.2002
    0.1575    0.3070    0.0613    0.0049    0.0788    0.0579    0.0001    0.3352    0.1138       -2.8298
    0.1696    0.3662    0.0262    0.1615    0.0848    0.1500    0.0001    0.4075    0.0663       18.9951
    0.1680    0.3523    0.0239    0.1080    0.0840    0.1643    0.0001    0.3714    0.0657       18.7673
    0.1566    0.3725    0.1267    0.2176    0.0783    0.1134    0.0001    0.4800    0.1424        7.2876
    0.2285    0.3884    0.2978    0.4714    0.1142    0.1134    0.0001    0.9049    0.2271       -1.2420
    0.1472    0.3654    0.0865    0.0236    0.0736    0.1795    0.0001    0.3946    0.0924       -2.7818
    0.1473    0.3577    0.0808    0.0007    0.0737    0.1509    0.0001    0.3982    0.0899       -3.1079
    0.1898    0.3452    0.1528    0.1062    0.0949    0.1238    0.0001    0.5301    0.1607       -4.4556
    0.1869    0.3371    0.1429    0.0184    0.0935    0.1335    0.0001    0.4964    0.1585       -4.6261
    0.1763    0.3290    0.1217    0.0473    0.0882    0.1508    0.0001    0.4295    0.1578        0.9951
    0.1827    0.3149    0.1163    0.0005    0.0913    0.1247    0.0001    0.4138    0.1530        0.7323
    0.1724    0.3216    0.0382    0.0933    0.0862    0.0881    0.0001    0.3449    0.1129        6.4568
    0.1754    0.3802    0.0509    0.2694    0.0877    0.0792    0.0001    0.4491    0.1513        3.2933
    0.2095    0.2940    0.1093    0.0050    0.1047    0.0453    0.0001    0.4487    0.1688       -2.8259
    0.2047    0.2931    0.0984    0.0005    0.1023    0.0300    0.0001    0.4335    0.1578       -2.8923
    0.1917    0.3225    0.1465    0.0586    0.0959    0.1156    0.0001    0.4308    0.0920       25.3896
    0.1872    0.3447    0.1370    0.1902    0.0936    0.0776    0.0001    0.4603    0.0799       24.8191
    0.2380    0.3529    0.2127    0.2831    0.1190    0.1471    0.0001    0.6123    0.1983       22.2509
    0.2397    0.3531    0.2152    0.2877    0.1198    0.1402    0.0001    0.6130    0.2030       22.2352
    0.2031    0.3290    0.1777    0.1978    0.1015    0.0307    0.0001    0.5307    0.1803        2.5304
    0.2065    0.3283    0.1843    0.2021    0.1033    0.0300    0.0001    0.5410    0.1827        2.5230
    0.1911    0.3777    0.1828    0.3065    0.0956    0.0829    0.0001    0.6672    0.1464        3.4844
    0.1834    0.3802    0.1850    0.3016    0.0917    0.0748    0.0001    0.6838    0.1528        3.1999
    0.2400    0.3459    0.2772    0.0289    0.1200    0.0939    0.0001    0.7382    0.2086       -0.3812
    0.2394    0.3531    0.2904    0.0038    0.1197    0.0958    0.0001    0.7860    0.2062       -0.5882
    0.2320    0.3675    0.3000    0.3157    0.1160    0.1087    0.0001    0.7173    0.2506       13.6614
    0.2314    0.3682    0.3000    0.3187    0.1157    0.1087    0.0001    0.7224    0.2449       13.6528
    0.1624    0.3459    0.1007    0.1865    0.0812    0.0883    0.0001    0.4399    0.1262        2.3351
    0.1642    0.3492    0.1092    0.1948    0.0821    0.0974    0.0001    0.4549    0.1333        2.3223
    0.2254    0.3096    0.2226    0.0705    0.1127    0.0873    0.0001    0.5519    0.1936       13.2345
    0.2284    0.3081    0.2290    0.0016    0.1142    0.0920    0.0001    0.5513    0.2111       13.1297
    0.1843    0.3418    0.1599    0.1031    0.0922    0.1517    0.0001    0.4806    0.1807        5.2524
    0.2266    0.3864    0.2634    0.3946    0.1133    0.1201    0.0001    0.7833    0.2792        2.7394
    0.1845    0.3315    0.1071    0.0436    0.0922    0.1302    0.0001    0.3865    0.1323       13.0085
    0.1844    0.3316    0.1065    0.0441    0.0922    0.1299    0.0001    0.3865    0.1316       13.0082
    0.1926    0.3032    0.1320    0.0364    0.0963    0.0703    0.0001    0.4225    0.1254        9.2402
    0.1989    0.3046    0.1505    0.0003    0.0994    0.0854    0.0001    0.4458    0.1473        9.0110
    0.1897    0.3098    0.0442    0.1072    0.0949    0.1514    0.0001    0.3877    0.0907       23.0580
    0.1960    0.3359    0.0538    0.2274    0.0980    0.1203    0.0001    0.4549    0.0992       22.6480
    0.1548    0.3232    0.0225    0.0046    0.0774    0.0398    0.0001    0.3504    0.1081       -9.8083
    0.1508    0.3248    0.0217    0.0002    0.0754    0.0300    0.0001    0.3377    0.1005      -10.0959
    0.2225    0.3701    0.1841    0.3696    0.1112    0.0507    0.0001    0.7379    0.2525        1.2501
    0.2216    0.3879    0.1833    0.3682    0.1108    0.0505    0.0001    0.7350    0.2515       -0.4344
    0.1816    0.3638    0.1340    0.2192    0.0908    0.1087    0.0001    0.5318    0.1280        6.9466
    0.1918    0.3565    0.1491    0.2223    0.0959    0.0942    0.0001    0.5361    0.1558        6.6816
    0.2127    0.3297    0.2424    0.0194    0.1063    0.0604    0.0001    0.5745    0.1737       -0.4763
    0.2008    0.3308    0.2228    0.0002    0.1004    0.0568    0.0001    0.5376    0.1752       -0.6222
    0.1925    0.3625    0.1078    0.1550    0.0962    0.1688    0.0001    0.4483    0.1022       28.7158
    0.1930    0.3651    0.1048    0.1761    0.0965    0.1599    0.0001    0.4555    0.0844       28.4557
    0.1552    0.3514    0.0111    0.0881    0.0776    0.0975    0.0001    0.3396    0.0942      -10.3779
    0.1550    0.3696    0.0122    0.1576    0.0775    0.0889    0.0001    0.3738    0.1047      -10.9195
    0.1710    0.3266    0.0421    0.0810    0.0855    0.0720    0.0001    0.3623    0.1188       -3.7290
    0.1708    0.3487    0.0470    0.1576    0.0854    0.0759    0.0001    0.4032    0.1339       -3.9231
    0.1712    0.3211    0.0100    0.0108    0.0856    0.0300    0.0001    0.2919    0.0671       19.5154
    0.1633    0.3360    0.0100    0.0938    0.0816    0.0301    0.0001    0.3043    0.0467       17.9384
    0.1774    0.3571    0.0927    0.1718    0.0887    0.1429    0.0001    0.4537    0.1153       12.5304
    0.1844    0.3664    0.1168    0.2110    0.0922    0.1506    0.0001    0.5094    0.1269       12.4169
    0.1791    0.3507    0.1646    0.0090    0.0895    0.1542    0.0001    0.4402    0.1543        7.7857
    0.1813    0.3555    0.1781    0.0085    0.0907    0.1655    0.0001    0.4629    0.1594        7.7622
    0.1818    0.3839    0.1936    0.2492    0.0909    0.0301    0.0001    0.5060    0.2079        2.5874
    0.1872    0.3832    0.2102    0.2557    0.0936    0.0300    0.0001    0.5305    0.2238        2.5630
    0.2396    0.3195    0.1755    0.1985    0.1198    0.0685    0.0001    0.5380    0.1979       16.6842
    0.2400    0.3301    0.1778    0.2460    0.1200    0.0691    0.0001    0.5619    0.1904       16.5522
    0.1718    0.3269    0.1121    0.0997    0.0859    0.0777    0.0001    0.4026    0.1551       -3.2022
    0.1610    0.3192    0.0750    0.0002    0.0805    0.0800    0.0001    0.3456    0.1319       -3.6880
    0.2315    0.3192    0.1422    0.0489    0.1157    0.1075    0.0001    0.4927    0.1423       21.1286
    0.2193    0.3098    0.1058    0.0054    0.1096    0.0301    0.0001    0.4459    0.1134       19.7001
    0.1748    0.3783    0.2064    0.2104    0.0874    0.1322    0.0001    0.6624    0.1910      -12.4121
    0.1833    0.3785    0.2342    0.2194    0.0917    0.1364    0.0001    0.7055    0.2164      -12.4865
    0.2287    0.6203    0.2624    1.5551    0.1144    0.2093    0.0001    2.2644    0.4081    -1828.4270
    0.2285    0.6162    0.2611    1.5525    0.1143    0.2069    0.0001    2.3484    0.4075    -1852.9005
    0.1896    0.3323    0.1132    0.0058    0.0948    0.1044    0.0001    0.4637    0.1922      -16.0210
    0.1920    0.3348    0.1240    0.0059    0.0960    0.1104    0.0001    0.4767    0.2078      -16.0935
    0.2367    0.3156    0.2493    0.0928    0.1184    0.0741    0.0001    0.6024    0.2864        2.5868
    0.2393    0.3459    0.2823    0.2588    0.1197    0.0792    0.0001    0.7286    0.2916        1.9945
    0.1622    0.3186    0.0227    0.0478    0.0811    0.0367    0.0001    0.3543    0.0615        7.6692
    0.1548    0.3307    0.0221    0.0571    0.0774    0.0892    0.0001    0.3443    0.0633        7.2504
    0.1652    0.3196    0.0272    0.0047    0.0826    0.0748    0.0001    0.4122    0.0496        4.4357
    0.1659    0.3320    0.0283    0.0047    0.0829    0.1048    0.0001    0.4396    0.0437        3.9927
    0.1706    0.3205    0.0122    0.0451    0.0853    0.1215    0.0001    0.3744    0.1054       -8.2221
    0.1639    0.3684    0.0161    0.2077    0.0820    0.0313    0.0001    0.4914    0.0880      -12.8101
    0.1474    0.3543    0.0479    0.1020    0.0737    0.1260    0.0001    0.4011    0.1410      -21.4192
    0.1515    0.3413    0.0428    0.0007    0.0757    0.1258    0.0001    0.3802    0.1430      -22.0025
    0.1942    0.3147    0.1327    0.0003    0.0971    0.0305    0.0001    0.4262    0.1594        4.3192
    0.1936    0.3148    0.1313    0.0003    0.0968    0.0300    0.0001    0.4245    0.1590        4.3158
    0.1706    0.3012    0.0100    0.0526    0.0853    0.0965    0.0001    0.3062    0.0874        3.3991
    0.1702    0.3016    0.0100    0.0752    0.0851    0.0300    0.0001    0.3061    0.0893        2.8401
    0.1776    0.3080    0.0414    0.0405    0.0888    0.0725    0.0001    0.3674    0.0664       20.0440
    0.1769    0.3206    0.0436    0.1112    0.0885    0.0638    0.0001    0.3871    0.0708       19.8092
    0.2114    0.3041    0.1303    0.0511    0.1057    0.0920    0.0001    0.4644    0.1404       13.7885
    0.2341    0.3602    0.1977    0.3217    0.1171    0.1011    0.0001    0.6795    0.1931       13.0225
    0.1588    0.3415    0.0632    0.0479    0.0794    0.0785    0.0001    0.3186    0.0797       14.1788
    0.1638    0.3500    0.0795    0.1308    0.0819    0.0300    0.0001    0.3485    0.0930       13.8081
    0.1700    0.3588    0.0242    0.1478    0.0850    0.0411    0.0001    0.3819    0.0157       30.9050
    0.1787    0.3553    0.0263    0.1605    0.0893    0.0300    0.0001    0.4093    0.0259       30.3095
    0.1570    0.3962    0.1715    0.1912    0.0785    0.1705    0.0001    0.5817    0.2016      -16.0387
    0.1527    0.3821    0.1408    0.1319    0.0763    0.1735    0.0001    0.5047    0.1799      -16.1372
    0.1361    0.3465    0.0100    0.0917    0.0680    0.0393    0.0001    0.3070    0.0836      -13.8119
    0.1359    0.3537    0.0108    0.1149    0.0679    0.0451    0.0001    0.3299    0.0644      -14.0924
    0.1571    0.4183    0.0643    0.2188    0.0785    0.1850    0.0001    0.5849    0.1170       -1.5102
    0.1599    0.4268    0.0710    0.2607    0.0800    0.1747    0.0001    0.6236    0.1238       -1.8554
    0.2155    0.3086    0.1395    0.2107    0.1078    0.0727    0.0001    0.4905    0.1998        9.1188
    0.2400    0.3334    0.1915    0.3306    0.1200    0.0300    0.0001    0.6775    0.2396        6.8216
    0.2392    0.3608    0.2652    0.2118    0.1196    0.1123    0.0001    0.8294    0.1825        5.3613
    0.2397    0.3585    0.2543    0.2227    0.1198    0.1233    0.0001    0.7952    0.1889        4.9786
    0.2208    0.3591    0.2216    0.1181    0.1104    0.1447    0.0001    0.6351    0.1882       11.4263
    0.2400    0.3675    0.2369    0.2961    0.1200    0.0300    0.0001    0.6989    0.2039        8.9098
    0.2099    0.3052    0.1715    0.0201    0.1050    0.0622    0.0001    0.4846    0.1951        2.1999
    0.1999    0.3268    0.1621    0.1608    0.0999    0.0496    0.0001    0.5025    0.1874        1.9002
    0.1495    0.3689    0.1063    0.1395    0.0747    0.0872    0.0001    0.3870    0.0706       10.6022
    0.1594    0.3575    0.1285    0.1398    0.0797    0.0300    0.0001    0.3963    0.0867        9.6621
    0.2383    0.3863    0.2274    0.3763    0.1191    0.0977    0.0001    0.6883    0.3097       -9.6459
    0.2400    0.3396    0.2041    0.2304    0.1200    0.0564    0.0001    0.5688    0.3193      -10.8835
    0.1812    0.2994    0.0126    0.0002    0.0906    0.0316    0.0001    0.3845    0.0716       -9.7187
    0.1735    0.3104    0.0132    0.0003    0.0867    0.0300    0.0001    0.4041    0.0777      -10.3085
    0.1625    0.3100    0.0115    0.0925    0.0813    0.1243    0.0001    0.3511    0.1095      -12.0787
    0.1645    0.2891    0.0107    0.0003    0.0823    0.0300    0.0001    0.3258    0.1003      -13.7047
    0.1898    0.4069    0.2188    0.2183    0.0949    0.1798    0.0001    0.6941    0.2370        1.8174
    0.2399    0.3923    0.2767    0.3424    0.1200    0.0869    0.0001    0.7764    0.2917       -0.0899
    0.1570    0.3457    0.0100    0.0071    0.0785    0.0554    0.0001    0.3066    0.1513      -19.8365
    0.1569    0.3452    0.0100    0.0002    0.0784    0.0541    0.0001    0.3061    0.1510      -19.8452
    0.1688    0.3075    0.1133    0.0487    0.0844    0.0854    0.0001    0.3548    0.1401        8.1229
    0.1693    0.3015    0.1097    0.0002    0.0846    0.0747    0.0001    0.3479    0.1323        8.0124
    0.1582    0.3250    0.0115    0.0279    0.0791    0.1069    0.0001    0.3529    0.1028      -11.5358
    0.1550    0.3305    0.0118    0.0041    0.0775    0.1185    0.0001    0.3636    0.0834      -12.0345
    0.1636    0.4205    0.2130    0.1584    0.0818    0.2053    0.0001    0.7093    0.1592       -8.5790
    0.1760    0.4394    0.2776    0.2646    0.0880    0.2010    0.0001    0.9375    0.1858       -9.2663
    0.1627    0.3309    0.0125    0.0742    0.0814    0.1156    0.0001    0.3831    0.1118      -14.0058
    0.1580    0.3505    0.0140    0.1318    0.0790    0.0300    0.0001    0.4306    0.0918      -17.3729
    0.1913    0.3197    0.1025    0.0990    0.0956    0.1263    0.0001    0.4190    0.1413        9.6985
    0.1932    0.3091    0.0941    0.0968    0.0966    0.0892    0.0001    0.4026    0.1344        9.5362
    0.2148    0.3519    0.2079    0.0463    0.1074    0.1164    0.0001    0.6230    0.1603        3.2344
    0.2098    0.3542    0.2155    0.0008    0.1049    0.1264    0.0001    0.5983    0.1728        2.8956
    0.1665    0.3191    0.0802    0.0079    0.0832    0.0397    0.0001    0.3880    0.0797        3.8928
    0.1686    0.3167    0.0814    0.0002    0.0843    0.0300    0.0001    0.3870    0.0836        3.8466
    0.1998    0.3066    0.0160    0.0333    0.0999    0.1154    0.0001    0.4926    0.1197       -7.6134
    0.1582    0.3279    0.0128    0.0324    0.0791    0.1168    0.0001    0.3931    0.0869      -14.7633
    0.1563    0.3607    0.0276    0.0676    0.0781    0.1306    0.0001    0.4327    0.0922      -10.9570
    0.1559    0.3678    0.0299    0.1300    0.0780    0.0521    0.0001    0.4648    0.0863      -12.3132
    0.1726    0.3194    0.1022    0.0158    0.0863    0.0711    0.0001    0.4090    0.1196        2.1627
    0.1711    0.3318    0.1055    0.1120    0.0856    0.0577    0.0001    0.4318    0.1194        1.9915
    0.1550    0.3251    0.0100    0.0058    0.0775    0.0353    0.0001    0.3111    0.0832      -10.5007
    0.1608    0.3309    0.0109    0.0002    0.0804    0.0300    0.0001    0.3334    0.0941      -11.4391
    0.1596    0.3605    0.1017    0.1964    0.0798    0.0335    0.0001    0.4014    0.1396        4.1810
    0.1763    0.3859    0.1660    0.2868    0.0881    0.0627    0.0001    0.5460    0.1825        3.4362
    0.1469    0.3403    0.0116    0.1168    0.0734    0.0312    0.0001    0.3559    0.0952      -16.7755
    0.1464    0.3359    0.0113    0.0991    0.0732    0.0300    0.0001    0.3480    0.0937      -16.8295
    0.1747    0.3780    0.2112    0.0403    0.0874    0.1335    0.0001    0.5431    0.2006      -12.2366
    0.1742    0.3677    0.1911    0.0002    0.0871    0.1131    0.0001    0.5034    0.1842      -12.3053
    0.1583    0.3589    0.0297    0.2082    0.0792    0.0613    0.0001    0.4636    0.1335      -13.9025
    0.1531    0.3432    0.0253    0.1674    0.0766    0.0300    0.0001    0.3936    0.1289      -14.7354
    0.1919    0.3418    0.0967    0.2380    0.0959    0.0301    0.0001    0.4895    0.1203       15.8859
    0.2230    0.3446    0.1650    0.3058    0.1115    0.0300    0.0001    0.6028    0.1703       15.4955
    0.1431    0.3686    0.0221    0.0618    0.0715    0.0874    0.0001    0.3422    0.0766        5.1952
    0.1463    0.3589    0.0238    0.0649    0.0731    0.0938    0.0001    0.3705    0.0414        2.6662
    0.2140    0.3101    0.1225    0.0276    0.1070    0.1007    0.0001    0.4766    0.1484        9.3023
    0.2142    0.3102    0.1231    0.0284    0.1071    0.1002    0.0001    0.4778    0.1489        9.3001
    0.1556    0.3424    0.0811    0.1157    0.0778    0.1050    0.0001    0.3911    0.1098       -0.3929
    0.1569    0.3429    0.0851    0.1202    0.0785    0.1057    0.0001    0.3998    0.1131       -0.4013
    0.1749    0.3872    0.1213    0.2912    0.0875    0.0304    0.0001    0.5305    0.1131       10.0204
    0.2257    0.3978    0.2224    0.4286    0.1129    0.0403    0.0001    0.7618    0.2071        9.0237
    0.1543    0.3461    0.0852    0.0441    0.0772    0.0301    0.0001    0.3948    0.1003       -5.9782
    0.1399    0.3764    0.0260    0.1462    0.0699    0.0300    0.0001    0.4044    0.0829       -9.1356
    0.1548    0.3171    0.0100    0.0735    0.0774    0.1233    0.0001    0.3032    0.0938       -2.0210
    0.1478    0.3694    0.0116    0.2343    0.0739    0.0337    0.0001    0.3546    0.1085       -7.2724
    0.1470    0.3327    0.0100    0.0191    0.0735    0.0301    0.0001    0.3066    0.0817       -9.6321
    0.1474    0.3321    0.0100    0.0004    0.0737    0.0300    0.0001    0.3063    0.0807       -9.6434
    0.1602    0.3597    0.1021    0.1610    0.0801    0.1318    0.0001    0.4742    0.1009       -2.9168
    0.1396    0.3606    0.0122    0.0808    0.0698    0.1410    0.0001    0.3744    0.0681      -16.6370
    0.2138    0.3544    0.2435    0.1603    0.1069    0.1332    0.0001    0.6256    0.0883       19.1494
    0.2039    0.3580    0.2024    0.2484    0.1020    0.0300    0.0001    0.5858    0.0825       17.2806
    0.2277    0.3136    0.1436    0.0246    0.1139    0.1140    0.0001    0.4847    0.1605       16.7926
    0.2271    0.3136    0.1429    0.0252    0.1136    0.1116    0.0001    0.4831    0.1592       16.7898
    0.1654    0.3403    0.0130    0.0774    0.0827    0.1094    0.0001    0.3996    0.1101      -17.0532
    0.1661    0.3287    0.0122    0.0003    0.0831    0.1042    0.0001    0.3731    0.1050      -17.4488
    0.1894    0.3486    0.1643    0.0058    0.0947    0.1271    0.0001    0.4884    0.1395        3.0361
    0.1901    0.3539    0.1754    0.0060    0.0950    0.1403    0.0001    0.5071    0.1492        2.9960
    0.1934    0.3324    0.1599    0.0984    0.0967    0.0317    0.0001    0.4433    0.2288       -3.3611
    0.1973    0.3256    0.1709    0.0002    0.0986    0.0300    0.0001    0.4498    0.2203       -3.9196
    0.1726    0.4216    0.1568    0.2770    0.0863    0.2533    0.0001    0.5720    0.1679       25.3786
    0.1883    0.4159    0.1630    0.3209    0.0942    0.2110    0.0001    0.6237    0.1461       24.4060
    0.1874    0.3428    0.1477    0.0811    0.0937    0.0599    0.0001    0.4758    0.1628       -5.8586
    0.1919    0.3455    0.1636    0.0858    0.0960    0.0716    0.0001    0.5003    0.1767       -5.9003
    0.1385    0.3716    0.0309    0.1622    0.0692    0.0988    0.0001    0.4820    0.0823       -8.3318
    0.1346    0.3750    0.0302    0.1529    0.0673    0.1069    0.0001    0.4697    0.0590       -8.9125
    0.2154    0.3142    0.1456    0.0122    0.1077    0.0718    0.0001    0.4641    0.1265       21.0803
    0.2134    0.3120    0.1365    0.0002    0.1067    0.0535    0.0001    0.4528    0.1214       21.0327
    0.1853    0.3848    0.1758    0.1554    0.0926    0.1697    0.0001    0.6827    0.1933       -5.7611
    0.2397    0.6047    0.2973    1.0867    0.1199    0.3955    0.0001    2.8359    1.0034    -4278.5938
    0.2013    0.2997    0.0424    0.0009    0.1007    0.0825    0.0001    0.3731    0.0796       20.7111
    0.1956    0.3004    0.0409    0.0002    0.0978    0.0300    0.0001    0.3637    0.0807       20.4200
    0.2291    0.3072    0.2101    0.0263    0.1146    0.0621    0.0001    0.5200    0.2303        4.4388
    0.2231    0.3011    0.1895    0.0007    0.1116    0.0300    0.0001    0.4843    0.2188        4.2886
    0.1687    0.3404    0.1204    0.0005    0.0843    0.0707    0.0001    0.4215    0.1317       -4.0910
    0.1691    0.3400    0.1206    0.0005    0.0846    0.0702    0.0001    0.4217    0.1325       -4.0913
    0.1856    0.3628    0.1555    0.2551    0.0928    0.0773    0.0001    0.6201    0.1350       -0.4316
    0.1878    0.3643    0.1678    0.2638    0.0939    0.0784    0.0001    0.6350    0.1553       -0.5254
    0.1510    0.3946    0.0889    0.1299    0.0755    0.1654    0.0001    0.4511    0.0777        9.8178
    0.1649    0.4344    0.1885    0.2210    0.0825    0.2178    0.0001    0.6601    0.1075        8.9392
    0.1997    0.3469    0.1533    0.0094    0.0999    0.1225    0.0001    0.4486    0.1281       16.8698
    0.1985    0.3470    0.1493    0.0096    0.0992    0.1208    0.0001    0.4489    0.1256       16.8583
    0.1341    0.4404    0.0946    0.2061    0.0671    0.2134    0.0001    0.4571    0.0595       10.5809
    0.1704    0.4494    0.2419    0.3445    0.0852    0.2167    0.0001    0.6979    0.1563        8.7535
    0.1583    0.3351    0.0118    0.0365    0.0792    0.1169    0.0001    0.3610    0.1081      -10.4508
    0.1615    0.3218    0.0108    0.0283    0.0807    0.0645    0.0001    0.3314    0.0957      -11.4689
    0.1791    0.3445    0.1113    0.0353    0.0895    0.1027    0.0001    0.4759    0.0970        1.6821
    0.1801    0.3457    0.1145    0.0010    0.0900    0.1087    0.0001    0.4838    0.0957        1.6406
    0.2236    0.3428    0.2282    0.2598    0.1118    0.0945    0.0001    0.6198    0.2955       -5.4833
    0.2322    0.3516    0.2487    0.3099    0.1161    0.0969    0.0001    0.6829    0.3119       -5.5172
    0.1626    0.3359    0.0907    0.0516    0.0813    0.0448    0.0001    0.3808    0.1165       -2.7455
    0.1626    0.3309    0.0888    0.0002    0.0813    0.0300    0.0001    0.3717    0.1142       -2.8564
    0.2003    0.3331    0.1743    0.0378    0.1002    0.1096    0.0001    0.5557    0.1282        0.7519
    0.1968    0.3338    0.1697    0.0019    0.0984    0.1110    0.0001    0.5456    0.1289        0.6842
    0.1557    0.3385    0.0381    0.0227    0.0779    0.1338    0.0001    0.3362    0.0908        4.5741
    0.1542    0.3421    0.0383    0.0006    0.0771    0.1486    0.0001    0.3382    0.0888        4.4782
    0.2239    0.3186    0.1662    0.1212    0.1119    0.0342    0.0001    0.5559    0.1513        7.1038
    0.2140    0.3101    0.1442    0.0006    0.1070    0.0300    0.0001    0.5063    0.1375        6.8657
    0.1920    0.3357    0.1449    0.0048    0.0960    0.1054    0.0001    0.5268    0.1888      -15.7689
    0.1929    0.3349    0.1449    0.0048    0.0964    0.1036    0.0001    0.5272    0.1889      -15.7700
    0.1910    0.3167    0.0151    0.1219    0.0955    0.1772    0.0001    0.4615    0.0960       -3.2971
    0.1774    0.3167    0.0143    0.0015    0.0887    0.1006    0.0001    0.4388    0.0712       -6.8912
    0.1603    0.3399    0.0119    0.0242    0.0801    0.1035    0.0001    0.3617    0.1121      -13.3815
    0.1524    0.3406    0.0117    0.0964    0.0762    0.0304    0.0001    0.3583    0.0958      -15.8000
    0.1749    0.3223    0.0412    0.0848    0.0874    0.1241    0.0001    0.3625    0.0792       21.0753
    0.1760    0.3376    0.0447    0.1548    0.0880    0.1197    0.0001    0.3901    0.0859       20.7800
    0.1600    0.3942    0.1203    0.1601    0.0800    0.1949    0.0001    0.4195    0.1336        7.3758
    0.1699    0.3997    0.1608    0.1889    0.0849    0.2013    0.0001    0.4754    0.1656        7.2594
    0.1499    0.3443    0.0366    0.0602    0.0750    0.1178    0.0001    0.3216    0.0939        4.0026
    0.1492    0.3752    0.0432    0.1665    0.0746    0.1192    0.0001    0.3766    0.1025        3.4395
    0.1918    0.3396    0.0941    0.0801    0.0959    0.1270    0.0001    0.3831    0.1503       10.1116
    0.1887    0.3164    0.0653    0.0002    0.0944    0.0504    0.0001    0.3390    0.1277        9.6976
    0.1708    0.3323    0.0695    0.0851    0.0854    0.1212    0.0001    0.3926    0.0676       19.6421
    0.1732    0.3283    0.0700    0.0966    0.0866    0.1124    0.0001    0.3875    0.0687       19.5974
    0.1601    0.3938    0.1633    0.2124    0.0801    0.0994    0.0001    0.6294    0.1026       -7.3047
    0.1750    0.4062    0.2610    0.2532    0.0875    0.1187    0.0001    0.8039    0.1528       -7.7004
    0.1906    0.3302    0.1799    0.0435    0.0953    0.0415    0.0001    0.4582    0.1984       -0.7293
    0.1760    0.3742    0.1621    0.2298    0.0880    0.0323    0.0001    0.5008    0.1925       -2.2669
    0.1489    0.3720    0.0264    0.0682    0.0744    0.1353    0.0001    0.4098    0.1047      -15.1769
    0.1487    0.3670    0.0256    0.0004    0.0743    0.1412    0.0001    0.3975    0.1058      -15.3358
    0.1694    0.4052    0.1128    0.2510    0.0847    0.1822    0.0001    0.8125    0.0313        4.1246
    0.1690    0.4090    0.1576    0.2656    0.0845    0.1885    0.0001    0.8655    0.0445        3.7610
    0.1653    0.3421    0.1286    0.0881    0.0826    0.0971    0.0001    0.4299    0.1227       -0.0921
    0.1718    0.3496    0.1519    0.1296    0.0859    0.0991    0.0001    0.4704    0.1479       -0.2156
    0.1584    0.3317    0.0100    0.1100    0.0792    0.1143    0.0001    0.3105    0.0860        0.8116
    0.1661    0.3422    0.0119    0.1695    0.0831    0.0902    0.0001    0.3664    0.0989       -0.3804
    0.1740    0.3490    0.1060    0.0735    0.0870    0.1296    0.0001    0.4386    0.1107        2.1930
    0.1740    0.3561    0.1182    0.0612    0.0870    0.1524    0.0001    0.4590    0.1176        2.1406
    0.1607    0.3818    0.1177    0.1879    0.0803    0.1559    0.0001    0.4582    0.2249      -18.3682
    0.1615    0.3796    0.1204    0.1818    0.0808    0.1551    0.0001    0.4555    0.2289      -18.3807
    0.1593    0.3426    0.0521    0.1010    0.0797    0.0695    0.0001    0.4072    0.1126       -3.3863
    0.1540    0.3545    0.0479    0.1334    0.0770    0.0839    0.0001    0.4191    0.0961       -3.9696
    0.1955    0.3191    0.1180    0.1041    0.0977    0.0709    0.0001    0.4137    0.1611        6.3771
    0.1954    0.2995    0.1031    0.0002    0.0977    0.0300    0.0001    0.3760    0.1500        6.0659
    0.1739    0.3316    0.1389    0.0590    0.0869    0.1076    0.0001    0.4223    0.0879       13.0894
    0.1742    0.3380    0.1435    0.1008    0.0871    0.1028    0.0001    0.4399    0.0913       13.0022
    0.2117    0.3247    0.1816    0.0096    0.1058    0.0321    0.0001    0.4278    0.2162        8.7396
    0.2097    0.3251    0.1788    0.0002    0.1049    0.0300    0.0001    0.4260    0.2120        8.7298
    0.1834    0.3338    0.1536    0.0722    0.0917    0.0301    0.0001    0.4632    0.1448        1.7927
    0.1869    0.3555    0.1785    0.1826    0.0935    0.0300    0.0001    0.5384    0.1562        1.3740
    0.1559    0.3812    0.1712    0.2315    0.0779    0.0357    0.0001    0.5476    0.1440      -11.2251
    0.1874    0.3825    0.2618    0.3020    0.0937    0.0307    0.0001    0.6933    0.2429      -11.9192
    0.1697    0.3358    0.0433    0.0725    0.0849    0.1142    0.0001    0.3889    0.0887        9.2040
    0.1685    0.3591    0.0491    0.1699    0.0842    0.0893    0.0001    0.4341    0.0944        8.0377
    0.1826    0.3037    0.0620    0.0104    0.0913    0.0809    0.0001    0.2992    0.0930       27.9418
    0.1858    0.2955    0.0646    0.0002    0.0929    0.0300    0.0001    0.2962    0.0964       27.8419
    0.1602    0.3610    0.1048    0.1612    0.0801    0.0793    0.0001    0.4344    0.0847        6.3735
    0.1612    0.3532    0.1051    0.1442    0.0806    0.0581    0.0001    0.4187    0.0920        6.1334
    0.2354    0.3505    0.2272    0.3397    0.1177    0.0843    0.0001    0.5963    0.2534        7.8164
    0.2181    0.3907    0.2403    0.4602    0.1090    0.0915    0.0001    0.6634    0.2947       -0.5463
    0.1891    0.3464    0.1142    0.1429    0.0946    0.0542    0.0001    0.5217    0.1328       -8.8509
    0.1902    0.3748    0.1361    0.2201    0.0951    0.0860    0.0001    0.6390    0.1530       -9.3705
    0.1860    0.3565    0.1881    0.1552    0.0930    0.1469    0.0001    0.5299    0.2597      -12.6180
    0.2033    0.3404    0.2070    0.0021    0.1016    0.1609    0.0001    0.5444    0.2805      -13.0262
    0.2026    0.3994    0.2929    0.2495    0.1013    0.1630    0.0001    0.8637    0.2283       -7.8221
    0.2012    0.3939    0.3000    0.2088    0.1006    0.1677    0.0001    0.8383    0.2549       -8.0038
    0.1393    0.4149    0.1326    0.2503    0.0696    0.1047    0.0001    0.5847    0.1036        0.3290
    0.2400    0.4042    0.3000    0.7089    0.1200    0.1041    0.0001    1.8137    0.2912     -320.6716
    0.1843    0.3343    0.0778    0.1231    0.0922    0.0982    0.0001    0.4499    0.0783       13.2943
    0.1713    0.3429    0.0489    0.0532    0.0857    0.1516    0.0001    0.4311    0.0632       12.5847
