    0.0949    0.4670    0.2968    0.1957    0.0474    0.1775    0.0001    0.8731    0.2163      -14.6525
    0.1025    0.4670    0.2577    0.2118    0.0512    0.1775    0.0001    1.1095    0.2202      -15.1096
    0.1751    0.3996    0.2920    0.3669    0.0875    0.0546    0.0001    0.7785    0.0672        0.1775
    0.1740    0.3961    0.2942    0.3671    0.0870    0.0548    0.0001    0.7993    0.0689        0.8941
    0.1635    0.3480    0.0130    0.0071    0.0818    0.0852    0.0001    0.3965    0.1259       -5.9408
    0.1473    0.3685    0.0143    0.0002    0.0737    0.0300    0.0001    0.4384    0.0885       -6.9162
    0.1662    0.4765    0.0161    0.0844    0.0831    0.2431    0.0001    1.2964    0.0876       -7.7393
    0.1910    0.5077    0.0625    0.0011    0.0955    0.2588    0.0001    4.7835    0.1298      -40.7283
    0.1571    0.3345    0.0131    0.1716    0.0785    0.0310    0.0001    0.4015    0.0095        0.8514
    0.1554    0.3282    0.0125    0.1447    0.0777    0.0300    0.0001    0.3828    0.0042        0.8195
    0.2323    0.3314    0.2750    0.1290    0.1161    0.0901    0.0001    0.7490    0.3397       -6.8484
    0.2087    0.3534    0.3000    0.0002    0.1044    0.1193    0.0001    0.7742    0.3819       -7.2111
    0.1683    0.3391    0.0135    0.0973    0.0841    0.1170    0.0001    0.4127    0.1023       -4.9745
    0.1804    0.3180    0.0137    0.0002    0.0902    0.0300    0.0001    0.4189    0.1225       -5.9085
    0.2400    0.3379    0.2423    0.0054    0.1200    0.0300    0.0001    0.6472    0.1582        1.7456
    0.2400    0.3376    0.2417    0.0002    0.1200    0.0300    0.0001    0.6450    0.1570        1.7451
    0.1364    0.3626    0.0260    0.0577    0.0682    0.2036    0.0001    0.4069    0.0693       -3.0793
    0.1630    0.3859    0.0345    0.3435    0.0815    0.0907    0.0001    0.5139    0.2523       -9.0569
    0.2398    0.5031    0.2898    0.4949    0.1199    0.1015    0.0001    2.6912    0.5786     -271.3427
    0.2393    0.4907    0.2885    0.5032    0.1197    0.1015    0.0001    2.7007    0.5776     -247.4282
    0.2287    0.3626    0.2690    0.0454    0.1143    0.1845    0.0001    0.6991    0.2375        1.5374
    0.2229    0.3572    0.2428    0.0004    0.1114    0.1870    0.0001    0.6404    0.2237        1.5022
    0.1396    0.3959    0.2996    0.0115    0.0698    0.2312    0.0001    0.8321    0.4126      -10.6589
    0.1415    0.3966    0.3000    0.0114    0.0707    0.2270    0.0001    0.8365    0.4199      -10.6735
    0.1463    0.5113    0.1758    0.0252    0.0732    0.3908    0.0001    2.7315    0.2109       -4.5312
    0.1437    0.5140    0.1964    0.0033    0.0718    0.3914    0.0001    3.0788    0.1128       -5.6025
    0.1904    0.3695    0.0398    0.0393    0.0952    0.1078    0.0001    0.6243    0.0621       -0.4250
    0.1827    0.3725    0.0373    0.0002    0.0913    0.1068    0.0001    0.5815    0.0480       -0.5776
    0.1804    0.3053    0.0201    0.0552    0.0902    0.1395    0.0001    0.3136    0.0945        3.2644
    0.1679    0.3414    0.0219    0.0022    0.0840    0.2119    0.0001    0.3411    0.0856        2.9666
    0.1481    0.4164    0.0344    0.1169    0.0740    0.1383    0.0001    0.5362    0.0467        0.0153
    0.1520    0.4352    0.0405    0.2203    0.0760    0.1161    0.0001    0.6309    0.0472       -0.3106
    0.1473    0.3977    0.0185    0.1375    0.0737    0.0362    0.0001    0.5648    0.1661      -10.7567
    0.1306    0.4323    0.0224    0.1472    0.0653    0.0881    0.0001    0.6884    0.1097      -11.7361
    0.1270    0.4098    0.0327    0.2661    0.0635    0.0301    0.0001    0.4781    0.1545       -5.5278
    0.1320    0.4078    0.0303    0.2771    0.0660    0.0300    0.0001    0.4798    0.1566       -5.7437
    0.1463    0.5377    0.2607    0.3076    0.0732    0.2409    0.0001    0.8535    0.0934        3.4263
    0.2328    0.5211    0.2997    0.4897    0.1164    0.2395    0.0001    0.8618    0.1033       -3.4777
    0.1637    0.3562    0.0284    0.0173    0.0818    0.1359    0.0001    0.4410    0.0673        3.7857
    0.1846    0.3336    0.0291    0.0158    0.0923    0.1568    0.0001    0.4521    0.0519        3.2287
    0.1524    0.3362    0.0101    0.0626    0.0762    0.1453    0.0001    0.3110    0.0498        1.1540
    0.1520    0.3307    0.0101    0.0007    0.0760    0.1541    0.0001    0.3086    0.0553        1.0136
    0.1897    0.4043    0.0100    0.2112    0.0948    0.1847    0.0001    0.7806    0.0943       -5.8498
    0.2004    0.3965    0.0100    0.2662    0.1002    0.1293    0.0001    0.7777    0.0936       -6.0105
    0.1597    0.4229    0.0579    0.1814    0.0798    0.0988    0.0001    0.5166    0.1811       -7.6955
    0.1441    0.4037    0.0468    0.0011    0.0721    0.0977    0.0001    0.4227    0.1643       -8.4863
    0.1501    0.3239    0.0349    0.0267    0.0750    0.0300    0.0001    0.3121    0.0933       -0.2496
    0.1503    0.3230    0.0348    0.0002    0.0752    0.0300    0.0001    0.3111    0.0944       -0.2643
    0.1936    0.2972    0.0288    0.1226    0.0968    0.0301    0.0001    0.4450    0.0922        0.5587
    0.2187    0.3647    0.0556    0.3480    0.1093    0.0427    0.0001    0.8493    0.1483       -1.8462
    0.2400    0.3211    0.1769    0.0185    0.1200    0.1569    0.0001    0.5668    0.1082        5.3097
    0.2295    0.3221    0.1624    0.0051    0.1148    0.1534    0.0001    0.5357    0.0991        5.2996
    0.1561    0.4005    0.0929    0.2469    0.0780    0.1563    0.0001    0.4551    0.0881        0.8097
    0.1466    0.4184    0.1076    0.3075    0.0733    0.1564    0.0001    0.5113    0.0995       -3.4521
    0.1142    0.4288    0.2974    0.2387    0.0571    0.0360    0.0001   -0.9784    0.0121       -6.8893
    0.1432    0.4264    0.2560    0.3005    0.0716    0.0361    0.0001   -0.8274    0.0142       -8.4670
    0.1652    0.3379    0.0871    0.0166    0.0826    0.0307    0.0001    0.3438    0.1346        0.6526
    0.1544    0.3398    0.0347    0.0006    0.0772    0.0300    0.0001    0.3057    0.0973        0.4678
    0.1940    0.3902    0.2886    0.0066    0.0970    0.0321    0.0001    0.6703    0.1900       -2.1475
    0.1964    0.3900    0.3000    0.0002    0.0982    0.0300    0.0001    0.6889    0.2031       -2.1769
    0.1591    0.3586    0.0131    0.0075    0.0796    0.0651    0.0001    0.4024    0.0028       -3.7578
    0.1355    0.4202    0.0184    0.0175    0.0678    0.1782    0.0001    0.5655    0.0005       -4.4392
    0.1091    0.3774    0.1141    0.0171    0.0546    0.2084    0.0001    0.3634    0.0576       -2.1239
    0.1126    0.3791    0.1577    0.0008    0.0563    0.2164    0.0001    0.4045    0.0715       -2.1651
    0.1942    0.3507    0.2909    0.0426    0.0971    0.1732    0.0001    0.9314    0.3434       -8.1016
    0.1685    0.4085    0.2921    0.3553    0.0843    0.1581    0.0001    1.3400    0.3672      -11.6874
    0.1640    0.3888    0.0211    0.2636    0.0820    0.0305    0.0001    0.6447    0.0679       -0.5700
    0.1685    0.3895    0.0210    0.2758    0.0842    0.0300    0.0001    0.6444    0.0654       -0.6069
    0.1669    0.3846    0.0100    0.0002    0.0834    0.0300    0.0001    0.7370    0.1511      -10.7594
    0.1658    0.3900    0.0100    0.0002    0.0829    0.0489    0.0001    0.7494    0.1474      -10.8135
    0.1918    0.2940    0.0104    0.1111    0.0959    0.1363    0.0001    0.3203    0.0947        3.1231
    0.1340    0.4018    0.0112    0.2814    0.0670    0.0300    0.0001    0.3501    0.0874       -0.7662
    0.1181    0.4305    0.2609    0.2440    0.0591    0.1700    0.0001    0.5808    0.1471       -1.9143
    0.1310    0.4305    0.2708    0.2736    0.0655    0.1716    0.0001    0.5197    0.1363       -3.4062
    0.2335    0.2905    0.1979    0.0002    0.1167    0.0300    0.0001    0.5296    0.1197        4.6044
    0.2400    0.2950    0.2198    0.0003    0.1200    0.0300    0.0001    0.5625    0.1602        4.5067
    0.1239    0.4800    0.0571    0.2596    0.0619    0.1384    0.0001    0.4899    0.0131       -1.0044
    0.1253    0.4800    0.0569    0.2627    0.0626    0.1384    0.0001    0.4725    0.0131       -1.0310
    0.1786    0.3798    0.2974    0.0002    0.0893    0.0736    0.0001    0.8002    0.0902       -3.7040
    0.1844    0.3791    0.3000    0.0002    0.0922    0.0880    0.0001    0.8053    0.1365       -3.8501
    0.1115    0.4826    0.1721    0.2334    0.0558    0.2377    0.0001    0.6789    0.0905       -2.5732
    0.1205    0.4796    0.1452    0.2526    0.0602    0.2326    0.0001    0.9153    0.0488       -3.3721
    0.2016    0.2793    0.0786    0.0061    0.1008    0.0378    0.0001    0.4228    0.0842        2.1353
    0.2400    0.2699    0.1363    0.0002    0.1200    0.0300    0.0001    0.5146    0.1541        1.6231
    0.1522    0.3722    0.0200    0.1419    0.0761    0.1244    0.0001    0.6004    0.0679       -5.9300
    0.1470    0.4295    0.0369    0.2288    0.0735    0.1087    0.0001    1.1307    0.0570       -7.5684
    0.1836    0.3628    0.2037    0.0228    0.0918    0.2064    0.0001    0.4473    0.2477        1.3311
    0.1775    0.3661    0.1981    0.0122    0.0888    0.2017    0.0001    0.4230    0.2459        1.3070
    0.1495    0.3718    0.0342    0.0460    0.0748    0.1026    0.0001    0.5330    0.1077       -3.8424
    0.1401    0.4184    0.0461    0.2152    0.0701    0.0873    0.0001    0.7169    0.0779       -4.7351
    0.1100    0.4167    0.0100    0.0021    0.0550    0.1606    0.0001    0.3033    0.0947       -7.6639
    0.1016    0.4296    0.0113    0.0046    0.0508    0.1689    0.0001    0.3456    0.0423       -8.2385
    0.1102    0.4269    0.0108    0.2282    0.0551    0.1586    0.0001    0.8790    0.0472       -9.2606
    0.1134    0.4480    0.0115    0.2346    0.0567    0.1586    0.0001    0.8947    0.0496       -9.1583
    0.1190    0.4056    0.0221    0.1158    0.0595    0.0388    0.0001    0.3266    0.1210       -8.0185
    0.1480    0.4479    0.0396    0.3095    0.0740    0.0363    0.0001    0.6411    0.2793      -13.5727
    0.1576    0.3242    0.1075    0.0106    0.0788    0.0308    0.0001    0.2991    0.1251        1.8463
    0.1862    0.3232    0.1891    0.0002    0.0931    0.0300    0.0001    0.4405    0.1751        1.5347
    0.1515    0.3958    0.0132    0.1662    0.0758    0.1471    0.0001    0.4052    0.1216       -6.7542
    0.1583    0.4590    0.0191    0.3336    0.0792    0.1969    0.0001    0.5818    0.2423      -10.6416
    0.2150    0.3171    0.0170    0.0908    0.1075    0.1748    0.0001    0.5221    0.1223        0.2400
    0.2122    0.3109    0.0160    0.0039    0.1061    0.1466    0.0001    0.4902    0.0933       -0.1854
    0.1155    0.4156    0.0118    0.1223    0.0578    0.1702    0.0001    0.3633    0.0975       -3.4445
    0.1119    0.4294    0.0130    0.0002    0.0559    0.2579    0.0001    0.3978    0.0366       -4.2266
    0.2400    0.3368    0.2452    0.0275    0.1200    0.0456    0.0001    0.6038    0.2065        2.8236
    0.2400    0.3338    0.2366    0.0005    0.1200    0.0300    0.0001    0.5853    0.1764        2.6838
    0.1408    0.4469    0.0286    0.1868    0.0704    0.1177    0.0001    0.4490    0.1763       -4.8790
    0.1494    0.3887    0.0231    0.0004    0.0747    0.0300    0.0001    0.3596    0.1393       -5.6209
    0.2270    0.3082    0.2288    0.0002    0.1135    0.1037    0.0001    0.5613    0.1435        4.5776
    0.2168    0.3064    0.2031    0.0002    0.1084    0.0962    0.0001    0.5242    0.1131        4.5484
    0.2380    0.6399    0.2711    0.6342    0.1190    0.4500    0.0001   -4.5770   -2.4191     -918.1422
    0.2381    0.6380    0.2730    0.6343    0.1191    0.4477    0.0001   -4.6476   -2.4780     -964.9156
    0.1714    0.3335    0.0977    0.0002    0.0857    0.0300    0.0001    0.3245    0.1226        3.2550
    0.1716    0.3330    0.0969    0.0002    0.0858    0.0300    0.0001    0.3234    0.1219        3.2548
    0.1102    0.3933    0.2949    0.2282    0.0551    0.0319    0.0001   -0.2666   -0.1274       -2.3484
    0.1445    0.3313    0.0100    0.0002    0.0723    0.0300    0.0001   -0.3072   -0.1626      -12.5349
    0.1940    0.3108    0.0117    0.1542    0.0970    0.1293    0.0001    0.3592   -0.0114        8.3378
    0.1525    0.4191    0.0155    0.3181    0.0763    0.0345    0.0001    0.4609   -0.0228        3.0047
    0.2212    0.2844    0.0885    0.0019    0.1106    0.0827    0.0001    0.4204    0.1507        2.4789
    0.2400    0.2950    0.1464    0.0008    0.1200    0.0300    0.0001    0.4805    0.2203        1.9639
    0.1687    0.3305    0.0241    0.0199    0.0844    0.0679    0.0001    0.3739    0.1159        0.0401
    0.1639    0.3387    0.0249    0.0002    0.0819    0.0300    0.0001    0.3871    0.0830       -0.4656
    0.1252    0.4104    0.0146    0.1503    0.0626    0.1382    0.0001    0.4427    0.1584       -7.5280
    0.1230    0.4312    0.0122    0.1941    0.0615    0.0310    0.0001    0.3790    0.1855       -9.8714
    0.1668    0.3482    0.1053    0.2183    0.0834    0.1186    0.0001    0.4427    0.0748        5.0023
    0.1752    0.3496    0.1280    0.2406    0.0876    0.1182    0.0001    0.4768    0.0907        4.9873
    0.1491    0.4244    0.1069    0.3097    0.0745    0.0346    0.0001    0.4898    0.1060       -4.0798
    0.1438    0.4176    0.1125    0.3023    0.0719    0.0330    0.0001    0.4674    0.1089       -4.8432
    0.1801    0.3484    0.0100    0.2096    0.0901    0.0965    0.0001    0.7794    0.0992      -12.0261
    0.1844    0.3580    0.0104    0.2095    0.0922    0.1433    0.0001    0.8236    0.1559      -12.7052
    0.1943    0.3509    0.1664    0.0219    0.0971    0.0322    0.0001    0.6018    0.1372       -2.0857
    0.2091    0.3507    0.2152    0.0003    0.1045    0.0300    0.0001    0.6581    0.1868       -2.1487
    0.1353    0.3382    0.0100    0.0253    0.0677    0.1038    0.0001    0.3091    0.0895       -5.5433
    0.1396    0.3283    0.0107    0.0002    0.0698    0.0300    0.0001    0.3271    0.0975       -6.0316
    0.1306    0.3806    0.0314    0.0010    0.0653    0.1561    0.0001    0.4900    0.1162       -7.0890
    0.1199    0.3908    0.0291    0.0009    0.0599    0.1618    0.0001    0.4526    0.1178       -7.2692
    0.1421    0.3797    0.0166    0.1392    0.0710    0.0300    0.0001    0.5107    0.1113       -5.6457
    0.1396    0.3563    0.0140    0.0002    0.0698    0.0300    0.0001    0.4307    0.0592       -6.4359
    0.1299    0.4620    0.2642    0.2706    0.0649    0.2213    0.0001    0.8705    0.2350       -1.7968
    0.1380    0.4640    0.2285    0.2882    0.0690    0.2163    0.0001    0.8183    0.2242       -4.5947
    0.1193    0.4009    0.0382    0.0249    0.0596    0.1165    0.0001    0.3383    0.1486       -8.6995
    0.1300    0.3861    0.0398    0.0023    0.0650    0.0699    0.0001    0.3451    0.1865       -9.1258
    0.1632    0.3792    0.0334    0.1587    0.0816    0.2308    0.0001    0.5187    0.0973        0.5082
    0.1454    0.4980    0.2098    0.1187    0.0727    0.3209    0.0001    3.1840    0.1050       -1.6719
    0.1713    0.2842    0.0100    0.0490    0.0856    0.0888    0.0001    0.2898    0.0434        5.2925
    0.1615    0.3614    0.0130    0.2231    0.0808    0.0354    0.0001    0.3976    0.0438        4.2919
    0.1130    0.5545    0.3000    0.2747    0.0565    0.3857    0.0001   -0.5457   -0.0667        2.4646
    0.1643    0.5532    0.2761    0.4028    0.0821    0.3789    0.0001   -0.7760   -0.0450        1.5706
    0.1392    0.3313    0.0394    0.0586    0.0696    0.0648    0.0001    0.3494    0.1488       -5.8281
    0.1462    0.3223    0.0407    0.0002    0.0731    0.0718    0.0001    0.3612    0.1565       -5.8981
    0.1196    0.4242    0.1584    0.0178    0.0598    0.1120    0.0001    0.3518    0.0879       -2.5572
    0.1172    0.4009    0.0599    0.0003    0.0586    0.0300    0.0001    0.2657    0.0469       -2.8378
    0.1587    0.3888    0.1208    0.1404    0.0793    0.1318    0.0001    1.0829    0.0164       -4.4171
    0.1970    0.4540    0.2986    0.4019    0.0985    0.1794    0.0001    2.8279    0.0238     -238.1863
    0.1595    0.3391    0.0100    0.0344    0.0798    0.0771    0.0001    0.3029    0.0935       -0.6438
    0.1472    0.4052    0.0132    0.2136    0.0736    0.0368    0.0001    0.4038    0.0822       -1.5671
    0.1445    0.3922    0.0100    0.1279    0.0723    0.1096    0.0001    0.3050    0.1592       -6.0687
    0.1324    0.4101    0.0100    0.0004    0.0662    0.2093    0.0001    0.3030    0.1589       -6.5145
    0.1758    0.3239    0.0253    0.0551    0.0879    0.1088    0.0001    0.3965    0.1118       -2.1326
    0.1763    0.3225    0.0245    0.0007    0.0881    0.1284    0.0001    0.3817    0.1314       -2.3822
    0.2288    0.4164    0.2244    0.4350    0.1144    0.0300    0.0001   -0.8414   -0.2901        3.2391
    0.2400    0.4141    0.0909    0.4415    0.1200    0.0300    0.0001   -0.8033   -0.1798        2.0078
    0.1713    0.3053    0.0236    0.0267    0.0857    0.0982    0.0001    0.3664    0.0631        2.3834
    0.1609    0.3164    0.0219    0.0005    0.0804    0.1297    0.0001    0.3417    0.0567        2.2122
    0.1947    0.4329    0.1143    0.4084    0.0974    0.0638    0.0001    1.1397    0.1599       -4.0123
    0.1941    0.4382    0.1165    0.4086    0.0970    0.0600    0.0001    1.0691    0.1638       -6.2409
    0.1394    0.3973    0.2979    0.2930    0.0697    0.0378    0.0001   -0.7227   -0.1610       -1.0407
    0.1505    0.3922    0.2887    0.3165    0.0753    0.0378    0.0001   -0.6084   -0.1600       -1.4081
    0.2386    0.3593    0.3000    0.0004    0.1193    0.0300    0.0001    0.6380    0.1040        4.8449
    0.2364    0.3603    0.3000    0.0002    0.1182    0.0300    0.0001    0.6363    0.1043        4.8435
    0.1271    0.4198    0.2165    0.2655    0.0636    0.0463    0.0001    0.4688    0.1030       -5.7207
    0.1271    0.4198    0.2174    0.2654    0.0635    0.0463    0.0001    0.4721    0.1039       -5.7390
    0.1845    0.3169    0.0148    0.0717    0.0922    0.1377    0.0001    0.4513    0.1409       -5.1718
    0.1793    0.3334    0.0162    0.0678    0.0896    0.1775    0.0001    0.4979    0.1279       -5.4611
    0.2373    0.3814    0.2917    0.1623    0.1186    0.1272    0.0001    0.7970    0.4431       -7.2974
    0.2389    0.3667    0.2646    0.0040    0.1194    0.1295    0.0001    0.7333    0.4209       -7.4565
    0.1605    0.3138    0.0100    0.0486    0.0803    0.0437    0.0001    0.3045    0.0809        0.7836
    0.1232    0.4179    0.0120    0.2583    0.0616    0.0760    0.0001    0.3629    0.0945       -5.9621
    0.1373    0.3534    0.0340    0.0340    0.0687    0.1191    0.0001    0.5318    0.1073       -5.8695
    0.1482    0.3176    0.0288    0.0002    0.0741    0.0300    0.0001    0.4485    0.0976       -6.1845
    0.1790    0.3846    0.2654    0.1949    0.0895    0.1042    0.0001    0.6183    0.2086       -2.3484
    0.1994    0.3641    0.3000    0.0002    0.0997    0.1168    0.0001    0.6452    0.2496       -2.5899
    0.2209    0.2726    0.0100    0.1602    0.1105    0.0493    0.0001    0.2989    0.1345        1.8960
    0.2121    0.2708    0.0100    0.0005    0.1060    0.0300    0.0001    0.3028    0.1508        1.2607
    0.2071    0.3321    0.0100    0.0099    0.1036    0.0302    0.0001    0.7445    0.0957       -7.7640
    0.2110    0.3381    0.0100    0.1049    0.1055    0.0308    0.0001    0.7511    0.0970       -7.8483
    0.1763    0.3127    0.0769    0.0575    0.0881    0.0300    0.0001    0.3563    0.1109        2.7077
    0.1510    0.3930    0.0488    0.2442    0.0755    0.0309    0.0001    0.4352    0.0723        1.9343
    0.2018    0.3452    0.0789    0.0158    0.1009    0.0624    0.0001    0.4444    0.1414       -0.5612
    0.2019    0.3400    0.0742    0.0161    0.1010    0.0300    0.0001    0.4322    0.1388       -0.5633
    0.1782    0.3357    0.0661    0.0002    0.0891    0.0300    0.0001    0.3230    0.0964        3.8600
    0.1802    0.3347    0.0646    0.0002    0.0901    0.0300    0.0001    0.3317    0.0974        3.8501
    0.1487    0.3698    0.1421    0.0935    0.0744    0.0321    0.0001    0.3843    0.1344       -1.3706
    0.1669    0.3605    0.2167    0.0003    0.0834    0.0300    0.0001    0.4448    0.2370       -1.7603
    0.1840    0.3537    0.0122    0.1077    0.0920    0.1290    0.0001    0.3751    0.0589        3.0206
    0.1692    0.3977    0.0129    0.1883    0.0846    0.0300    0.0001    0.3954    0.0508        2.3777
    0.1447    0.3993    0.0100    0.2251    0.0724    0.1162    0.0001    0.7839    0.0459       -8.7684
    0.1451    0.3988    0.0100    0.2214    0.0725    0.1163    0.0001    0.7840    0.0440       -8.7719
    0.1568    0.4085    0.2601    0.0006    0.0784    0.2456    0.0001    0.8583    0.3773      -10.4934
    0.1715    0.4079    0.3000    0.0006    0.0858    0.2419    0.0001    0.9724    0.4304      -10.5553
    0.1216    0.4657    0.1854    0.2515    0.0608    0.0366    0.0001    0.6079    0.1171       -4.6332
    0.1206    0.4593    0.1933    0.2527    0.0603    0.0330    0.0001    0.6294    0.1162       -6.0230
    0.1098    0.4279    0.0139    0.2255    0.0549    0.1173    0.0001    0.4313    0.1079       -6.0450
    0.1166    0.4269    0.0232    0.2441    0.0583    0.1143    0.0001    0.6942    0.0644       -7.6784
    0.2362    0.4298    0.3000    0.5009    0.1181    0.0353    0.0001   -0.6852   -0.2019        1.7445
    0.2342    0.4553    0.2896    0.5073    0.1171    0.0342    0.0001   -0.7119   -0.2013       -1.4513
    0.1514    0.4012    0.2209    0.0154    0.0757    0.0402    0.0001    0.4815    0.1009       -4.1357
    0.1626    0.3986    0.2377    0.0002    0.0813    0.0300    0.0001    0.5202    0.2171       -4.7973
    0.2012    0.3546    0.2571    0.1328    0.1006    0.1607    0.0001    0.7659    0.2306       -0.8271
    0.2238    0.3518    0.3000    0.0013    0.1119    0.1769    0.0001    0.8774    0.2587       -1.2817
    0.1698    0.4863    0.2391    0.3521    0.0849    0.0916    0.0001    0.7254    0.2255       -3.7221
    0.1684    0.4745    0.2307    0.3548    0.0842    0.0905    0.0001    0.6845    0.2257       -5.8237
    0.2289    0.3242    0.1835    0.0136    0.1144    0.0788    0.0001    0.4170    0.2320        3.6668
    0.2017    0.3303    0.1460    0.0003    0.1008    0.0300    0.0001    0.3497    0.1901        3.4671
    0.1477    0.3566    0.0114    0.1317    0.0739    0.0668    0.0001    0.3550    0.1324       -7.0063
    0.1468    0.3362    0.0102    0.0014    0.0734    0.0300    0.0001    0.3139    0.1580       -8.1979
    0.1291    0.4001    0.1105    0.2173    0.0645    0.0308    0.0001    0.3687    0.0847        0.0934
    0.1359    0.4037    0.1600    0.2394    0.0679    0.0303    0.0001    0.4165    0.1223        0.0009
    0.1870    0.3146    0.0831    0.0911    0.0935    0.0315    0.0001    0.5064    0.1487       -5.0304
    0.2377    0.3314    0.2517    0.0002    0.1188    0.0881    0.0001    0.8210    0.2403       -5.5404
    0.1611    0.3992    0.0484    0.0033    0.0805    0.0304    0.0001    0.4232    0.0594       -0.6783
    0.1655    0.3969    0.0516    0.0003    0.0828    0.0300    0.0001    0.4360    0.0927       -0.9233
    0.1692    0.3167    0.0108    0.0745    0.0846    0.0301    0.0001    0.3315    0.0895        0.2705
    0.1619    0.3444    0.0118    0.1442    0.0809    0.0300    0.0001    0.3608    0.0807        0.2041
    0.1261    0.4580    0.0187    0.2020    0.0630    0.2832    0.0001    0.5563    0.1142       -5.3490
    0.1006    0.4640    0.0192    0.2098    0.0503    0.2773    0.0001    0.5872    0.1198       -8.2441
    0.1759    0.3958    0.1079    0.1121    0.0880    0.1568    0.0001    0.4668    0.1390       -0.1523
    0.1695    0.4134    0.1340    0.0023    0.0847    0.2276    0.0001    0.5089    0.1585       -0.4088
    0.2396    0.4104    0.3000    0.4246    0.1198    0.0375    0.0001   -1.0787   -0.0211        2.5528
    0.2399    0.4179    0.2999    0.4185    0.1200    0.0383    0.0001   -1.0891   -0.0215        1.9522
    0.1080    0.3907    0.0165    0.1607    0.0540    0.0637    0.0001    0.5079    0.0490       -6.5017
    0.1010    0.4030    0.0148    0.2103    0.0505    0.0510    0.0001    0.4477    0.0478      -11.6749
    0.2123    0.4379    0.3000    0.4215    0.1061    0.0590    0.0001   -1.0697   -0.4999      -10.7072
    0.2201    0.4346    0.2942    0.4203    0.1100    0.0590    0.0001   -1.0440   -0.4928      -11.1779
    0.1544    0.3852    0.0172    0.1633    0.0772    0.1302    0.0001    0.2686    0.0935        5.1561
    0.1511    0.4305    0.0193    0.2519    0.0756    0.0307    0.0001    0.3008    0.1053        4.0540
    0.1677    0.4052    0.0100    0.0313    0.0839    0.1315    0.0001    0.7688    0.0146      -12.8894
    0.1700    0.4068    0.0100    0.0002    0.0850    0.1388    0.0001    0.7944    0.0871      -14.5450
    0.1534    0.3277    0.0878    0.0006    0.0767    0.0300    0.0001    0.3060    0.1189        0.9714
    0.1532    0.3277    0.0864    0.0002    0.0766    0.0300    0.0001    0.3049    0.1183        0.9713
    0.1054    0.3970    0.0980    0.2200    0.0527    0.1293    0.0001    0.4505    0.1918       -9.2614
    0.1111    0.3970    0.0403    0.2317    0.0556    0.1294    0.0001    0.6272    0.1812      -10.5663
    0.1637    0.4968    0.0112    0.3450    0.0818    0.3472    0.0001    0.8633    0.0619       -4.0735
    0.1640    0.4894    0.0114    0.3455    0.0820    0.3382    0.0001    0.8858    0.0578       -1.9410
    0.1471    0.3625    0.0704    0.0123    0.0736    0.0367    0.0001    0.3263    0.1541       -3.9317
    0.1698    0.3627    0.1716    0.0002    0.0849    0.0300    0.0001    0.4293    0.2429       -4.1808
    0.2124    0.3818    0.2103    0.0187    0.1062    0.0306    0.0001    0.6306    0.0759        2.5843
    0.2139    0.3834    0.2192    0.0187    0.1070    0.0300    0.0001    0.6436    0.0826        2.5792
    0.1296    0.4435    0.1316    0.0022    0.0648    0.1194    0.0001    0.4550    0.0811       -4.2934
    0.1229    0.4429    0.0760    0.0025    0.0614    0.1186    0.0001    0.4022    0.0427       -4.3974
    0.1366    0.4581    0.2199    0.2757    0.0683    0.1457    0.0001    0.6136    0.1622        0.2680
    0.1362    0.4583    0.1905    0.2857    0.0681    0.1557    0.0001    0.5822    0.1511       -1.9248
    0.2305    0.2697    0.2217    0.0145    0.1152    0.0325    0.0001    0.4595    0.2220        5.1164
    0.2353    0.2664    0.2258    0.0002    0.1177    0.0300    0.0001    0.4706    0.2151        5.0959
    0.1138    0.3824    0.1929    0.0006    0.0569    0.0304    0.0001    0.4155    0.2007       -9.8748
    0.1155    0.3818    0.2030    0.0002    0.0578    0.0300    0.0001    0.4329    0.2054       -9.8854
    0.1063    0.3717    0.0149    0.0808    0.0532    0.0838    0.0001    0.4549   -0.0382      -10.7180
    0.1154    0.3606    0.0151    0.0003    0.0577    0.0564    0.0001    0.4614   -0.0351      -11.2099
    0.1929    0.3602    0.1832    0.0786    0.0965    0.1514    0.0001    0.7311    0.0509        3.1341
    0.1630    0.3897    0.0477    0.2777    0.0815    0.0300    0.0001    0.7435   -0.0120        0.1978
    0.1258    0.4319    0.0247    0.1099    0.0629    0.2694    0.0001    0.7596    0.1401      -10.9547
    0.1522    0.5142    0.2911    0.3506    0.0761    0.2002    0.0001    8.7119    0.2160     -787.1572
    0.1597    0.3213    0.0100    0.0003    0.0798    0.0300    0.0001    0.2996   -0.0280        4.2108
    0.1362    0.3652    0.0100    0.1472    0.0681    0.0301    0.0001    0.2976   -0.0159        3.6915
    0.1884    0.3015    0.1166    0.0306    0.0942    0.0713    0.0001    0.4916    0.1381       -1.8045
    0.1771    0.2923    0.0472    0.0012    0.0885    0.0300    0.0001    0.4120    0.1232       -1.9699
    0.2243    0.3846    0.2597    0.0032    0.1121    0.0359    0.0001    0.7243    0.0453        2.9517
    0.2373    0.3856    0.3000    0.0002    0.1187    0.0300    0.0001    0.7883    0.0380        2.8655
    0.2218    0.4143    0.2988    0.3107    0.1109    0.0372    0.0001   -1.2659   -0.6445      -19.5202
    0.2225    0.4117    0.2993    0.3064    0.1112    0.0374    0.0001   -1.2496   -0.6462      -19.4392
    0.1627    0.3937    0.0116    0.0829    0.0814    0.1909    0.0001    0.3550    0.0972       -2.9493
    0.1303    0.5581    0.0776    0.0009    0.0651    0.3961    0.0001    2.3767    0.1288       -6.1618
    0.1522    0.3543    0.0154    0.0967    0.0761    0.0327    0.0001    0.4734    0.0390       -2.6506
    0.1125    0.4198    0.0159    0.2347    0.0562    0.0371    0.0001    0.4999   -0.0046       -6.9661
    0.2391    0.3503    0.2979    0.0786    0.1196    0.0441    0.0001    0.6237    0.1896        5.9530
    0.2400    0.3502    0.3000    0.0002    0.1200    0.0300    0.0001    0.5981    0.2261        5.7344
    0.1483    0.3924    0.0278    0.1481    0.0741    0.0797    0.0001    0.4323    0.1087       -3.7210
    0.1430    0.3771    0.0250    0.0002    0.0715    0.0965    0.0001    0.3891    0.1012       -4.5466
    0.2059    0.3804    0.1692    0.0165    0.1029    0.0955    0.0001    0.6449    0.2305       -3.5343
    0.2400    0.3599    0.1944    0.0002    0.1200    0.0300    0.0001    0.6991    0.2669       -4.5667
    0.2132    0.3738    0.0100    0.0453    0.1066    0.1835    0.0001    0.7787    0.0374       -5.8133
    0.2010    0.3833    0.0101    0.0106    0.1005    0.1492    0.0001    0.7881    0.0459       -6.1900
    0.1628    0.3761    0.1104    0.2602    0.0814    0.0300    0.0001    0.5239    0.0437        3.6109
    0.2281    0.3874    0.2995    0.4302    0.1140    0.0300    0.0001    0.9682    0.1944        3.3160
    0.2354    0.3704    0.2789    0.0671    0.1177    0.0354    0.0001    0.8935    0.1699       -1.2006
    0.2400    0.3701    0.2992    0.0004    0.1200    0.0300    0.0001    0.9137    0.1347       -1.4396
    0.1232    0.3249    0.0100    0.0004    0.0616    0.0300    0.0001    0.3051    0.1529       -8.7470
    0.1232    0.3249    0.0100    0.0002    0.0616    0.0300    0.0001    0.3052    0.1529       -8.7470
    0.1533    0.3395    0.0127    0.0132    0.0766    0.0764    0.0001    0.3883    0.0146       -2.4843
    0.1476    0.3598    0.0136    0.0003    0.0738    0.0300    0.0001    0.4176    0.0260       -3.0586
    0.2288    0.3792    0.2996    0.0029    0.1144    0.0301    0.0001    0.6478    0.2667       -1.3086
    0.2287    0.3789    0.3000    0.0007    0.1144    0.0300    0.0001    0.6469    0.2659       -1.3095
    0.1771    0.3748    0.2987    0.0470    0.0885    0.1198    0.0001    0.7970    0.2500       -6.6666
    0.1750    0.3753    0.3000    0.0005    0.0875    0.1206    0.0001    0.7749    0.2512       -6.7220
    0.1254    0.4330    0.0140    0.1726    0.0627    0.1233    0.0001    0.4303    0.1240       -9.4986
    0.1400    0.4530    0.0167    0.2940    0.0700    0.1066    0.0001    0.5318    0.2676      -14.9532
    0.1781    0.4100    0.2667    0.2114    0.0890    0.1301    0.0001    0.8013    0.3395       -4.1526
    0.1732    0.4444    0.2975    0.3643    0.0866    0.1115    0.0001    1.2354    0.2459      -10.0284
    0.0990    0.4113    0.2932    0.2062    0.0495    0.0979    0.0001   -0.7323    0.0709       -4.1920
    0.1279    0.4125    0.2525    0.2681    0.0640    0.1006    0.0001   -1.0189    0.0824       -3.9595
    0.1391    0.4339    0.2402    0.2913    0.0696    0.0869    0.0001    1.0332    0.1271       -8.2972
    0.1439    0.4455    0.2158    0.3024    0.0720    0.0910    0.0001    1.1344    0.1596       -8.0896
    0.1051    0.4228    0.0100    0.1883    0.0526    0.0326    0.0001    0.3126    0.1061       -7.7829
    0.1008    0.4240    0.0102    0.2102    0.0504    0.0327    0.0001    0.3183    0.1085       -9.6718
    0.1646    0.3731    0.2183    0.0027    0.0823    0.0300    0.0001    0.4466    0.3339       -7.4276
    0.1685    0.3732    0.2321    0.0003    0.0842    0.0300    0.0001    0.4675    0.3383       -7.4351
    0.0973    0.4868    0.0100    0.0555    0.0486    0.4500    0.0001    0.7907   -0.0048       -9.8059
    0.1045    0.4857    0.0334    0.0324    0.0523    0.3527    0.0001    2.6680    0.0134      -14.2121
    0.1159    0.3991    0.0137    0.0108    0.0580    0.0300    0.0001    0.4186    0.0885      -11.0938
    0.1180    0.4010    0.0146    0.0002    0.0590    0.0300    0.0001    0.4488    0.0689      -11.2469
    0.1548    0.4429    0.2982    0.3256    0.0774    0.2927    0.0001    0.7344    0.2530        2.2506
    0.1618    0.4436    0.2724    0.3405    0.0809    0.2949    0.0001    0.7692    0.2598        1.6646
    0.1600    0.3421    0.0587    0.0030    0.0800    0.1274    0.0001    0.2856    0.0935        3.3713
    0.1647    0.3255    0.0608    0.0002    0.0823    0.0300    0.0001    0.2860    0.1017        3.0038
    0.1600    0.3870    0.0736    0.3370    0.0800    0.1042    0.0001    0.3779    0.0559        0.8227
    0.1668    0.3709    0.0743    0.3518    0.0834    0.1106    0.0001    0.3638    0.0567        4.2102
    0.2181    0.3426    0.0100    0.0963    0.1091    0.0300    0.0001    0.7774    0.0913       -9.6809
    0.2220    0.3357    0.0100    0.0002    0.1110    0.0300    0.0001    0.7704    0.0821       -9.8287
    0.2367    0.6400    0.1180    1.1956    0.1184    0.4418    0.0001   -3.9127   -0.5526     -778.1970
    0.2400    0.6358    0.1174    1.1855    0.1200    0.4385    0.0001   -3.8302   -0.5382     -756.0565
    0.1825    0.3699    0.0100    0.1210    0.0913    0.2016    0.0001    0.7855    0.0530       -4.2479
    0.1714    0.4757    0.0479    0.1513    0.0857    0.2926    0.0001    3.9746    0.0692      -22.7758
    0.1531    0.4924    0.1758    0.3200    0.0766    0.1386    0.0001    1.4087    0.0328       -5.4912
    0.1692    0.4876    0.1784    0.3569    0.0846    0.1412    0.0001    1.5003    0.0328       -3.9347
    0.1756    0.2861    0.0108    0.0006    0.0878    0.0386    0.0001    0.3306    0.1009        0.3917
    0.1734    0.2733    0.0100    0.0002    0.0867    0.0300    0.0001    0.3056    0.0884        0.1084
    0.1512    0.3781    0.0285    0.1120    0.0756    0.1813    0.0001    0.4426    0.1048       -1.6943
    0.1322    0.4541    0.0466    0.0007    0.0661    0.3414    0.0001    0.7250    0.1116       -2.6781
    0.1530    0.3231    0.0193    0.0440    0.0765    0.0300    0.0001    0.3000    0.0593       -1.0310
    0.1342    0.3585    0.0258    0.0009    0.0671    0.0300    0.0001    0.4025   -0.0001       -3.4628
    0.2400    0.4135    0.3000    0.4312    0.1200    0.2124    0.0001   -0.6981   -0.4925       -0.2417
    0.2396    0.4168    0.1193    0.5061    0.1198    0.2520    0.0001   -0.5463   -0.3706       -5.0978
    0.1667    0.4350    0.2888    0.3514    0.0833    0.0820    0.0001   -1.1975    0.0212       -4.9439
    0.1687    0.4296    0.2890    0.3557    0.0844    0.0820    0.0001   -1.1533    0.0214       -4.8238
    0.2396    0.3920    0.2668    0.3621    0.1198    0.0556    0.0001   -0.8854   -0.4261       -5.7712
    0.2400    0.3685    0.1465    0.3112    0.1200    0.0300    0.0001   -0.7286   -0.3090       -6.2605
    0.0945    0.4027    0.2907    0.1932    0.0472    0.1982    0.0001   -0.5315   -0.0046       -5.6718
    0.0987    0.4028    0.2136    0.2053    0.0494    0.1980    0.0001   -0.5943   -0.0043       -6.4777
    0.1420    0.4297    0.3000    0.2986    0.0710    0.0426    0.0001   -0.7725    0.0220       -4.0638
    0.1580    0.4297    0.2777    0.3334    0.0790    0.0426    0.0001   -0.7868    0.0229       -4.2694
    0.2267    0.3351    0.2737    0.2029    0.1133    0.0307    0.0001    0.6364    0.2019        3.8662
    0.2126    0.3526    0.2633    0.2568    0.1063    0.0300    0.0001    0.6541    0.1566        3.7463
    0.2233    0.5489    0.1710    0.0003    0.1117    0.4346    0.0001   -2.6911   -0.4839       -5.7413
    0.1610    0.5613    0.1813    0.0003    0.0805    0.4320    0.0001   -2.8673   -0.3388       -6.8150
    0.1537    0.4000    0.0100    0.3167    0.0768    0.0356    0.0001    0.7688    0.1660       -9.4013
    0.1910    0.3812    0.0100    0.3270    0.0955    0.0301    0.0001    0.7947    0.1449       -9.5817
    0.1400    0.4438    0.1701    0.2863    0.0700    0.1373    0.0001    0.4158    0.1103        1.1465
    0.1351    0.4442    0.1590    0.2832    0.0676    0.1365    0.0001    0.4241    0.1128       -1.1189
    0.1426    0.3964    0.2340    0.1937    0.0713    0.0300    0.0001    0.6083    0.1054       -3.9357
    0.1536    0.3979    0.2997    0.2163    0.0768    0.0304    0.0001    0.6894    0.1538       -3.9634
    0.1487    0.3858    0.0176    0.0107    0.0744    0.0970    0.0001    0.5397    0.0732       -9.4781
    0.1381    0.4134    0.0213    0.0145    0.0691    0.1444    0.0001    0.6525    0.0957       -9.8887
    0.1957    0.3816    0.2994    0.1576    0.0978    0.0933    0.0001    0.6650    0.3529       -3.6035
    0.2081    0.3666    0.3000    0.0002    0.1041    0.1059    0.0001    0.6391    0.3880       -3.7812
    0.1375    0.3854    0.1205    0.1969    0.0687    0.0344    0.0001    0.5027    0.0925       -1.9819
    0.1612    0.4078    0.1977    0.3397    0.0806    0.0301    0.0001    0.7230    0.1588       -3.4509
    0.0986    0.3953    0.2080    0.2047    0.0493    0.0310    0.0001    0.5134    0.1366       -4.4889
    0.1016    0.3953    0.1483    0.2113    0.0508    0.0310    0.0001    0.4942    0.1087       -5.2455
    0.2338    0.2928    0.0583    0.0219    0.1169    0.1261    0.0001    0.4958    0.1333       -0.1464
    0.2400    0.2858    0.0829    0.0002    0.1200    0.0300    0.0001    0.4990    0.1484       -0.4579
    0.1543    0.3755    0.0103    0.1376    0.0771    0.1535    0.0001    0.3203    0.1534       -4.5059
    0.1565    0.3571    0.0102    0.0020    0.0782    0.1535    0.0001    0.3130    0.1556       -4.8208
    0.1408    0.3210    0.0100    0.0657    0.0704    0.0311    0.0001    0.3041    0.0502       -3.0109
    0.1403    0.3159    0.0100    0.0003    0.0702    0.0300    0.0001    0.3063    0.0641       -3.2129
    0.1553    0.4071    0.2390    0.2365    0.0776    0.0570    0.0001    0.6407    0.1013       -1.2062
    0.1609    0.4280    0.1538    0.3377    0.0804    0.0565    0.0001    0.6945   -0.0492       -4.8094
    0.1860    0.4393    0.1935    0.0082    0.0930    0.2847    0.0001    0.9222    0.2374       -4.9734
    0.1862    0.5082    0.2324    0.0028    0.0931    0.3030    0.0001    4.4530    0.4349      -43.1705
    0.2390    0.3340    0.1419    0.3123    0.1195    0.0311    0.0001    0.5332   -0.0191        9.1345
    0.1891    0.2787    0.0108    0.0074    0.0945    0.0307    0.0001    0.3294   -0.0013        6.0262
    0.1488    0.4389    0.2114    0.0093    0.0744    0.2266    0.0001    0.9404    0.0654       -5.7840
    0.1570    0.4878    0.2991    0.0093    0.0785    0.2518    0.0001    4.4468    0.3631       -8.7133
    0.1530    0.3233    0.0126    0.0928    0.0765    0.0322    0.0001    0.3881    0.0837       -4.5688
    0.1509    0.3111    0.0114    0.0002    0.0754    0.0300    0.0001    0.3505    0.0981       -4.8187
    0.2397    0.3427    0.2499    0.1482    0.1198    0.0314    0.0001    0.6910    0.3878       -5.3160
    0.2400    0.3301    0.2402    0.0002    0.1200    0.0300    0.0001    0.6356    0.3823       -5.4914
    0.1322    0.4022    0.0263    0.0039    0.0661    0.1220    0.0001    0.2294    0.1177        0.0363
    0.1392    0.3790    0.0251    0.0005    0.0696    0.0300    0.0001    0.2232    0.1220       -0.0611
    0.1462    0.4336    0.2109    0.2959    0.0731    0.0494    0.0001    0.5469    0.1691        2.3635
    0.1669    0.4339    0.1335    0.3464    0.0835    0.0473    0.0001    0.5263    0.1383        0.4768
    0.1785    0.3811    0.1547    0.0082    0.0893    0.1176    0.0001    0.4947    0.0639        1.9572
    0.1823    0.3983    0.1875    0.0043    0.0911    0.1561    0.0001    0.5648    0.0818        1.9422
    0.0766    0.4213    0.0102    0.1427    0.0383    0.0302    0.0001    0.3319    0.1551      -14.1066
    0.0759    0.4217    0.0102    0.1566    0.0379    0.0302    0.0001    0.3176    0.1615      -16.4424
    0.1084    0.4090    0.0101    0.0837    0.0542    0.0305    0.0001    0.3133    0.1579      -15.2885
    0.0987    0.4469    0.0145    0.2057    0.0493    0.0366    0.0001    0.4407    0.2140      -16.5862
    0.1460    0.3843    0.0118    0.1697    0.0730    0.0748    0.0001    0.3663    0.1764       -8.3382
    0.1425    0.3613    0.0107    0.0003    0.0713    0.0970    0.0001    0.3296    0.1651       -8.6191
    0.1751    0.3975    0.1780    0.2966    0.0876    0.0300    0.0001    0.6064    0.2452       -3.4664
    0.2396    0.3985    0.2998    0.4438    0.1198    0.0304    0.0001    0.8928    0.4675       -3.9921
    0.1144    0.4157    0.0112    0.0700    0.0572    0.2033    0.0001    0.3443    0.1696       -8.6072
    0.1088    0.4416    0.0122    0.2273    0.0544    0.1240    0.0001    0.3844    0.1883      -12.7687
    0.1632    0.3555    0.0157    0.1282    0.0816    0.0821    0.0001    0.4814    0.1374       -6.6750
    0.1746    0.3608    0.0175    0.2071    0.0873    0.0300    0.0001    0.5387    0.1423       -7.0965
    0.1528    0.3518    0.1170    0.0039    0.0764    0.1594    0.0001    0.4506    0.0983        0.2195
    0.1508    0.3462    0.0910    0.0042    0.0754    0.1560    0.0001    0.4204    0.0816        0.2042
    0.2371    0.3426    0.2037    0.0027    0.1185    0.0410    0.0001    0.6265    0.3308       -7.8942
    0.2275    0.3688    0.2411    0.0005    0.1138    0.0976    0.0001    0.7141    0.3571       -8.2307
    0.2192    0.3718    0.2876    0.0157    0.1096    0.1606    0.0001    0.7066    0.0699        2.5808
    0.2230    0.3733    0.3000    0.0156    0.1115    0.1561    0.0001    0.7308    0.0587        2.5468
    0.1668    0.3558    0.1185    0.0631    0.0834    0.2569    0.0001    0.4334    0.1386        1.7177
    0.1606    0.3274    0.0641    0.0006    0.0803    0.1998    0.0001    0.3550    0.1077        1.6729
    0.1902    0.3744    0.0224    0.1632    0.0951    0.0449    0.0001    0.3498   -0.0067       13.7355
    0.2224    0.4587    0.0439    0.4709    0.1112    0.0649    0.0001    0.6492   -0.0413        7.5182
    0.1765    0.3686    0.1119    0.0779    0.0882    0.1402    0.0001    0.4007    0.1471        0.5500
    0.1581    0.4265    0.1334    0.0021    0.0791    0.2597    0.0001    0.4866    0.1493        0.0170
    0.1998    0.3258    0.2038    0.0543    0.0999    0.0315    0.0001    0.4165    0.1490        6.3077
    0.1977    0.3249    0.2022    0.0002    0.0989    0.0300    0.0001    0.4081    0.1490        6.2708
    0.1412    0.4078    0.2999    0.0505    0.0706    0.0521    0.0001    0.8777    0.1480      -12.9254
    0.1490    0.4044    0.3000    0.0002    0.0745    0.0561    0.0001    0.8701    0.2429      -13.3496
    0.1443    0.4132    0.2326    0.1752    0.0722    0.1504    0.0001    0.5933    0.2690       -7.1965
    0.1182    0.4015    0.1223    0.0002    0.0591    0.1627    0.0001    0.4429    0.1672       -8.0068
    0.2353    0.3431    0.2956    0.0815    0.1177    0.1431    0.0001    0.6468    0.2924        1.4400
    0.2211    0.3477    0.2978    0.0042    0.1106    0.1406    0.0001    0.6122    0.2899        1.3651
    0.1488    0.3299    0.0110    0.1027    0.0744    0.0300    0.0001    0.3341    0.1720      -11.7997
    0.1494    0.3228    0.0121    0.0002    0.0747    0.0300    0.0001    0.3713    0.1860      -12.2627
    0.1155    0.4155    0.0846    0.2414    0.0578    0.0588    0.0001    0.4178    0.1058       -8.0384
    0.1165    0.4077    0.0855    0.2435    0.0583    0.0588    0.0001    0.4528    0.1109       -7.7508
    0.2360    0.5418    0.3000    0.0003    0.1180    0.4500    0.0001   -2.6198   -0.7173       -9.6717
    0.2393    0.5502    0.2943    0.0003    0.1196    0.4499    0.0001   -2.6569   -0.7248      -10.4736
    0.2065    0.2889    0.0100    0.0916    0.1033    0.0972    0.0001    0.3053    0.0394        8.8451
    0.2040    0.2866    0.0100    0.0002    0.1020    0.0300    0.0001    0.3041    0.0426        8.4780
    0.2003    0.2675    0.0196    0.1533    0.1002    0.0567    0.0001    0.3056    0.1130        5.4057
    0.2021    0.2297    0.0176    0.0002    0.1010    0.0300    0.0001    0.2743    0.1101        5.1547
    0.2042    0.2891    0.0755    0.0558    0.1021    0.0622    0.0001    0.3389    0.0620        8.3012
    0.2233    0.2860    0.1151    0.0002    0.1116    0.0300    0.0001    0.3924    0.0956        8.0052
    0.2369    0.3294    0.2503    0.0549    0.1185    0.0338    0.0001    0.6411    0.3122       -2.0923
    0.2400    0.3234    0.2423    0.0002    0.1200    0.0300    0.0001    0.5597    0.3875       -2.7350
    0.1451    0.3962    0.0361    0.0217    0.0725    0.0300    0.0001    0.5657    0.0611       -6.9249
    0.1403    0.3989    0.0345    0.0003    0.0702    0.0300    0.0001    0.5382    0.0595       -7.0002
    0.2205    0.2792    0.0147    0.0517    0.1103    0.1404    0.0001    0.4504    0.1467        6.8703
    0.2025    0.3018    0.0125    0.2456    0.1012    0.0315    0.0001    0.3837    0.0907        4.1088
    0.2398    0.3130    0.1631    0.0142    0.1199    0.0770    0.0001    0.5287    0.2350        0.7150
    0.2400    0.3048    0.1478    0.0003    0.1200    0.0300    0.0001    0.5085    0.2098        0.4996
    0.1369    0.3898    0.0293    0.1030    0.0685    0.0443    0.0001    0.4656    0.1011       -8.0752
    0.1382    0.3791    0.0281    0.0002    0.0691    0.0300    0.0001    0.4382    0.1399       -9.0148
    0.2023    0.4857    0.2857    0.3201    0.1011    0.2605    0.0001    1.9088    0.2672      -27.1289
    0.2015    0.4838    0.2846    0.3188    0.1007    0.2697    0.0001    1.9012    0.2697      -38.6028
    0.2393    0.3300    0.1747    0.0791    0.1197    0.0301    0.0001    0.5314    0.2899       -2.3162
    0.2400    0.3263    0.1815    0.0002    0.1200    0.0300    0.0001    0.5262    0.2916       -2.3525
    0.1377    0.3713    0.0100    0.0030    0.0688    0.0301    0.0001    0.3060    0.1562       -9.3833
    0.1381    0.3722    0.0102    0.0002    0.0691    0.0300    0.0001    0.3116    0.1587       -9.3878
    0.1683    0.3243    0.0273    0.2439    0.0842    0.0300    0.0001    0.4249    0.0032        5.8380
    0.1757    0.3333    0.0309    0.2847    0.0879    0.0300    0.0001    0.4806    0.0041        5.7571
    0.1432    0.3602    0.0121    0.0652    0.0716    0.0302    0.0001    0.3716    0.0866       -6.8425
    0.1395    0.3604    0.0122    0.0002    0.0697    0.0300    0.0001    0.3742    0.1025       -7.1015
    0.1570    0.3355    0.0411    0.1181    0.0785    0.0626    0.0001    0.3685    0.1270       -2.2618
    0.1501    0.3203    0.0366    0.0002    0.0750    0.0300    0.0001    0.3297    0.1040       -2.3915
    0.1394    0.3640    0.0258    0.2373    0.0697    0.0302    0.0001    0.4012    0.0540        1.7626
    0.1407    0.3753    0.0317    0.2958    0.0704    0.0338    0.0001    0.4844    0.0621       -1.1132
    0.1145    0.4785    0.0310    0.0172    0.0572    0.3237    0.0001    0.4548    0.0374       -1.9525
    0.1853    0.5619    0.3000    0.3930    0.0927    0.3364    0.0001    4.1289    0.2838     -329.0789
    0.2397    0.3453    0.2604    0.2041    0.1199    0.2075    0.0001    0.5976    0.2597        5.6952
    0.2265    0.3941    0.2993    0.3778    0.1132    0.2190    0.0001    0.7538    0.2899        4.8950
    0.2347    0.3729    0.2640    0.8142    0.1174    0.0303    0.0001   -1.6662   -0.5775      -87.6510
    0.2347    0.3799    0.2653    0.8187    0.1173    0.0313    0.0001   -1.6728   -0.5743      -99.3303
    0.1187    0.4017    0.1990    0.0284    0.0593    0.1269    0.0001    0.7590    0.0623      -10.3687
    0.1113    0.3942    0.0185    0.0404    0.0556    0.1145    0.0001    0.5666    0.0617      -13.0566
    0.1353    0.3764    0.0266    0.0504    0.0677    0.0346    0.0001    0.4148    0.1126       -7.3104
    0.1340    0.3743    0.0255    0.0002    0.0670    0.0300    0.0001    0.3973    0.1083       -7.3965
    0.2354    0.4601    0.2983    0.3235    0.1177    0.2434    0.0001    1.1525    0.3241        4.8898
    0.2377    0.4614    0.3000    0.3267    0.1188    0.2458    0.0001    1.1304    0.3064        4.3082
    0.1331    0.3970    0.2999    0.0002    0.0665    0.0954    0.0001    0.4830    0.4751      -10.5818
    0.1339    0.3969    0.3000    0.0002    0.0670    0.0960    0.0001    0.4815    0.4753      -10.5834
    0.1710    0.3116    0.0192    0.0667    0.0855    0.0569    0.0001    0.5884    0.1237       -8.7749
    0.1893    0.3757    0.0376    0.3452    0.0947    0.0611    0.0001    1.1527    0.1538      -11.2664
    0.1749    0.3106    0.0152    0.0379    0.0875    0.0452    0.0001    0.2360   -0.0007       10.7511
    0.1708    0.3843    0.0189    0.2308    0.0854    0.0312    0.0001    0.2942   -0.0004       10.2121
    0.1834    0.4108    0.0100    0.1897    0.0917    0.2128    0.0001    0.7975    0.1556      -12.6394
    0.1656    0.4195    0.0100    0.0023    0.0828    0.2546    0.0001    0.7940    0.1520      -13.0671
    0.1760    0.3853    0.0100    0.1870    0.0880    0.0909    0.0001    0.7626    0.1140      -11.1030
    0.1499    0.4374    0.0110    0.2126    0.0749    0.1889    0.0001    0.8710    0.1668      -13.6119
    0.1376    0.3483    0.0100    0.1307    0.0688    0.1520    0.0001    0.3084    0.0166        3.7473
    0.1618    0.2864    0.0100    0.0002    0.0809    0.0300    0.0001    0.3074    0.0002        2.3176
    0.1477    0.3418    0.0100    0.0922    0.0739    0.0306    0.0001    0.3007    0.0405        2.6938
    0.1520    0.4146    0.0115    0.3180    0.0760    0.0357    0.0001    0.3481   -0.0074       -0.3077
    0.1313    0.4381    0.0100    0.2716    0.0656    0.1144    0.0001    0.3239    0.1556       -6.2883
    0.1342    0.4382    0.0100    0.2817    0.0671    0.1141    0.0001    0.3089    0.1466       -8.5670
    0.1678    0.3442    0.0140    0.0875    0.0839    0.1260    0.0001    0.4271    0.1394       -4.5989
    0.1691    0.3143    0.0118    0.0002    0.0846    0.0300    0.0001    0.3610    0.1173       -5.3609
    0.0961    0.4228    0.2957    0.1937    0.0481    0.1048    0.0001   -0.7075    0.0147       -1.9656
    0.1467    0.4228    0.1664    0.3045    0.0734    0.1047    0.0001   -0.7315    0.0129       -4.9312
    0.1408    0.4034    0.0100    0.0834    0.0704    0.1074    0.0001    0.7741    0.0850      -10.7857
    0.1655    0.3869    0.0100    0.0034    0.0827    0.1096    0.0001    0.7883    0.0529      -12.0361
    0.1752    0.3328    0.2278    0.0007    0.0876    0.0317    0.0001    0.6888    0.1546       -6.6385
    0.1751    0.3327    0.2267    0.0002    0.0875    0.0300    0.0001    0.6872    0.1531       -6.6479
    0.2397    0.3603    0.2680    0.1494    0.1198    0.0304    0.0001    0.6033    0.2297        7.1505
    0.2400    0.3444    0.2522    0.0002    0.1200    0.0300    0.0001    0.5533    0.2347        6.9987
    0.1206    0.4845    0.0116    0.2526    0.0603    0.2091    0.0001    0.9405    0.0978      -13.1394
    0.1328    0.4566    0.0116    0.2786    0.0664    0.2091    0.0001    0.9103    0.1020      -13.5340
    0.1759    0.2838    0.0100    0.0405    0.0879    0.0303    0.0001    0.3041    0.1052       -0.2334
    0.1675    0.2961    0.0101    0.0002    0.0837    0.0300    0.0001    0.3084    0.0967       -0.3830
    0.1946    0.3125    0.1655    0.0739    0.0973    0.0414    0.0001    0.6503    0.0880       -2.3460
    0.1498    0.3402    0.0366    0.0012    0.0749    0.1120    0.0001    0.5688    0.0299       -3.3462
    0.2092    0.3911    0.2823    0.1599    0.1046    0.0332    0.0001    0.8976    0.0162        1.8388
    0.2236    0.3819    0.3000    0.1097    0.1118    0.0300    0.0001    0.8855   -0.0237        1.5934
    0.1887    0.4114    0.2447    0.0363    0.0944    0.1268    0.0001    0.6992    0.0966       -0.9202
    0.1784    0.3815    0.1675    0.0002    0.0892    0.0300    0.0001    0.5335    0.0619       -1.2205
    0.0817    0.4799    0.2992    0.1669    0.0409    0.1719    0.0001   -0.7920    0.1610       -7.9746
    0.0750    0.4711    0.2509    0.1487    0.0375    0.1638    0.0001   -0.7232    0.0340       -8.7427
    0.1635    0.3792    0.0141    0.1648    0.0818    0.1867    0.0001    0.4279    0.0186        1.5609
    0.1701    0.3385    0.0129    0.0002    0.0851    0.0300    0.0001    0.3951    0.0236        0.6403
    0.1225    0.4042    0.0131    0.0923    0.0613    0.0563    0.0001    0.4046    0.1944      -14.6192
    0.1231    0.3886    0.0123    0.0002    0.0615    0.0300    0.0001    0.3787    0.1896      -15.1448
    0.1318    0.3631    0.0988    0.0301    0.0659    0.0303    0.0001    0.3345    0.1070       -3.6261
    0.1543    0.3611    0.2175    0.0003    0.0771    0.0300    0.0001    0.4553    0.2362       -4.1483
    0.2169    0.3108    0.0238    0.2224    0.1085    0.1263    0.0001    0.3708    0.1077        7.1109
    0.2210    0.2589    0.0211    0.0002    0.1105    0.0300    0.0001    0.3286    0.0927        6.6792
    0.1379    0.4592    0.0448    0.2129    0.0689    0.1682    0.0001    0.6813    0.0911       -2.8581
    0.1228    0.4945    0.0879    0.1574    0.0614    0.2579    0.0001    1.3724    0.0704       -4.4089
    0.1983    0.4190    0.2126    0.3940    0.0991    0.0857    0.0001    0.6692    0.0845        3.2247
    0.1916    0.4145    0.2054    0.4047    0.0958    0.0846    0.0001    0.6999    0.0838       -0.4713
    0.1591    0.3651    0.0236    0.1859    0.0796    0.1356    0.0001    0.3646    0.2245       -3.7071
    0.1402    0.4002    0.0210    0.2942    0.0701    0.0864    0.0001    0.3527    0.2084       -7.1631
    0.2032    0.3494    0.0100    0.2124    0.1016    0.0302    0.0001    0.7809    0.0510       -6.0191
    0.2043    0.3508    0.0100    0.2228    0.1021    0.0300    0.0001    0.7817    0.0467       -6.0359
    0.1914    0.2800    0.0121    0.0314    0.0957    0.1128    0.0001    0.3717    0.0992       -0.4408
    0.1631    0.3879    0.0190    0.0242    0.0815    0.3010    0.0001    0.5834    0.0863       -1.4361
    0.1842    0.3590    0.3000    0.0125    0.0921    0.0516    0.0001    0.8042    0.0506       -3.1829
    0.1947    0.3517    0.3000    0.0003    0.0974    0.0300    0.0001    0.8156    0.0284       -3.4236
    0.1634    0.3404    0.1749    0.0094    0.0817    0.1221    0.0001    0.3473    0.0951        3.4153
    0.1653    0.3461    0.1955    0.0047    0.0826    0.1292    0.0001    0.3698    0.1242        3.3822
    0.1306    0.3962    0.0147    0.1344    0.0653    0.1452    0.0001    0.4499    0.1425      -10.2797
    0.0960    0.4414    0.0145    0.1999    0.0480    0.1740    0.0001    0.4389    0.1852      -14.7580
    0.2369    0.6255    0.2997    1.6741    0.1184    0.4494    0.0001    2.0212    0.2554    -1116.7494
    0.2383    0.6158    0.2996    1.6584    0.1192    0.4500    0.0001    2.0270    0.2486     -988.9095
    0.2236    0.3570    0.2040    0.0865    0.1118    0.1172    0.0001    0.5567    0.2415        1.5709
    0.2400    0.3362    0.2041    0.0002    0.1200    0.0300    0.0001    0.5407    0.2534        1.0247
    0.1912    0.3194    0.1282    0.0601    0.0956    0.1196    0.0001    0.4723    0.1153        1.8651
    0.1815    0.3215    0.1116    0.0009    0.0908    0.1269    0.0001    0.4482    0.1008        1.8182
    0.1531    0.4244    0.1704    0.0275    0.0765    0.1702    0.0001    0.5539    0.2687       -8.3111
    0.1830    0.4216    0.2298    0.0002    0.0915    0.1636    0.0001    0.6839    0.3559       -8.4835
    0.1124    0.4528    0.0100    0.2243    0.0562    0.0477    0.0001    0.3069    0.1031       -1.6740
    0.1105    0.4502    0.0100    0.2306    0.0552    0.0484    0.0001    0.3042    0.1031       -2.9833
    0.1944    0.3218    0.1207    0.0058    0.0972    0.1727    0.0001    0.3600    0.1935        2.6706
    0.2000    0.3201    0.1307    0.0053    0.1000    0.1738    0.0001    0.3804    0.2036        2.6605
    0.1839    0.4015    0.0134    0.2642    0.0919    0.2040    0.0001    0.4098    0.2068       -4.3841
    0.1417    0.4394    0.0137    0.2979    0.0709    0.1185    0.0001    0.4338    0.2147       -9.0946
    0.1292    0.3544    0.1470    0.0192    0.0646    0.0889    0.0001    0.5971    0.1258      -10.6334
    0.1309    0.3546    0.1632    0.0004    0.0654    0.0880    0.0001    0.6103    0.1356      -10.6496
    0.2345    0.3437    0.2346    0.0352    0.1173    0.0319    0.0001    0.5631    0.2459        2.6057
    0.2204    0.3491    0.2266    0.0003    0.1102    0.0300    0.0001    0.5418    0.2339        2.5575
    0.2032    0.3606    0.1854    0.1427    0.1016    0.2507    0.0001    0.6316    0.1374        3.7631
    0.2195    0.4015    0.2097    0.4637    0.1097    0.1685    0.0001    0.7850    0.1238       -1.3631
    0.1461    0.3348    0.0100    0.0051    0.0730    0.0301    0.0001    0.3063    0.1563       -7.9152
    0.1459    0.3347    0.0100    0.0003    0.0729    0.0300    0.0001    0.3063    0.1558       -7.9162
    0.2381    0.4067    0.2570    0.2939    0.1191    0.1165    0.0001    0.7061    0.2589        9.8875
    0.2399    0.4256    0.2368    0.3960    0.1199    0.0992    0.0001    0.8033    0.1650        9.3436
    0.1824    0.4153    0.0185    0.2768    0.0912    0.2004    0.0001    0.5673    0.1166       -2.1241
    0.1443    0.4713    0.0194    0.3034    0.0722    0.1334    0.0001    0.6044    0.1398       -6.5817
    0.1184    0.4426    0.0489    0.1939    0.0592    0.0637    0.0001    0.4259    0.0563       -2.3335
    0.1224    0.4153    0.0412    0.1392    0.0612    0.0300    0.0001    0.3670    0.0465       -2.6368
    0.2400    0.3576    0.2393    0.1075    0.1200    0.2008    0.0001    0.7642    0.2805       -2.1436
    0.2399    0.3619    0.2551    0.0002    0.1200    0.2010    0.0001    0.7833    0.3061       -2.2018
    0.2400    0.3206    0.2028    0.0492    0.1200    0.0305    0.0001    0.5279    0.1655        8.0019
    0.2400    0.3184    0.2011    0.0004    0.1200    0.0300    0.0001    0.5228    0.1649        8.0000
    0.0917    0.4918    0.0100    0.1871    0.0458    0.2399    0.0001    0.7705   -0.0021      -12.1658
    0.0981    0.4922    0.0100    0.2036    0.0490    0.2334    0.0001    0.8005   -0.0021      -15.0918
    0.1302    0.3595    0.0100    0.1014    0.0651    0.1639    0.0001    0.3076    0.1527       -5.4151
    0.1275    0.3649    0.0100    0.0856    0.0638    0.1850    0.0001    0.3076    0.1525       -5.4241
    0.1656    0.3310    0.0140    0.0959    0.0828    0.1354    0.0001    0.4291    0.0753       -3.9956
    0.1063    0.4202    0.0186    0.2184    0.0532    0.1618    0.0001    0.5687    0.0484      -10.5767
    0.1588    0.3909    0.0126    0.1823    0.0794    0.1174    0.0001    0.3627    0.2007       -7.7537
    0.1185    0.4483    0.0125    0.2483    0.0593    0.1206    0.0001    0.3839    0.2007      -12.2901
    0.2400    0.3038    0.1314    0.0654    0.1200    0.1753    0.0001    0.5578    0.1324        8.1646
    0.2400    0.3729    0.1900    0.4668    0.1200    0.0300    0.0001    0.8213    0.1544        6.4920
    0.1655    0.2631    0.0100    0.0919    0.0828    0.0363    0.0001    0.2632    0.0606        3.8819
    0.1733    0.2539    0.0100    0.0018    0.0867    0.0300    0.0001    0.3040    0.0850        2.1170
    0.1399    0.4142    0.0816    0.1351    0.0699    0.0909    0.0001    0.4400    0.0445        0.2925
    0.2400    0.4531    0.3000    0.7083    0.1200    0.0300    0.0001    1.2608    0.4386      -55.5038
    0.2260    0.2936    0.1699    0.0318    0.1130    0.0302    0.0001    0.5163    0.1169        3.3801
    0.2400    0.2979    0.2160    0.0002    0.1200    0.0300    0.0001    0.5770    0.2032        2.9142
    0.1402    0.3932    0.0100    0.1442    0.0701    0.1343    0.0001    0.7863    0.0489      -12.3926
    0.1291    0.4198    0.0111    0.2708    0.0646    0.0610    0.0001    0.8706    0.0968      -17.8881
    0.2280    0.3424    0.2756    0.0500    0.1140    0.0300    0.0001    0.7188    0.3158       -3.8449
    0.2400    0.3418    0.3000    0.0006    0.1200    0.0300    0.0001    0.7289    0.3367       -3.9578
    0.1605    0.3302    0.0110    0.0397    0.0802    0.0870    0.0001    0.3388    0.0892       -1.2470
    0.1618    0.3225    0.0106    0.0005    0.0809    0.0300    0.0001    0.3262    0.0890       -1.4001
    0.2149    0.3310    0.0633    0.0248    0.1075    0.0300    0.0001    0.5549    0.0366        4.7773
    0.2148    0.3304    0.0631    0.0072    0.1074    0.0300    0.0001    0.5530    0.0366        4.7773
    0.1492    0.4363    0.0177    0.1526    0.0746    0.1639    0.0001    0.5423    0.1365       -3.6735
    0.1347    0.5278    0.0424    0.0019    0.0673    0.3288    0.0001    1.3126    0.1018       -5.3343
    0.1039    0.4507    0.0193    0.0759    0.0520    0.1313    0.0001    0.5916    0.0453      -13.7981
    0.1041    0.4513    0.0203    0.0007    0.0521    0.1461    0.0001    0.6223    0.0839      -14.5673
    0.2266    0.4158    0.3000    0.3372    0.1133    0.0527    0.0001    0.7475    0.4278       -4.5580
    0.2069    0.4191    0.3000    0.3168    0.1035    0.0300    0.0001    0.7486    0.4096       -4.7840
    0.1297    0.3714    0.0100    0.0914    0.0648    0.0653    0.0001    0.3057    0.0890       -6.1265
    0.1147    0.3943    0.0104    0.0012    0.0573    0.1429    0.0001    0.3178    0.0878       -6.9154
    0.1325    0.3914    0.0270    0.1381    0.0662    0.0300    0.0001    0.4223    0.1451       -9.1724
    0.1231    0.4269    0.0320    0.2554    0.0616    0.0300    0.0001    0.5141    0.2289      -12.0707
    0.0977    0.4718    0.2457    0.0379    0.0488    0.1667    0.0001    0.6254    0.2170      -14.1691
    0.1050    0.4701    0.2987    0.0002    0.0525    0.1668    0.0001    0.6360    0.3822      -14.7523
    0.1710    0.3931    0.3000    0.0066    0.0855    0.0913    0.0001    0.0627    0.0925       19.6957
    0.2389    0.2647    0.0975    0.0020    0.1195    0.0339    0.0001   -0.4297   -0.2213       -1.4898
    0.1377    0.3252    0.0285    0.0002    0.0688    0.1461    0.0001    0.4396    0.1300       -7.4820
    0.1324    0.3635    0.0456    0.0003    0.0662    0.1119    0.0001    0.7111    0.0986       -9.7796
    0.1980    0.3615    0.1524    0.0599    0.0990    0.0304    0.0001    0.5244    0.0890        2.7751
    0.1933    0.3575    0.1308    0.0004    0.0967    0.0300    0.0001    0.4896    0.0729        2.7265
    0.1910    0.3953    0.2296    0.1696    0.0955    0.1769    0.0001    0.6477    0.1999       -2.5702
    0.1623    0.4698    0.2993    0.0003    0.0812    0.3326    0.0001    0.9786    0.2798       -3.8368
