    0.0819    0.3417    0.1367    0.0457    0.0410    0.0835    0.0001    0.3705    0.2121        0.0252    0.0079 -465.6508
    0.0812    0.3446    0.1370    0.0485    0.0406    0.0883    0.0001    0.3952    0.2152        0.0843   -0.0037 -470.7343
    0.0879    0.3533    0.3000    0.0726    0.0439    0.1182    0.0001    0.4735    0.3579        0.1218    0.0191 -458.5960
    0.0880    0.3511    0.2995    0.0540    0.0440    0.1164    0.0001    0.4617    0.3324        0.1077    0.0173 -459.5831
    0.0798    0.3599    0.2105    0.0947    0.0399    0.1160    0.0001    0.4097    0.1788        0.0846    0.0064 -435.3306
    0.0821    0.3511    0.1844    0.0656    0.0411    0.1045    0.0001    0.4088    0.2399        0.1136   -0.0082 -448.1584
    0.0832    0.3648    0.2904    0.1085    0.0416    0.1241    0.0001    0.5906    0.2324        0.0522    0.0021 -434.4730
    0.0812    0.3596    0.2182    0.0765    0.0406    0.1201    0.0001    0.4796    0.2748        0.1139    0.0013 -446.7830
    0.0893    0.3507    0.2149    0.0900    0.0447    0.0886    0.0001    0.3636    0.3240        0.0490    0.0050 -467.2451
    0.0798    0.3545    0.1507    0.0584    0.0399    0.1064    0.0001    0.4016    0.2593        0.1246    0.0139 -491.2224
    0.0864    0.3428    0.2106    0.0522    0.0432    0.1012    0.0001    0.4718    0.2446        0.0635    0.0186 -443.7127
    0.0813    0.3373    0.0958    0.0070    0.0407    0.0931    0.0001    0.3490    0.1784        0.0669   -0.0002 -450.8639
    0.0838    0.3361    0.1980    0.0312    0.0419    0.0906    0.0001    0.3310    0.1299        0.0474    0.0237 -489.1830
    0.0757    0.3435    0.0110    0.0318    0.0378    0.1017    0.0001    0.3367    0.1712        0.0607    0.0261 -584.5274
    0.0796    0.3480    0.1703    0.0511    0.0398    0.0951    0.0001    0.3752    0.2107        0.1327    0.0226 -494.9481
    0.0828    0.3426    0.1875    0.0325    0.0414    0.0890    0.0001    0.3811    0.2416        0.1063    0.0326 -497.4940
    0.0781    0.3525    0.1436    0.0506    0.0390    0.1085    0.0001    0.3774    0.2929        0.0755    0.0247 -517.5102
    0.0820    0.3463    0.1905    0.0106    0.0410    0.1081    0.0001    0.4040    0.2982        0.0962   -0.0219 -522.7257
    0.0862    0.3459    0.2146    0.0769    0.0431    0.0846    0.0001    0.4773    0.2389        0.0360    0.0095 -531.6019
    0.0855    0.3418    0.2197    0.0008    0.0427    0.0938    0.0001    0.4738    0.2800        0.1014   -0.0133 -542.4283
    0.0814    0.3587    0.2730    0.0088    0.0407    0.1314    0.0001    0.5288    0.2770        0.1150   -0.0195 -571.3346
    0.0781    0.3546    0.1720    0.0150    0.0391    0.1224    0.0001    0.4362    0.2403        0.1020   -0.0156 -573.2039
    0.0819    0.3667    0.3000    0.0983    0.0409    0.1313    0.0001    0.4797    0.2529        0.1440   -0.0352 -408.2783
    0.0800    0.3636    0.2196    0.0864    0.0400    0.1224    0.0001    0.4528    0.2658        0.1505   -0.0336 -413.4156
    0.0786    0.3505    0.1580    0.0580    0.0393    0.1010    0.0001    0.4043    0.2528        0.0577    0.0338 -502.8481
    0.0814    0.3483    0.1822    0.0509    0.0407    0.0992    0.0001    0.4211    0.2626        0.1130    0.0118 -506.6704
    0.0834    0.3525    0.2034    0.0619    0.0417    0.1098    0.0001    0.4375    0.2723        0.0767    0.0570 -489.8809
    0.0828    0.3477    0.1620    0.0372    0.0414    0.1064    0.0001    0.4008    0.2627        0.0752   -0.0308 -499.5067
    0.0818    0.3570    0.1909    0.0724    0.0409    0.1116    0.0001    0.5072    0.2556        0.0965    0.0046 -477.8488
    0.0815    0.3486    0.1452    0.0458    0.0407    0.1001    0.0001    0.4264    0.2135        0.1041    0.0048 -479.8783
    0.0766    0.3545    0.1025    0.0567    0.0383    0.1059    0.0001    0.3602    0.1857        0.0971    0.0093 -497.6813
    0.0801    0.3516    0.1678    0.0447    0.0400    0.1052    0.0001    0.3824    0.2188        0.1338   -0.0164 -503.1771
    0.0871    0.3451    0.2246    0.0636    0.0435    0.0891    0.0001    0.4543    0.2808        0.1168    0.0141 -480.1696
    0.0816    0.3395    0.1031    0.0069    0.0408    0.0897    0.0001    0.3559    0.1950        0.0826   -0.0030 -486.8917
    0.0711    0.3685    0.1109    0.0775    0.0355    0.1300    0.0001    0.3260    0.2186        0.1074    0.0039 -488.7340
    0.0796    0.3510    0.1504    0.0295    0.0398    0.1124    0.0001    0.4208    0.2278        0.0657    0.0019 -511.7295
    0.0801    0.3668    0.2278    0.1074    0.0401    0.1176    0.0001    0.4929    0.3105        0.0890    0.0032 -461.7897
    0.0825    0.3599    0.2391    0.0823    0.0412    0.1133    0.0001    0.4905    0.3308        0.1173    0.0030 -466.2515
    0.0768    0.3524    0.2024    0.0439    0.0384    0.1063    0.0001    0.4386    0.2106        0.1085    0.0141 -544.3560
    0.0754    0.3528    0.1768    0.0424    0.0377    0.1080    0.0001    0.4180    0.2143        0.0865    0.0002 -544.9288
    0.0907    0.3446    0.2247    0.0847    0.0453    0.0733    0.0001    0.4173    0.3422        0.0394    0.0118 -470.3152
    0.0852    0.3532    0.2253    0.0593    0.0426    0.1044    0.0001    0.4520    0.3289        0.0918   -0.0411 -484.8715
    0.0763    0.3613    0.1285    0.0693    0.0381    0.1251    0.0001    0.3673    0.1900        0.1261   -0.0045 -506.4995
    0.0822    0.3525    0.1903    0.0390    0.0411    0.1148    0.0001    0.4156    0.2896        0.1411   -0.0022 -520.4614
    0.0857    0.3685    0.2870    0.1045    0.0428    0.1265    0.0001    0.4468    0.3404        0.0957    0.0442 -495.2657
    0.0775    0.3573    0.1593    0.0554    0.0388    0.1072    0.0001    0.3927    0.2677        0.0907   -0.0148 -513.6340
    0.0813    0.3606    0.1186    0.1039    0.0407    0.0995    0.0001    0.4098    0.2394        0.1241    0.0016 -429.0703
    0.0849    0.3523    0.1469    0.0695    0.0424    0.1036    0.0001    0.4190    0.2614        0.1234    0.0015 -436.4313
    0.0742    0.3572    0.1221    0.0702    0.0371    0.1026    0.0001    0.4026    0.2387        0.1343    0.0315 -538.8487
    0.0746    0.3527    0.0855    0.0562    0.0373    0.0991    0.0001    0.3687    0.2273        0.1097    0.0162 -539.9205
    0.0845    0.3481    0.1913    0.0895    0.0423    0.0912    0.0001    0.4850    0.2482        0.0793    0.0265 -488.7253
    0.0774    0.3530    0.1404    0.0442    0.0387    0.1129    0.0001    0.4005    0.2164        0.1096    0.0054 -508.8908
    0.0792    0.3568    0.1615    0.0882    0.0396    0.0890    0.0001    0.3760    0.1597        0.1281    0.0012 -473.7323
    0.0814    0.3454    0.1378    0.0228    0.0407    0.0920    0.0001    0.3487    0.2502        0.0958    0.0008 -497.6833
    0.0745    0.3510    0.0215    0.0468    0.0373    0.1148    0.0001    0.3356    0.1687        0.1665   -0.0322 -487.0871
    0.0787    0.3432    0.0218    0.0324    0.0393    0.1024    0.0001    0.3380    0.1979        0.1023   -0.0080 -498.3197
    0.0744    0.3581    0.1257    0.0752    0.0372    0.1019    0.0001    0.3822    0.1972        0.1135    0.0153 -507.0360
    0.0789    0.3512    0.1817    0.0516    0.0395    0.0996    0.0001    0.4045    0.2650        0.1109    0.0338 -513.7401
    0.0677    0.3684    0.0802    0.0895    0.0339    0.1166    0.0001    0.3998    0.2102        0.0890    0.0195 -529.2074
    0.0726    0.3651    0.1877    0.0740    0.0363    0.1189    0.0001    0.4648    0.2663        0.1471   -0.0126 -539.0411
    0.0773    0.3570    0.1713    0.0735    0.0386    0.1031    0.0001    0.4415    0.2339        0.0704    0.0167 -491.7546
    0.0779    0.3547    0.1668    0.0642    0.0390    0.1019    0.0001    0.4307    0.2153        0.1151    0.0276 -494.5205
    0.0804    0.3650    0.2576    0.1079    0.0402    0.1167    0.0001    0.5409    0.1672        0.0695    0.0125 -455.1068
    0.0801    0.3543    0.1800    0.0637    0.0401    0.1098    0.0001    0.4696    0.2265        0.1065    0.0127 -470.9478
    0.0804    0.3550    0.2622    0.0555    0.0402    0.1229    0.0001    0.4482    0.2963        0.0731    0.0318 -506.3231
    0.0767    0.3487    0.1227    0.0355    0.0383    0.1132    0.0001    0.3610    0.2355        0.1034    0.0353 -513.9264
    0.0881    0.3587    0.2496    0.1213    0.0440    0.1264    0.0001    0.5548    0.3926        0.0493    0.0131 -509.9179
    0.0844    0.3457    0.1750    0.0478    0.0422    0.1142    0.0001    0.4545    0.3384        0.0952    0.0177 -525.7636
    0.0794    0.3520    0.0886    0.0385    0.0397    0.1090    0.0001    0.3663    0.2009        0.0991    0.0171 -490.8269
    0.0808    0.3557    0.1492    0.0551    0.0404    0.1085    0.0001    0.4228    0.2539        0.1112    0.0354 -493.1135
    0.0858    0.3557    0.2963    0.0812    0.0429    0.1206    0.0001    0.5084    0.2255        0.0155    0.0081 -454.8974
    0.0801    0.3479    0.1192    0.0460    0.0401    0.1093    0.0001    0.3915    0.2100        0.0759    0.0238 -471.6284
    0.0784    0.3376    0.0100    0.0287    0.0392    0.1055    0.0001    0.3408    0.1399        0.0604    0.0034 -501.5522
    0.0802    0.3385    0.0108    0.0048    0.0401    0.1006    0.0001    0.3308    0.1701        0.0961   -0.0025 -546.0762
    0.0937    0.3440    0.3000    0.0814    0.0468    0.0864    0.0001    0.5458    0.3033        0.1127    0.0304 -470.1492
    0.0863    0.3508    0.2715    0.0608    0.0432    0.1014    0.0001    0.4898    0.3101        0.1495    0.0341 -488.7865
    0.0875    0.3660    0.2995    0.1180    0.0437    0.1114    0.0001    0.5534    0.3134        0.1373    0.0210 -446.2309
    0.0834    0.3413    0.1150    0.0264    0.0417    0.1020    0.0001    0.3433    0.2117        0.0978    0.0145 -464.2883
    0.0797    0.3550    0.1502    0.0968    0.0398    0.1045    0.0001    0.3827    0.1963        0.0634   -0.0001 -464.5827
    0.0836    0.3492    0.2147    0.0396    0.0418    0.1075    0.0001    0.4190    0.2713        0.1187   -0.0001 -490.4176
    0.0712    0.3592    0.1163    0.0719    0.0356    0.1151    0.0001    0.3079    0.1084        0.1110    0.0040 -516.9308
    0.0741    0.3528    0.1297    0.0398    0.0371    0.1127    0.0001    0.3809    0.2120        0.0968   -0.0031 -543.2792
    0.0814    0.3503    0.1803    0.0487    0.0407    0.1131    0.0001    0.3894    0.2486        0.1068    0.0083 -462.3437
    0.0830    0.3395    0.1336    0.0183    0.0415    0.0948    0.0001    0.3392    0.2219        0.0903    0.0099 -464.2106
    0.0877    0.3357    0.1287    0.0812    0.0439    0.0712    0.0001    0.3407    0.2176        0.0768    0.0161 -478.6127
    0.0797    0.3486    0.1461    0.0448    0.0399    0.1071    0.0001    0.3940    0.2553        0.0909    0.0053 -508.9785
    0.0768    0.3574    0.1825    0.0646    0.0384    0.1172    0.0001    0.4329    0.2585        0.0514    0.0045 -502.4695
    0.0753    0.3635    0.2079    0.0753    0.0377    0.1251    0.0001    0.4735    0.2805        0.1235    0.0032 -506.7229
    0.0711    0.3669    0.1385    0.0874    0.0356    0.1154    0.0001    0.4381    0.2058        0.0411    0.0116 -507.2921
    0.0775    0.3442    0.0708    0.0261    0.0388    0.0958    0.0001    0.3513    0.1977        0.0673   -0.0215 -518.4661
    0.0710    0.3604    0.0122    0.0877    0.0355    0.1092    0.0001    0.3739    0.1910        0.0949    0.0136 -576.3843
    0.0778    0.3448    0.0120    0.0488    0.0389    0.0903    0.0001    0.3672    0.1877        0.1030   -0.0180 -589.3878
    0.0880    0.3552    0.3000    0.0839    0.0440    0.1034    0.0001    0.4983    0.2536        0.0471    0.0234 -463.4000
    0.0840    0.3460    0.1869    0.0530    0.0420    0.0883    0.0001    0.4053    0.2662        0.0983    0.0198 -474.3111
    0.0859    0.3634    0.2878    0.1215    0.0429    0.1018    0.0001    0.5468    0.3616        0.0710    0.0049 -517.4834
    0.0823    0.3509    0.2073    0.0330    0.0412    0.1033    0.0001    0.4462    0.2844        0.1224   -0.0028 -537.2730
    0.0785    0.3627    0.2626    0.0858    0.0392    0.1128    0.0001    0.4883    0.3227        0.0539    0.0204 -523.1405
    0.0792    0.3587    0.2296    0.0731    0.0396    0.1088    0.0001    0.4528    0.3407        0.1500   -0.0048 -532.7093
    0.0844    0.3488    0.1774    0.0853    0.0422    0.0943    0.0001    0.3767    0.2834        0.1398   -0.0821 -501.8784
    0.0807    0.3452    0.1506    0.0043    0.0404    0.1084    0.0001    0.3730    0.2530        0.1216   -0.0098 -522.7838
    0.0822    0.3523    0.2095    0.0542    0.0411    0.1008    0.0001    0.4514    0.3499        0.1046    0.0066 -556.3963
    0.0824    0.3481    0.1931    0.0197    0.0412    0.1012    0.0001    0.4215    0.3175        0.1072    0.0105 -558.0624
    0.0803    0.3526    0.1519    0.0573    0.0402    0.1156    0.0001    0.3943    0.2488        0.1060    0.0314 -455.5247
    0.0814    0.3473    0.1293    0.0416    0.0407    0.1091    0.0001    0.3719    0.2334        0.0961   -0.0045 -457.7387
    0.0745    0.3609    0.1232    0.0773    0.0373    0.1103    0.0001    0.3659    0.2519        0.0794   -0.0248 -456.6907
    0.0822    0.3492    0.2036    0.0516    0.0411    0.1064    0.0001    0.3981    0.2749        0.1150   -0.0176 -468.3649
    0.0816    0.3500    0.1252    0.0850    0.0408    0.0950    0.0001    0.3882    0.2594        0.0515    0.0472 -505.6478
    0.0780    0.3534    0.1458    0.0535    0.0390    0.1086    0.0001    0.4093    0.2348        0.1238    0.0126 -526.9803
    0.0770    0.3492    0.1144    0.0506    0.0385    0.1125    0.0001    0.3811    0.2101        0.1037    0.0115 -482.8784
    0.0791    0.3492    0.1479    0.0433    0.0396    0.1086    0.0001    0.4023    0.2426        0.1108   -0.0141 -486.0134
    0.0703    0.3678    0.0948    0.0825    0.0351    0.1108    0.0001    0.3872    0.1946        0.0960    0.0208 -486.4033
    0.0744    0.3617    0.1268    0.0751    0.0372    0.1022    0.0001    0.4158    0.2346        0.0972    0.0022 -490.2571
    0.0697    0.3742    0.1786    0.0857    0.0349    0.1216    0.0001    0.5418    0.2161        0.1615   -0.0147 -532.3834
    0.0734    0.3677    0.1956    0.0721    0.0367    0.1231    0.0001    0.4813    0.2440        0.1272   -0.0151 -545.7257
    0.0845    0.3461    0.1727    0.0524    0.0422    0.0988    0.0001    0.3827    0.2916        0.0634   -0.0110 -449.1284
    0.0806    0.3536    0.1618    0.0670    0.0403    0.1085    0.0001    0.4096    0.2824        0.1074   -0.0052 -452.7836
    0.0768    0.3550    0.1313    0.0828    0.0384    0.1057    0.0001    0.3611    0.1754        0.0247    0.0196 -484.4547
    0.0793    0.3507    0.1500    0.0533    0.0396    0.1060    0.0001    0.4053    0.2578        0.0982   -0.0162 -506.7452
    0.0843    0.3532    0.2375    0.0657    0.0421    0.1103    0.0001    0.4982    0.2629        0.0639    0.0185 -456.6503
    0.0842    0.3466    0.1806    0.0448    0.0421    0.1011    0.0001    0.4339    0.2409        0.1204   -0.0122 -463.4528
    0.0746    0.3704    0.1718    0.1055    0.0373    0.1230    0.0001    0.4028    0.2442        0.0695   -0.0057 -443.5103
    0.0795    0.3527    0.1196    0.0611    0.0398    0.1077    0.0001    0.3791    0.2429        0.1070   -0.0057 -454.0280
    0.0815    0.3575    0.2478    0.0714    0.0408    0.1146    0.0001    0.4836    0.2691        0.1232    0.0218 -515.8510
    0.0799    0.3473    0.1568    0.0254    0.0399    0.1041    0.0001    0.3912    0.2194        0.0814   -0.0040 -521.3281
    0.0816    0.3535    0.2306    0.0393    0.0408    0.1004    0.0001    0.4059    0.2838        0.0953    0.0287 -512.5310
    0.0778    0.3555    0.1587    0.0526    0.0389    0.0964    0.0001    0.3886    0.2690        0.1054   -0.0145 -516.4431
    0.0779    0.3601    0.2014    0.1003    0.0390    0.0970    0.0001    0.5173    0.1508        0.0421    0.0224 -468.9301
    0.0778    0.3452    0.0710    0.0436    0.0389    0.1007    0.0001    0.3864    0.1794        0.0592   -0.0126 -487.3616
    0.0893    0.3314    0.1586    0.0594    0.0447    0.0660    0.0001    0.3696    0.2564        0.1205    0.0041 -497.7329
    0.0797    0.3460    0.1077    0.0086    0.0398    0.1166    0.0001    0.4107    0.2486        0.0803    0.0051 -538.0763
    0.0769    0.3461    0.1201    0.0355    0.0384    0.1015    0.0001    0.3475    0.2144        0.0101    0.0032 -525.0903
    0.0739    0.3535    0.0429    0.0510    0.0369    0.1069    0.0001    0.3780    0.2396        0.0436    0.0137 -534.3079
    0.0815    0.3612    0.3000    0.0792    0.0407    0.1077    0.0001    0.4959    0.3442        0.1087   -0.0037 -516.0426
    0.0747    0.3568    0.1242    0.0547    0.0373    0.1019    0.0001    0.3735    0.2433        0.0946   -0.0041 -521.0752
    0.0784    0.3604    0.2162    0.0959    0.0392    0.1229    0.0001    0.4801    0.2325        0.0383    0.0051 -483.1325
    0.0776    0.3458    0.0666    0.0527    0.0388    0.0990    0.0001    0.3383    0.2325        0.0642    0.0057 -498.6927
    0.0746    0.3485    0.0102    0.0469    0.0373    0.0920    0.0001    0.3151    0.1604        0.0472   -0.0317 -599.8056
    0.0763    0.3444    0.0111    0.0211    0.0382    0.0991    0.0001    0.3389    0.1725        0.0953   -0.0111 -612.0406
    0.0861    0.3544    0.2658    0.0777    0.0430    0.1166    0.0001    0.4932    0.2733        0.1414    0.0518 -419.2160
    0.0814    0.3405    0.0690    0.0229    0.0407    0.1027    0.0001    0.3378    0.1823        0.0811   -0.0005 -429.7114
    0.0814    0.3539    0.2381    0.0791    0.0407    0.1057    0.0001    0.5185    0.2380        0.0592    0.0146 -500.4359
    0.0799    0.3539    0.2187    0.0735    0.0400    0.1033    0.0001    0.4999    0.2526        0.1295   -0.0313 -507.4783
    0.0793    0.3450    0.1567    0.0464    0.0397    0.0837    0.0001    0.3507    0.2579        0.0622    0.0136 -519.8074
    0.0807    0.3444    0.1868    0.0333    0.0404    0.0893    0.0001    0.3651    0.2757        0.0763    0.0403 -521.6937
    0.0798    0.3484    0.1334    0.0356    0.0399    0.1174    0.0001    0.3291    0.2059        0.0774   -0.0024 -426.2646
    0.0831    0.3427    0.1525    0.0002    0.0416    0.1108    0.0001    0.3342    0.2258        0.1056   -0.0034 -428.6471
    0.0777    0.3570    0.1865    0.0798    0.0388    0.0901    0.0001    0.3691    0.1840        0.0586    0.0078 -509.7623
    0.0753    0.3567    0.1167    0.0543    0.0377    0.1012    0.0001    0.3383    0.2493        0.1325    0.0048 -531.7486
    0.0814    0.3568    0.2216    0.1125    0.0407    0.0966    0.0001    0.5010    0.2376        0.0984    0.0119 -493.2370
    0.0778    0.3685    0.2877    0.0946    0.0389    0.1207    0.0001    0.5763    0.3300        0.1440    0.0080 -506.8397
    0.0803    0.3567    0.2463    0.0423    0.0401    0.1261    0.0001    0.4848    0.2361        0.0752    0.0172 -547.3028
    0.0787    0.3638    0.2663    0.0674    0.0393    0.1249    0.0001    0.5409    0.3286        0.1423    0.0006 -556.1804
    0.0831    0.3534    0.2539    0.0842    0.0416    0.1197    0.0001    0.4958    0.3404        0.0720    0.0196 -492.7505
    0.0818    0.3459    0.1864    0.0575    0.0409    0.1095    0.0001    0.4253    0.2924        0.0795    0.0126 -495.2693
    0.0650    0.3826    0.0100    0.0727    0.0325    0.1475    0.0001    0.2919    0.2841        0.1406    0.0075 -533.3938
    0.0796    0.3459    0.0100    0.0395    0.0398    0.0973    0.0001    0.3078    0.2993        0.1533    0.0063 -574.6022
    0.0860    0.3453    0.2025    0.0514    0.0430    0.0933    0.0001    0.4441    0.2788        0.0428    0.0212 -495.3005
    0.0843    0.3444    0.1782    0.0181    0.0422    0.0996    0.0001    0.4178    0.2481        0.0895   -0.0230 -503.4401
    0.0815    0.3503    0.1611    0.0807    0.0407    0.0964    0.0001    0.3506    0.2889        0.0285    0.0383 -507.2467
    0.0741    0.3513    0.0100    0.0505    0.0370    0.1019    0.0001    0.3085    0.3023        0.0867   -0.0009 -649.4874
    0.0812    0.3621    0.2318    0.1012    0.0406    0.1242    0.0001    0.4618    0.2241        0.0734    0.0078 -420.0691
    0.0801    0.3477    0.1349    0.0453    0.0401    0.1081    0.0001    0.3814    0.1879        0.0893   -0.0087 -428.4814
    0.0799    0.3565    0.1966    0.0741    0.0400    0.1179    0.0001    0.4784    0.2976        0.1049    0.0089 -526.1643
    0.0791    0.3450    0.1003    0.0268    0.0395    0.1045    0.0001    0.3785    0.2312        0.0850    0.0317 -532.4631
    0.0745    0.3610    0.1955    0.0769    0.0372    0.1115    0.0001    0.3971    0.2228        0.1169    0.0072 -461.4963
    0.0771    0.3557    0.2030    0.0707    0.0386    0.1042    0.0001    0.3956    0.2158        0.1311    0.0065 -462.1419
    0.0779    0.3550    0.1080    0.0511    0.0389    0.1064    0.0001    0.3647    0.2553        0.1042    0.0245 -499.1932
    0.0759    0.3573    0.0706    0.0578    0.0379    0.1059    0.0001    0.3564    0.2442        0.1095    0.0022 -500.6783
    0.0757    0.3674    0.2258    0.0714    0.0379    0.1276    0.0001    0.4550    0.2874        0.0856   -0.0255 -538.3346
    0.0784    0.3496    0.1446    0.0297    0.0392    0.1021    0.0001    0.3680    0.2586        0.1031   -0.0614 -548.7103
    0.0746    0.3642    0.1197    0.0933    0.0373    0.1076    0.0001    0.3620    0.1905        0.0908   -0.0011 -448.3259
    0.0812    0.3523    0.1659    0.0559    0.0406    0.1051    0.0001    0.4218    0.2301        0.1099   -0.0013 -459.3500
    0.0798    0.3547    0.1969    0.0933    0.0399    0.1156    0.0001    0.4739    0.1528        0.1598   -0.0008 -480.8004
    0.0771    0.3488    0.1089    0.0610    0.0386    0.1085    0.0001    0.4013    0.2150        0.1160   -0.0009 -495.1097
    0.0795    0.3586    0.1451    0.1023    0.0398    0.1061    0.0001    0.3630    0.1785        0.1023    0.0122 -415.9109
    0.0795    0.3545    0.1516    0.0691    0.0397    0.1103    0.0001    0.3953    0.2370        0.0917    0.0106 -429.1346
    0.0825    0.3485    0.1520    0.0425    0.0412    0.1111    0.0001    0.4252    0.2540        0.1133    0.0132 -519.1593
    0.0837    0.3469    0.1637    0.0389    0.0419    0.1087    0.0001    0.4344    0.2593        0.1183    0.0129 -519.3450
    0.0797    0.3663    0.3000    0.0756    0.0398    0.1274    0.0001    0.4279    0.2555        0.0672    0.0065 -435.1850
    0.0820    0.3569    0.2304    0.0613    0.0410    0.1151    0.0001    0.4012    0.3156        0.1379   -0.0012 -448.5054
    0.0806    0.3540    0.2701    0.0826    0.0403    0.1099    0.0001    0.4867    0.1956        0.1193    0.0037 -514.0424
    0.0820    0.3443    0.2150    0.0442    0.0410    0.0979    0.0001    0.4183    0.2593        0.1436    0.0036 -526.3231
    0.0758    0.3604    0.2280    0.0565    0.0379    0.1294    0.0001    0.4642    0.2582        0.1866   -0.0125 -550.3457
    0.0755    0.3545    0.1680    0.0395    0.0378    0.1214    0.0001    0.4034    0.2545        0.1315   -0.0151 -553.0178
    0.0753    0.3588    0.1083    0.0685    0.0376    0.1192    0.0001    0.4230    0.2170        0.0849    0.0105 -504.7947
    0.0780    0.3494    0.0970    0.0577    0.0390    0.1029    0.0001    0.4059    0.2225        0.1127    0.0102 -508.5424
    0.0852    0.3525    0.3000    0.0543    0.0426    0.1071    0.0001    0.4643    0.2778        0.0484    0.0235 -486.7881
    0.0806    0.3553    0.1802    0.0657    0.0403    0.1053    0.0001    0.4505    0.2874        0.0921    0.0085 -498.5124
    0.0754    0.3595    0.1465    0.0806    0.0377    0.0960    0.0001    0.3887    0.1883        0.0597   -0.0033 -524.8804
    0.0797    0.3506    0.1705    0.0612    0.0398    0.0887    0.0001    0.4184    0.2667        0.1350   -0.0034 -540.2111
    0.0774    0.3577    0.1722    0.0847    0.0387    0.1084    0.0001    0.4293    0.3074        0.0861    0.0224 -476.7117
    0.0779    0.3553    0.1770    0.0745    0.0389    0.1112    0.0001    0.4315    0.3086        0.0884    0.0226 -487.9831
    0.0802    0.3655    0.2832    0.0940    0.0401    0.1112    0.0001    0.4654    0.1395        0.0911    0.0040 -472.5623
    0.0839    0.3492    0.1995    0.0445    0.0420    0.0982    0.0001    0.4524    0.2713        0.1055    0.0230 -502.3028
    0.0809    0.3641    0.2469    0.0932    0.0405    0.1186    0.0001    0.5912    0.2371        0.0687    0.0274 -508.2396
    0.0774    0.3600    0.1855    0.0701    0.0387    0.1117    0.0001    0.5024    0.2430        0.0915   -0.0322 -516.0458
    0.0975    0.3367    0.2785    0.0908    0.0487    0.0785    0.0001    0.2474    0.2139        0.0977    0.0137 -415.8089
    0.0786    0.3492    0.1217    0.0565    0.0393    0.0926    0.0001    0.3603    0.2367        0.0476    0.0059 -455.7747
