    0.0759    0.3614    0.1402    0.0561    0.0379    0.1230    0.0001    0.3997    0.1888        0.1300    0.0316 -519.4098
    0.0809    0.3457    0.1357    0.0016    0.0404    0.1007    0.0001    0.4100    0.2197        0.1127   -0.0007 -531.2623
    0.0686    0.3721    0.1440    0.0751    0.0343    0.1219    0.0001    0.3783    0.1960        0.0955   -0.0038 -572.5255
    0.0758    0.3515    0.0905    0.0018    0.0379    0.0974    0.0001    0.3382    0.2341        0.1058   -0.0030 -587.1658
    0.0780    0.3647    0.2382    0.0533    0.0390    0.1269    0.0001    0.4014    0.1625        0.1104    0.0197 -509.7853
    0.0781    0.3581    0.1830    0.0014    0.0390    0.1213    0.0001    0.3964    0.2770        0.0914    0.0168 -530.7677
    0.0811    0.3655    0.2315    0.1182    0.0406    0.0952    0.0001    0.4880    0.2662        0.0859    0.0201 -469.6039
    0.0836    0.3412    0.1525    0.0002    0.0418    0.0875    0.0001    0.3578    0.2445        0.0954    0.0113 -489.2450
    0.0718    0.3648    0.0157    0.0637    0.0359    0.1142    0.0001    0.4809    0.1576        0.1040    0.0100 -622.7505
    0.0767    0.3513    0.0127    0.0003    0.0384    0.1050    0.0001    0.3862    0.1994        0.1128    0.0108 -658.1825
    0.0819    0.3263    0.0165    0.0034    0.0410    0.0430    0.0001    0.2487    0.1679        0.0799   -0.0099 -565.7722
    0.0825    0.3279    0.0170    0.0033    0.0413    0.0460    0.0001    0.2779    0.1752        0.0883   -0.0089 -572.2196
    0.0843    0.3603    0.3000    0.0477    0.0421    0.1108    0.0001    0.5818    0.2332        0.0954    0.0082 -572.6289
    0.0778    0.3491    0.0944    0.0034    0.0389    0.0906    0.0001    0.3677    0.2531        0.0778    0.0059 -598.6494
    0.0783    0.3610    0.2112    0.0046    0.0391    0.1365    0.0001    0.3691    0.2093        0.0436    0.0450 -516.0603
    0.0797    0.3563    0.2018    0.0010    0.0398    0.1192    0.0001    0.4310    0.2590        0.1153    0.0112 -530.4772
    0.0836    0.3522    0.2149    0.0278    0.0418    0.1087    0.0001    0.4689    0.3284        0.1172    0.0055 -570.8093
    0.0817    0.3464    0.1448    0.0067    0.0409    0.0988    0.0001    0.4016    0.2693        0.1083   -0.0182 -574.2063
    0.0734    0.3562    0.1232    0.0037    0.0367    0.1252    0.0001    0.3265    0.2138        0.1126   -0.0001 -574.2761
    0.0771    0.3554    0.1951    0.0044    0.0385    0.1173    0.0001    0.4175    0.2769        0.1372   -0.0002 -579.9467
    0.0769    0.3661    0.2456    0.0723    0.0384    0.1267    0.0001    0.4694    0.2260        0.0803    0.0248 -541.1861
    0.0795    0.3509    0.1775    0.0021    0.0398    0.1071    0.0001    0.3913    0.2408        0.0971    0.0285 -556.7293
    0.0841    0.3534    0.1841    0.1094    0.0421    0.0926    0.0001    0.4186    0.1741        0.0764    0.0079 -469.8856
    0.0788    0.3441    0.0616    0.0173    0.0394    0.0970    0.0001    0.3340    0.1815        0.0776   -0.0082 -506.8408
    0.0815    0.3606    0.2244    0.1053    0.0407    0.0899    0.0001    0.4512    0.2419        0.1090    0.0082 -567.5127
    0.0851    0.3543    0.2644    0.0026    0.0426    0.0977    0.0001    0.4963    0.3422        0.1567    0.0012 -602.3290
    0.0782    0.3659    0.1707    0.0984    0.0391    0.1061    0.0001    0.3822    0.2165        0.0854    0.0241 -534.5664
    0.0804    0.3509    0.1904    0.0039    0.0402    0.1092    0.0001    0.4339    0.2587        0.1338   -0.0341 -576.7028
    0.0810    0.3521    0.2169    0.0602    0.0405    0.1081    0.0001    0.4470    0.1179        0.1108    0.0026 -495.3569
    0.0857    0.3438    0.2171    0.0004    0.0429    0.1030    0.0001    0.4665    0.2519        0.1382    0.0027 -516.2486
    0.0799    0.3533    0.1855    0.0379    0.0400    0.1159    0.0001    0.4213    0.1970        0.1326    0.0066 -518.8655
    0.0810    0.3484    0.1414    0.0175    0.0405    0.1073    0.0001    0.4002    0.2844        0.0804    0.0029 -533.7998
    0.0807    0.3540    0.2118    0.0615    0.0404    0.0929    0.0001    0.4136    0.1739        0.1681    0.0217 -527.1470
    0.0793    0.3459    0.0939    0.0137    0.0397    0.0885    0.0001    0.3317    0.2542        0.0998   -0.0006 -552.2402
    0.0780    0.3517    0.1149    0.0277    0.0390    0.1122    0.0001    0.3596    0.1990        0.0970   -0.0433 -553.6767
    0.0826    0.3506    0.1934    0.0065    0.0413    0.1117    0.0001    0.4165    0.2599        0.1461   -0.0148 -559.8266
    0.0725    0.3567    0.0107    0.0316    0.0363    0.0895    0.0001    0.3536    0.2908        0.0181    0.0141 -635.2833
    0.0768    0.3473    0.0100    0.0033    0.0384    0.1009    0.0001    0.3085    0.3015        0.0727   -0.0102 -690.2035
    0.0809    0.3707    0.2356    0.1243    0.0404    0.1275    0.0001    0.4732    0.3556        0.1043    0.0118 -523.9980
    0.0835    0.3460    0.1576    0.0263    0.0417    0.1014    0.0001    0.3961    0.3258        0.0939   -0.0238 -552.4874
    0.0726    0.3817    0.2995    0.1245    0.0363    0.1215    0.0001    0.5105    0.3426        0.0801   -0.0066 -528.2537
    0.0799    0.3573    0.2243    0.0016    0.0399    0.1147    0.0001    0.4606    0.2837        0.1281   -0.0318 -556.2454
    0.0744    0.3735    0.2441    0.0565    0.0372    0.1403    0.0001    0.4790    0.2526        0.1392   -0.0410 -513.2925
    0.0793    0.3482    0.1185    0.0025    0.0396    0.1006    0.0001    0.3712    0.2017        0.1021   -0.0253 -520.5327
    0.0807    0.3667    0.2508    0.1190    0.0403    0.1071    0.0001    0.5208    0.2682        0.0420   -0.0010 -479.9372
    0.0830    0.3417    0.1364    0.0166    0.0415    0.0920    0.0001    0.3969    0.2406        0.0998   -0.0019 -503.0952
    0.0780    0.3627    0.2091    0.0854    0.0390    0.1074    0.0001    0.5245    0.2674        0.0495    0.0084 -531.7834
    0.0796    0.3471    0.1062    0.0143    0.0398    0.0953    0.0001    0.3996    0.2282        0.1009    0.0150 -545.0831
    0.0761    0.3655    0.1593    0.0795    0.0380    0.1145    0.0001    0.3884    0.2650        0.1012   -0.0009 -512.1537
    0.0797    0.3498    0.1494    0.0297    0.0398    0.1023    0.0001    0.3650    0.2536        0.0753   -0.0014 -518.2371
    0.0778    0.3434    0.0101    0.0629    0.0389    0.1070    0.0001    0.3076    0.3014        0.0866    0.0102 -660.4639
    0.0773    0.3470    0.0100    0.0161    0.0387    0.1026    0.0001    0.3088    0.3032        0.0926   -0.0036 -682.0239
    0.0794    0.3599    0.2404    0.0455    0.0397    0.1086    0.0001    0.4186    0.3705        0.0236    0.0064 -560.0387
    0.0735    0.3560    0.0176    0.0002    0.0367    0.1115    0.0001    0.2770    0.2708        0.0625    0.0013 -592.8204
    0.0748    0.3705    0.2476    0.0819    0.0374    0.1213    0.0001    0.4631    0.1206        0.1128    0.0250 -537.9017
    0.0766    0.3585    0.1551    0.0322    0.0383    0.1126    0.0001    0.4188    0.2510        0.0994    0.0255 -567.8226
    0.0705    0.3651    0.0100    0.0776    0.0353    0.1206    0.0001    0.3062    0.2945        0.0205    0.0951 -642.5869
    0.0782    0.3453    0.0100    0.0301    0.0391    0.0898    0.0001    0.3082    0.3027        0.0854   -0.0222 -678.6411
    0.0826    0.3625    0.2712    0.1068    0.0413    0.1131    0.0001    0.5330    0.4400        0.1192    0.0071 -578.2991
    0.0811    0.3513    0.2250    0.0083    0.0405    0.1101    0.0001    0.4351    0.3385        0.1446   -0.0005 -598.0672
    0.0866    0.3557    0.3000    0.0385    0.0433    0.1035    0.0001    0.4311    0.2145        0.2546   -0.0251 -568.0030
    0.0812    0.3540    0.2236    0.0006    0.0406    0.1032    0.0001    0.4479    0.2780        0.1517   -0.0229 -586.5072
    0.0729    0.3722    0.2271    0.0993    0.0364    0.1134    0.0001    0.5070    0.2152        0.1033    0.0170 -556.9229
    0.0801    0.3519    0.1754    0.0263    0.0401    0.1038    0.0001    0.4285    0.2705        0.0941    0.0154 -576.7430
    0.0822    0.3547    0.2319    0.0620    0.0411    0.1106    0.0001    0.4663    0.2690       -0.0132    0.0067 -529.1898
    0.0811    0.3471    0.1635    0.0008    0.0405    0.1031    0.0001    0.4061    0.2551        0.0644   -0.0095 -545.4315
    0.0821    0.3557    0.2961    0.0542    0.0410    0.1061    0.0001    0.4636    0.2918        0.0232    0.0003 -514.3072
    0.0798    0.3533    0.2351    0.0354    0.0399    0.1041    0.0001    0.4323    0.2459        0.0906    0.0008 -519.5359
    0.0786    0.3411    0.0767    0.0389    0.0393    0.0704    0.0001    0.3316    0.2190        0.0063    0.0127 -568.0743
    0.0826    0.3531    0.2441    0.0027    0.0413    0.1163    0.0001    0.4863    0.3568        0.0588   -0.0253 -588.6418
    0.0769    0.3665    0.2676    0.0976    0.0384    0.1028    0.0001    0.4957    0.2982        0.0030    0.0237 -509.2017
    0.0768    0.3457    0.1048    0.0003    0.0384    0.0911    0.0001    0.3446    0.1890        0.0166    0.0174 -520.1741
    0.0764    0.3537    0.1005    0.0446    0.0382    0.1109    0.0001    0.3433    0.2096        0.0703    0.0250 -518.7836
    0.0794    0.3478    0.1176    0.0020    0.0397    0.1018    0.0001    0.3667    0.2255        0.0918   -0.0294 -527.6870
    0.0749    0.3648    0.2015    0.0946    0.0374    0.1186    0.0001    0.4254    0.1740        0.0491   -0.0057 -523.5564
    0.0775    0.3498    0.1396    0.0034    0.0387    0.1052    0.0001    0.3941    0.2240        0.0661   -0.0332 -553.3737
    0.0876    0.3451    0.2057    0.0852    0.0438    0.0711    0.0001    0.4300    0.1366        0.0864    0.0023 -488.1037
    0.0807    0.3542    0.2046    0.0014    0.0403    0.1173    0.0001    0.4305    0.2446        0.1048    0.0019 -527.9225
    0.0729    0.3612    0.1557    0.0441    0.0365    0.1324    0.0001    0.4027    0.2326        0.0891    0.0215 -557.2398
    0.0779    0.3497    0.1362    0.0003    0.0389    0.1141    0.0001    0.3870    0.2741        0.1088   -0.0052 -567.2401
    0.0862    0.3565    0.2987    0.0370    0.0431    0.1161    0.0001    0.4161    0.3184        0.0674    0.0051 -494.3365
    0.0797    0.3463    0.1144    0.0055    0.0398    0.0932    0.0001    0.3280    0.2330        0.0487    0.0102 -503.7664
    0.0732    0.3368    0.0134    0.0525    0.0366    0.0584    0.0001    0.4097    0.2252        0.1175    0.0000 -572.3537
    0.0757    0.3517    0.0123    0.0322    0.0378    0.1016    0.0001    0.3769    0.1915        0.1071    0.0000 -646.1047
    0.0660    0.3794    0.1311    0.1009    0.0330    0.1229    0.0001    0.4491    0.1668        0.1330    0.0082 -547.9129
    0.0737    0.3612    0.1128    0.0503    0.0369    0.1127    0.0001    0.4183    0.2374        0.1159    0.0141 -565.2231
    0.0776    0.3534    0.1223    0.0476    0.0388    0.1156    0.0001    0.3797    0.2420        0.0856   -0.0047 -517.5732
    0.0847    0.3506    0.2352    0.0207    0.0424    0.1130    0.0001    0.4942    0.2909        0.1147    0.0339 -524.4155
    0.0775    0.3660    0.1977    0.0809    0.0387    0.1103    0.0001    0.4650    0.2526        0.1796    0.0162 -495.4632
    0.0799    0.3557    0.1754    0.0456    0.0400    0.1061    0.0001    0.4088    0.2186        0.1542    0.0213 -497.4130
    0.0839    0.3576    0.2869    0.0582    0.0419    0.1128    0.0001    0.4946    0.3702       -0.0100    0.0755 -528.2976
    0.0791    0.3551    0.1798    0.0021    0.0395    0.1215    0.0001    0.4067    0.2913        0.0081    0.0030 -538.7506
    0.0710    0.3777    0.2253    0.0955    0.0355    0.1219    0.0001    0.4506    0.1450        0.1158    0.0104 -540.1931
    0.0768    0.3540    0.1353    0.0029    0.0384    0.0930    0.0001    0.3700    0.2085        0.0957    0.0187 -570.9511
    0.0883    0.3518    0.2945    0.0474    0.0441    0.0978    0.0001    0.5421    0.3029        0.0493   -0.0120 -525.3115
    0.0823    0.3447    0.1329    0.0075    0.0411    0.0924    0.0001    0.4062    0.2285        0.1074    0.0147 -539.5517
    0.0798    0.3704    0.3000    0.0806    0.0399    0.1269    0.0001    0.5240    0.2569        0.0994    0.0217 -498.2498
    0.0824    0.3534    0.1940    0.0311    0.0412    0.1092    0.0001    0.4193    0.2688        0.1031   -0.0196 -511.1519
    0.0743    0.3745    0.2275    0.1001    0.0372    0.1169    0.0001    0.5528    0.3268        0.1012    0.0005 -546.8079
    0.0800    0.3513    0.1623    0.0004    0.0400    0.0993    0.0001    0.4431    0.2428        0.0590    0.0005 -559.8480
    0.0770    0.3526    0.1717    0.0150    0.0385    0.1077    0.0001    0.4262    0.1822        0.1021    0.0402 -556.5104
    0.0814    0.3545    0.2201    0.0096    0.0407    0.1078    0.0001    0.4462    0.2941        0.1277   -0.0178 -570.1149
    0.0840    0.3340    0.0939    0.0532    0.0420    0.0666    0.0001    0.3370    0.3014        0.0647    0.0206 -532.1109
    0.0769    0.3488    0.1135    0.0089    0.0384    0.1057    0.0001    0.4131    0.2398        0.0468    0.0149 -568.3874
    0.0919    0.3434    0.2506    0.0873    0.0460    0.0764    0.0001    0.4500    0.1368        0.0658    0.0166 -499.6930
    0.0788    0.3493    0.1341    0.0042    0.0394    0.1090    0.0001    0.3949    0.2505        0.0602    0.0190 -557.4759
    0.0873    0.3451    0.2923    0.0066    0.0436    0.1073    0.0001    0.4175    0.2961        0.0770    0.0241 -511.7783
    0.0848    0.3482    0.2448    0.0072    0.0424    0.0972    0.0001    0.4671    0.2808        0.0813    0.0248 -518.9134
    0.0909    0.3431    0.1804    0.0956    0.0455    0.0686    0.0001    0.3151    0.1563        0.0959    0.0097 -456.3064
    0.0830    0.3471    0.1605    0.0056    0.0415    0.0965    0.0001    0.3483    0.2952        0.0990    0.0245 -516.9387
    0.0805    0.3585    0.2272    0.0587    0.0403    0.1021    0.0001    0.4716    0.2392        0.0974    0.0056 -497.8163
    0.0843    0.3465    0.2029    0.0044    0.0421    0.0908    0.0001    0.4208    0.2535        0.1079    0.0087 -504.0403
    0.0778    0.3615    0.1873    0.0527    0.0389    0.1190    0.0001    0.4282    0.2298        0.1232    0.0059 -515.2896
    0.0844    0.3520    0.2445    0.0041    0.0422    0.1092    0.0001    0.4740    0.2926        0.1121    0.0356 -523.9809
    0.0801    0.3528    0.1685    0.0451    0.0401    0.1236    0.0001    0.4335    0.2133        0.0986    0.0183 -530.7691
    0.0807    0.3491    0.1528    0.0401    0.0403    0.0967    0.0001    0.4079    0.2796        0.0776    0.0192 -545.0908
    0.0860    0.3592    0.2997    0.0751    0.0430    0.1190    0.0001    0.4940    0.4111        0.1013    0.0277 -507.8828
    0.0784    0.3470    0.0624    0.0067    0.0392    0.1036    0.0001    0.3146    0.2437        0.0836    0.0006 -521.0199
    0.0807    0.3614    0.2505    0.0754    0.0404    0.1061    0.0001    0.4581    0.1211        0.0606    0.0093 -516.5338
    0.0831    0.3531    0.2318    0.0003    0.0416    0.1064    0.0001    0.4466    0.3048        0.1210    0.0121 -556.4151
    0.0857    0.3484    0.2318    0.0104    0.0429    0.0991    0.0001    0.4624    0.2321        0.1118    0.0510 -527.2305
    0.0809    0.3483    0.1417    0.0287    0.0405    0.0930    0.0001    0.4006    0.2080        0.1166   -0.0277 -536.9347
    0.0783    0.3559    0.1490    0.0501    0.0392    0.1113    0.0001    0.4276    0.2881        0.0876    0.0089 -571.9178
    0.0829    0.3542    0.2126    0.0398    0.0415    0.1114    0.0001    0.4683    0.3399        0.1799   -0.0139 -580.2210
    0.0830    0.3582    0.2959    0.0495    0.0415    0.1221    0.0001    0.4889    0.3828        0.1714   -0.0025 -541.6786
    0.0836    0.3463    0.1912    0.0048    0.0418    0.1075    0.0001    0.4130    0.2891        0.1580    0.0271 -549.7887
    0.0779    0.3613    0.1949    0.0650    0.0390    0.1233    0.0001    0.4218    0.2563        0.0473    0.0177 -493.2265
    0.0852    0.3455    0.2012    0.0081    0.0426    0.1124    0.0001    0.4543    0.2756        0.0823    0.0243 -509.6751
    0.0791    0.3524    0.1556    0.0212    0.0396    0.1079    0.0001    0.4003    0.2561        0.1067    0.0243 -538.4074
    0.0780    0.3490    0.0839    0.0073    0.0390    0.1020    0.0001    0.3461    0.2359        0.0709   -0.0047 -541.9999
    0.0776    0.3520    0.1151    0.0300    0.0388    0.1027    0.0001    0.4016    0.2341        0.0890    0.0197 -576.9829
    0.0828    0.3506    0.2026    0.0024    0.0414    0.1043    0.0001    0.4656    0.3013        0.1351   -0.0001 -582.3154
    0.0731    0.3733    0.2024    0.1054    0.0366    0.1200    0.0001    0.4213    0.2198        0.1650    0.0041 -555.3986
    0.0794    0.3537    0.1842    0.0276    0.0397    0.1041    0.0001    0.4216    0.2958        0.1280    0.0032 -583.6130
    0.0799    0.3585    0.1875    0.0596    0.0399    0.1213    0.0001    0.4267    0.2933        0.0263    0.0035 -529.5145
    0.0839    0.3511    0.2101    0.0005    0.0420    0.1155    0.0001    0.4335    0.3271        0.1150   -0.0033 -538.4321
    0.0806    0.3616    0.2717    0.0796    0.0403    0.1060    0.0001    0.5203    0.2966        0.0715    0.0164 -509.2746
    0.0831    0.3557    0.2934    0.0002    0.0415    0.1136    0.0001    0.4673    0.3031        0.1026    0.0205 -530.0059
    0.0785    0.3606    0.1446    0.0930    0.0392    0.1140    0.0001    0.3659    0.2885        0.0620   -0.0013 -471.9413
    0.0810    0.3404    0.0907    0.0005    0.0405    0.1006    0.0001    0.3176    0.2371        0.0634    0.0067 -493.0297
    0.0820    0.3681    0.3000    0.0961    0.0410    0.1267    0.0001    0.5667    0.1571        0.0984    0.0122 -513.1113
    0.0820    0.3581    0.2940    0.0302    0.0410    0.1135    0.0001    0.4825    0.3147        0.0908    0.0131 -542.1245
    0.0693    0.3842    0.2637    0.0839    0.0347    0.1444    0.0001    0.5247    0.2471        0.1280   -0.0246 -545.6147
    0.0776    0.3547    0.1504    0.0017    0.0388    0.1100    0.0001    0.3963    0.2519        0.0986   -0.0102 -557.7177
    0.0869    0.3523    0.2890    0.0397    0.0434    0.1100    0.0001    0.5400    0.2902        0.0134   -0.0058 -503.8409
    0.0823    0.3485    0.1839    0.0008    0.0412    0.1075    0.0001    0.4362    0.2500        0.0749    0.0341 -513.5489
    0.0740    0.3455    0.0100    0.0321    0.0370    0.0926    0.0001    0.2849    0.1078        0.0956    0.0122 -606.6272
    0.0761    0.3504    0.0121    0.0145    0.0381    0.1045    0.0001    0.3690    0.1900        0.1056   -0.0140 -662.3918
    0.0821    0.3614    0.2671    0.1077    0.0410    0.0872    0.0001    0.4285    0.1577        0.0703    0.0168 -465.9431
    0.0784    0.3466    0.1252    0.0064    0.0392    0.0958    0.0001    0.3374    0.1982        0.0645   -0.0289 -501.1624
    0.0714    0.3642    0.1102    0.0616    0.0357    0.1233    0.0001    0.3670    0.2515        0.0632    0.0093 -582.0615
    0.0791    0.3517    0.1777    0.0008    0.0396    0.1081    0.0001    0.4047    0.2973        0.1172    0.0057 -596.7679
    0.0746    0.3573    0.1428    0.0622    0.0373    0.1081    0.0001    0.3794    0.1220        0.0710    0.0225 -530.4279
    0.0808    0.3512    0.2029    0.0351    0.0404    0.1013    0.0001    0.4697    0.2064        0.1327    0.0104 -547.2391
    0.0845    0.3418    0.1466    0.0032    0.0422    0.0799    0.0001    0.4000    0.2396        0.1021    0.0251 -501.9004
    0.0794    0.3493    0.1210    0.0092    0.0397    0.1005    0.0001    0.3931    0.1820        0.0935   -0.0233 -513.8488
    0.0805    0.3582    0.2265    0.0567    0.0403    0.0981    0.0001    0.4701    0.2731        0.0784    0.0336 -527.5627
    0.0800    0.3533    0.1772    0.0345    0.0400    0.0951    0.0001    0.4144    0.2347        0.0965   -0.0041 -530.7259
    0.0813    0.3630    0.2660    0.1054    0.0406    0.0979    0.0001    0.4969    0.1611        0.0448    0.0105 -506.7545
    0.0844    0.3501    0.2459    0.0036    0.0422    0.1034    0.0001    0.4650    0.3309        0.0987    0.0315 -549.6751
    0.0806    0.3541    0.1049    0.0739    0.0403    0.0946    0.0001    0.3399    0.1635        0.1474    0.0062 -489.7397
    0.0825    0.3569    0.2358    0.0003    0.0413    0.1190    0.0001    0.5267    0.2707        0.0695    0.0081 -539.6715
    0.0723    0.3751    0.2316    0.0746    0.0361    0.1240    0.0001    0.4720    0.2437        0.1635   -0.0066 -532.7093
    0.0804    0.3571    0.2417    0.0212    0.0402    0.1086    0.0001    0.4400    0.2666        0.1187   -0.0037 -541.4037
    0.0871    0.3609    0.2595    0.1089    0.0435    0.0970    0.0001    0.5477    0.2131        0.0053    0.0124 -505.9100
    0.0821    0.3565    0.2162    0.0028    0.0410    0.1104    0.0001    0.4875    0.2743        0.0634    0.0073 -538.1727
    0.0774    0.3628    0.2443    0.0612    0.0387    0.1055    0.0001    0.4972    0.3319        0.0023    0.0453 -593.1997
    0.0759    0.3548    0.1289    0.0002    0.0379    0.1058    0.0001    0.4110    0.2557        0.0744   -0.0040 -607.2448
    0.0762    0.3524    0.0100    0.0565    0.0381    0.0798    0.0001    0.3506    0.2661        0.0373   -0.0118 -623.5543
    0.0751    0.3548    0.0100    0.0092    0.0376    0.1069    0.0001    0.3110    0.3014        0.0853   -0.0118 -707.7207
    0.0812    0.3530    0.2306    0.0667    0.0406    0.0930    0.0001    0.3350    0.1189        0.1425    0.0041 -482.9403
    0.0797    0.3471    0.1366    0.0241    0.0399    0.0934    0.0001    0.3660    0.2110        0.1096    0.0026 -508.2186
    0.0719    0.3604    0.0875    0.0795    0.0359    0.0993    0.0001    0.3422    0.2059        0.0386   -0.0133 -537.9862
    0.0801    0.3483    0.1820    0.0004    0.0401    0.1030    0.0001    0.3926    0.2825        0.1147   -0.0092 -563.5566
    0.0819    0.3691    0.2999    0.0738    0.0410    0.1395    0.0001    0.5155    0.3048        0.0920    0.0074 -516.5933
    0.0830    0.3509    0.1829    0.0004    0.0415    0.1117    0.0001    0.4053    0.2707        0.1272    0.0079 -531.4475
    0.0773    0.3633    0.2062    0.0555    0.0387    0.1239    0.0001    0.4464    0.2916        0.0026   -0.0081 -534.7187
    0.0832    0.3576    0.2544    0.0008    0.0416    0.1198    0.0001    0.5055    0.3202        0.0629   -0.0141 -545.8487
    0.0760    0.3608    0.2101    0.0605    0.0380    0.1142    0.0001    0.4324    0.2463       -0.0008    0.0055 -572.7312
    0.0742    0.3540    0.0973    0.0222    0.0371    0.1101    0.0001    0.3819    0.2378        0.0049   -0.0268 -580.9936
    0.0861    0.3578    0.2745    0.1053    0.0431    0.1052    0.0001    0.4453    0.2691        0.0161    0.0294 -495.4603
    0.0822    0.3462    0.1676    0.0008    0.0411    0.1005    0.0001    0.3918    0.2600        0.1170   -0.0164 -537.0544
    0.0817    0.3642    0.2201    0.1052    0.0409    0.1157    0.0001    0.5654    0.3022        0.1565   -0.0051 -527.5453
    0.0779    0.3483    0.0711    0.0050    0.0389    0.1052    0.0001    0.3588    0.2123        0.1175   -0.0132 -546.5418
    0.0730    0.3644    0.1510    0.0454    0.0365    0.1231    0.0001    0.3623    0.2495        0.0982   -0.0021 -558.7854
    0.0790    0.3514    0.1597    0.0004    0.0395    0.1033    0.0001    0.3572    0.2914        0.1107   -0.0023 -566.7762
    0.0769    0.3520    0.0883    0.0353    0.0384    0.1075    0.0001    0.3312    0.2053        0.0508    0.0018 -482.7784
    0.0810    0.3555    0.2051    0.0384    0.0405    0.1146    0.0001    0.4397    0.2690        0.1131    0.0005 -488.7728
    0.0791    0.3576    0.1625    0.0796    0.0396    0.1014    0.0001    0.4242    0.2657        0.1080    0.0258 -516.4460
    0.0800    0.3447    0.1255    0.0112    0.0400    0.0919    0.0001    0.3734    0.2135        0.0837   -0.0111 -527.2146
    0.0717    0.3695    0.1736    0.0900    0.0359    0.1178    0.0001    0.4090    0.1978        0.0661    0.0220 -513.9004
    0.0783    0.3515    0.1142    0.0010    0.0392    0.1061    0.0001    0.3627    0.2545        0.0696    0.0011 -540.3601
    0.0775    0.3645    0.2044    0.0582    0.0387    0.1128    0.0001    0.4826    0.3229        0.0932    0.0125 -602.3152
    0.0769    0.3547    0.1138    0.0002    0.0385    0.1030    0.0001    0.3916    0.2410        0.1016    0.0215 -609.0159
    0.0811    0.3522    0.1734    0.0360    0.0406    0.1081    0.0001    0.4443    0.2956        0.1390   -0.0070 -568.1569
    0.0799    0.3514    0.1477    0.0339    0.0399    0.1067    0.0001    0.4214    0.2915        0.1123   -0.0080 -568.8897
    0.0840    0.3550    0.2944    0.0017    0.0420    0.1096    0.0001    0.5293    0.2406        0.1209    0.0472 -566.5593
    0.0792    0.3495    0.1520    0.0058    0.0396    0.0948    0.0001    0.4293    0.2136        0.0876   -0.0319 -577.0994
