    0.1245    0.3673    0.0132    0.0486    0.0623    0.0600    0.0001    0.4042    0.6023       -2.8374
    0.0975    0.4257    0.0171    0.2030    0.0488    0.0302    0.0001    0.5039    1.4472       -4.4816
    0.0922    0.3898    0.0132    0.0002    0.0461    0.2028    0.0001    0.4267    0.8672       -4.8163
    0.0931    0.4550    0.3000    0.0013    0.0465    0.2180    0.0001    9.3571   -2.5324      -12.9405
    0.1420    0.3653    0.0408    0.0007    0.0710    0.0300    0.0001    0.3643   -0.1452        0.3991
    0.1419    0.3654    0.0408    0.0002    0.0710    0.0300    0.0001    0.3640   -0.1821        0.3991
    0.0699    0.4352    0.2815    0.1440    0.0349    0.0922    0.0001   -0.8535    0.0839      -11.5442
    0.0670    0.4352    0.2704    0.1380    0.0335    0.0922    0.0001   -0.7786    0.0833      -11.5715
    0.1614    0.5342    0.0103    0.2886    0.0807    0.0891    0.0001    0.3235    0.4433        3.3135
    0.1864    0.5337    0.0114    0.3938    0.0932    0.0300    0.0001    0.3546    0.3704        1.6038
    0.2003    0.3703    0.0688    0.4236    0.1002    0.0301    0.0001    0.8388    0.4283       -1.9454
    0.1630    0.3643    0.0509    0.3436    0.0815    0.0300    0.0001    0.7824    0.3825       -2.0284
    0.0703    0.4054    0.1219    0.1869    0.0352    0.0362    0.0001    0.3796    0.4511       -5.7894
    0.0852    0.4029    0.0212    0.2220    0.0426    0.0363    0.0001    0.6493    0.6342       -8.0601
    0.1066    0.3291    0.0134    0.1437    0.0533    0.0312    0.0001    0.4120    0.2652       -3.6378
    0.1115    0.3481    0.0174    0.2332    0.0558    0.0417    0.0001    0.5206    1.9583       -4.9340
    0.1775    0.2946    0.0101    0.0002    0.0888    0.0300    0.0001    0.3093   -1.4252        2.3580
    0.1775    0.2947    0.0101    0.0002    0.0887    0.0300    0.0001    0.3095   -1.4066        2.3580
    0.0972    0.5442    0.3000    0.0002    0.0486    0.2118    0.0001    2.0804    0.6479       -6.5814
    0.0886    0.5490    0.3000    0.0002    0.0443    0.2084    0.0001    3.0820    0.5850       -7.0287
    0.1827    0.4308    0.2990    0.0155    0.0914    0.0300    0.0001   -0.6082    0.3142       -0.5773
    0.1332    0.4339    0.1009    0.0002    0.0666    0.0300    0.0001   -0.3538   -0.1850       -0.7525
    0.1510    0.3849    0.0112    0.0025    0.0755    0.0493    0.0001    0.3428    0.2507       -0.7019
    0.1461    0.3914    0.0113    0.0002    0.0731    0.0300    0.0001    0.3456    0.2016       -0.7505
    0.1541    0.3446    0.0100    0.0388    0.0770    0.0300    0.0001    0.3017   -0.5073        1.8488
    0.1493    0.4251    0.0101    0.3143    0.0747    0.0330    0.0001    0.3031   -0.4532       -0.0162
    0.1462    0.5306    0.1438    0.3079    0.0731    0.1299    0.0001    0.3275   -0.0339        1.8564
    0.1422    0.5481    0.1503    0.2992    0.0711    0.1319    0.0001    0.3268   -0.0338        2.1390
    0.1593    0.3453    0.2513    0.0664    0.0797    0.0301    0.0001   -0.4416    0.3058        0.4591
    0.1404    0.3974    0.0164    0.2390    0.0702    0.0300    0.0001   -0.5036   -0.8439       -2.1862
    0.2373    0.2640    0.0148    0.0865    0.1187    0.0861    0.0001    0.4348    0.2305        3.9245
    0.2271    0.2472    0.0134    0.0002    0.1136    0.0300    0.0001    0.4103    0.3471        3.6428
    0.0892    0.5451    0.0864    0.1975    0.0446    0.4488    0.0001   -0.7132    0.3840       -4.1579
    0.0899    0.5152    0.0890    0.1984    0.0450    0.4488    0.0001   -0.6981    0.3798       -4.0192
    0.1399    0.3678    0.0160    0.0002    0.0700    0.0381    0.0001    0.2495    0.1276        1.8407
    0.1430    0.3609    0.0152    0.0002    0.0715    0.0300    0.0001    0.2359    0.1159        1.8074
    0.1263    0.4088    0.2989    0.2655    0.0632    0.0412    0.0001   -0.7137   -0.1423       -4.1550
    0.1377    0.4115    0.2935    0.2891    0.0688    0.0414    0.0001   -0.6512   -0.1392       -4.4146
    0.1073    0.4163    0.1461    0.1218    0.0537    0.1979    0.0001    0.4671    0.1538       -1.1675
    0.0977    0.4159    0.0129    0.1009    0.0489    0.1958    0.0001    0.3946    0.2465       -2.3226
    0.0653    0.4405    0.0210    0.1350    0.0326    0.1382    0.0001    0.5552    0.2015       -8.9239
    0.0706    0.4405    0.0259    0.1449    0.0353    0.1382    0.0001    0.7489    0.3896       -9.6247
    0.2062    0.3636    0.0791    0.3187    0.1031    0.0762    0.0001    0.6418    0.4441        2.2395
    0.1689    0.4108    0.0767    0.3561    0.0844    0.0707    0.0001    0.6640    0.4786        0.9394
    0.2358    0.4612    0.2999    0.0013    0.1179    0.2064    0.0001    2.5919    0.1460        0.1948
    0.2387    0.4615    0.2999    0.0013    0.1193    0.2078    0.0001    2.6233    0.1478       -0.8468
    0.0756    0.4118    0.0452    0.1553    0.0378    0.1155    0.0001    0.6874    0.1763       -7.3689
    0.0714    0.4135    0.0794    0.1471    0.0357    0.1197    0.0001    1.1963    0.3088       -8.5750
    0.1624    0.4465    0.0469    0.1397    0.0812    0.0858    0.0001    1.4430    0.2396       -4.7625
    0.1431    0.4798    0.1198    0.0807    0.0716    0.1037    0.0001    3.6798    0.5992       -5.6103
    0.1260    0.4506    0.0127    0.0164    0.0630    0.2439    0.0001    1.0140    0.3094       -4.6308
    0.1106    0.5028    0.0638    0.1630    0.0553    0.2239    0.0001    4.9579   -0.2876      -29.7627
    0.2384    0.3740    0.2099    0.0051    0.1192    0.0308    0.0001    0.5671   -0.4077        3.0955
    0.2400    0.3727    0.2100    0.0002    0.1200    0.0300    0.0001    0.5674   -1.1929        3.0934
    0.0711    0.4832    0.2989    0.1466    0.0355    0.2503    0.0001   -1.0923    0.1549       -5.0327
    0.1066    0.4820    0.2986    0.2229    0.0533    0.2539    0.0001   -1.8865    0.3174       -3.3471
    0.0932    0.4460    0.1532    0.0029    0.0466    0.2110    0.0001    0.4065    0.4763       -2.6901
    0.0993    0.4477    0.2405    0.0025    0.0497    0.2117    0.0001    0.4956    0.5409       -2.7098
    0.1120    0.4389    0.3000    0.1747    0.0560    0.0348    0.0001   -0.5333    1.0319       -3.8251
    0.1017    0.4613    0.2121    0.2119    0.0509    0.0402    0.0001   -0.5647    1.2545       -6.5412
    0.2400    0.3782    0.2754    0.0075    0.1200    0.0300    0.0001    0.8752    0.6427        0.8810
    0.2400    0.3783    0.2747    0.0002    0.1200    0.0300    0.0001    0.8716    0.8083        0.8797
    0.1441    0.3111    0.1250    0.0004    0.0720    0.0300    0.0001    0.4033    0.3919       -0.8039
    0.1441    0.3111    0.1248    0.0002    0.0720    0.0300    0.0001    0.4030    0.3645       -0.8039
    0.2400    0.6396    0.3000    1.2508    0.1200    0.4462    0.0001   -2.6654   -1.7191     -292.2430
    0.2352    0.6335    0.2982    1.2500    0.1176    0.4401    0.0001   -2.7463   -1.7343     -328.6462
    0.1254    0.3659    0.1972    0.0608    0.0627    0.0305    0.0001    0.3313    0.2477       -1.1544
    0.1144    0.3641    0.1177    0.0002    0.0572    0.0300    0.0001    0.2693    1.4772       -1.2361
    0.1217    0.3575    0.0100    0.0004    0.0608    0.0300    0.0001    0.3001    0.5894       -1.0392
    0.1217    0.3576    0.0100    0.0002    0.0608    0.0300    0.0001    0.3001    0.6272       -1.0392
    0.0650    0.4953    0.0196    0.1329    0.0325    0.3035    0.0001    0.3147    0.6543       -3.2377
    0.0650    0.4934    0.0200    0.1336    0.0325    0.3178    0.0001    0.3118    0.6409       -6.5624
    0.0847    0.4169    0.0100    0.0002    0.0424    0.1605    0.0001    0.3109    0.1351       -5.0453
    0.0866    0.4192    0.0140    0.0002    0.0433    0.1645    0.0001    0.4306    0.1551       -5.2463
    0.1002    0.3744    0.1193    0.2089    0.0501    0.1453    0.0001    0.4142    0.0998       -1.2821
    0.1377    0.3739    0.1150    0.2893    0.0688    0.1430    0.0001    0.4696    0.1015       -1.6708
    0.1099    0.3815    0.0101    0.0275    0.0549    0.0349    0.0001   -0.3132   10.2767       -3.5900
    0.1030    0.3915    0.0101    0.0002    0.0515    0.0300    0.0001   -0.3099   28.7975       -3.6955
    0.2076    0.3135    0.0129    0.0061    0.1038    0.0302    0.0001    0.3973    1.1249        2.8959
    0.2015    0.3207    0.0125    0.0002    0.1008    0.0300    0.0001    0.3825    1.1698        2.8761
    0.2247    0.3380    0.2977    0.0390    0.1124    0.0335    0.0001    0.7025    0.4305        1.4390
    0.2302    0.3371    0.3000    0.0002    0.1151    0.0300    0.0001    0.7083    0.5648        1.4026
    0.1161    0.3840    0.0184    0.0589    0.0581    0.0300    0.0001    0.2869    0.2034       -1.0567
    0.1163    0.3807    0.0185    0.0002    0.0582    0.0300    0.0001    0.2887    0.2366       -1.1451
    0.2400    0.6400    0.3000    1.1343    0.1200    0.4500    0.0001   -2.5976   -2.5515     -358.8667
    0.2398    0.6323    0.2998    1.1557    0.1199    0.4486    0.0001   -2.6746   -2.6084     -378.3542
    0.1357    0.3740    0.0121    0.1214    0.0678    0.1239    0.0001    0.3702    0.2484        0.3613
    0.1386    0.4385    0.0171    0.2912    0.0693    0.0405    0.0001    0.5165    0.3680       -3.6878
    0.1015    0.3817    0.0370    0.0085    0.0507    0.0334    0.0001    0.2745    0.1275       -2.5607
    0.1021    0.3828    0.0318    0.0002    0.0510    0.0300    0.0001    0.2803    0.0695       -2.5960
    0.0994    0.4671    0.2986    0.0771    0.0497    0.1633    0.0001   -1.4929    0.0373       -4.8010
    0.2018    0.4800    0.3000    0.4183    0.1009    0.1587    0.0001   -6.5180   -0.1663     -386.2920
    0.2046    0.4176    0.0100    0.0066    0.1023    0.3452    0.0001    0.8030    0.2367       -0.2206
    0.2315    0.5072    0.0616    0.0175    0.1158    0.3425    0.0001    5.0452    1.2961      -39.2287
    0.1288    0.3862    0.0100    0.0002    0.0644    0.0300    0.0001    0.3048    0.0160       -0.8867
    0.1288    0.3862    0.0100    0.0002    0.0644    0.0300    0.0001    0.3048    0.0157       -0.8867
    0.0970    0.4291    0.0100    0.0177    0.0485    0.2125    0.0001    0.7924   -0.0748       -5.5819
    0.0678    0.4782    0.0164    0.1399    0.0339    0.1460    0.0001    1.2214   -0.3439       -9.2198
    0.2395    0.4597    0.3000    0.0827    0.1198    0.2156    0.0001   -2.6104    0.1038      -20.6608
    0.2364    0.4506    0.2991    0.0850    0.1182    0.2167    0.0001   -2.6246    0.1043      -12.8912
    0.1836    0.3945    0.1820    0.0015    0.0918    0.0300    0.0001    0.4758    0.2399        0.8872
    0.1759    0.3974    0.1632    0.0002    0.0880    0.0300    0.0001    0.4454    0.9120        0.8811
    0.0958    0.4705    0.0197    0.1993    0.0479    0.1006    0.0001    0.6057    0.1882       -3.3916
    0.1182    0.4912    0.0213    0.2473    0.0591    0.1024    0.0001    0.6729    0.1795       -4.4479
    0.2395    0.6305    0.2999    0.7554    0.1197    0.4486    0.0001    2.4349    0.6032     -144.8214
    0.2400    0.6279    0.2991    0.7523    0.1200    0.4468    0.0001    2.4251    0.6008     -140.5956
    0.1301    0.5144    0.3000    0.0002    0.0651    0.1601    0.0001   -3.1201    0.4009       -4.6156
    0.1251    0.5187    0.2999    0.0002    0.0625    0.1600    0.0001   -4.6110    0.2258       -5.0727
    0.1538    0.4850    0.2943    0.3351    0.0769    0.2260    0.0001   -0.1877    0.2279       -0.3567
    0.1257    0.4849    0.2533    0.2751    0.0628    0.2261    0.0001   -0.1731    0.0246       -0.4332
    0.2044    0.4243    0.3000    0.0002    0.1022    0.0300    0.0001   -0.7330   -0.1000       -1.1239
    0.1533    0.4278    0.1550    0.0002    0.0767    0.0300    0.0001   -0.4958    0.1265       -1.2481
    0.0687    0.4450    0.1505    0.1528    0.0343    0.0926    0.0001    0.3149    0.3735       -5.5133
    0.0650    0.4380    0.1518    0.1556    0.0325    0.0900    0.0001    0.3231    0.3765       -5.8202
    0.1322    0.4426    0.2927    0.2775    0.0661    0.1170    0.0001   -1.3739    0.3473       -7.6458
    0.1320    0.4367    0.2656    0.2771    0.0660    0.1098    0.0001   -1.2985    0.2321       -5.7857
    0.2077    0.3470    0.0100    0.2543    0.1038    0.0300    0.0001    0.3088    0.5942        3.3215
    0.1768    0.4051    0.0114    0.3175    0.0884    0.0300    0.0001    0.3487   -0.3780        2.3569
    0.1495    0.3730    0.0122    0.0037    0.0747    0.0300    0.0001    0.3749    0.4031       -1.0723
    0.1494    0.3731    0.0122    0.0002    0.0747    0.0300    0.0001    0.3750    0.3829       -1.0727
    0.1016    0.4505    0.3000    0.2111    0.0508    0.0370    0.0001   -0.4249    0.1072       -3.3090
    0.0979    0.4478    0.2958    0.2040    0.0490    0.0390    0.0001   -0.4278    0.1039       -4.4091
    0.1081    0.4149    0.0599    0.0080    0.0541    0.1327    0.0001    0.9362    0.3032       -4.7355
    0.1048    0.4492    0.3000    0.0008    0.0524    0.1533    0.0001    5.1657    1.0594       -6.7871
    0.1756    0.4254    0.3000    0.0080    0.0878    0.0302    0.0001   -0.9427    0.6533       -3.6146
    0.1444    0.4230    0.1436    0.0002    0.0722    0.0300    0.0001   -0.6935    1.3577       -3.6883
    0.1655    0.4329    0.0100    0.0411    0.0827    0.1869    0.0001    0.7911    0.0026       -3.2496
    0.1685    0.5358    0.0706    0.0002    0.0842    0.2445    0.0001    5.3398    0.0707      -13.3429
    0.1411    0.4215    0.0100    0.2002    0.0706    0.0300    0.0001    0.8130    0.2906       -4.3883
    0.1402    0.4536    0.0223    0.3061    0.0701    0.0361    0.0001    1.6975    0.2554       -7.4888
    0.1182    0.3929    0.2999    0.0114    0.0591    0.0300    0.0001   -0.7565    0.0745       -5.0074
    0.1174    0.3932    0.3000    0.0002    0.0587    0.0300    0.0001   -0.7597    0.0598       -5.0152
    0.1985    0.3901    0.0162    0.2823    0.0993    0.1172    0.0001    1.2708   -0.0095       -3.0800
    0.1688    0.4469    0.0683    0.1492    0.0844    0.1412    0.0001    5.1180   -0.0317      -70.0767
    0.1167    0.3652    0.0136    0.0677    0.0584    0.0472    0.0001    0.2123    0.1431       -0.1089
    0.1188    0.3749    0.0145    0.1157    0.0594    0.0300    0.0001    0.2262    0.3209       -0.1595
    0.2390    0.4174    0.1819    0.4344    0.1195    0.0303    0.0001   -2.5539    0.6109      -93.6515
    0.2382    0.4155    0.1811    0.4331    0.1191    0.0318    0.0001   -2.5418    0.6082      -91.0366
    0.1206    0.3430    0.0258    0.0418    0.0603    0.0943    0.0001    0.3993    0.2014       -1.6149
    0.1234    0.3609    0.0279    0.0002    0.0617    0.1187    0.0001    0.4343    0.1928       -1.8847
    0.0869    0.4196    0.0100    0.0889    0.0435    0.0300    0.0001    0.3047    0.0981       -3.8022
    0.0858    0.4324    0.0100    0.1447    0.0429    0.0300    0.0001    0.3060    0.0569       -4.0822
    0.0835    0.5280    0.3000    0.1091    0.0417    0.0674    0.0001    0.6716   -1.0040       -6.7014
    0.0791    0.5463    0.2665    0.1636    0.0395    0.0711    0.0001    0.8896   -0.3108       -9.7296
    0.1149    0.4824    0.0898    0.1355    0.0575    0.1392    0.0001    1.4221    0.3764       -3.4285
    0.1370    0.5221    0.2732    0.2963    0.0685    0.1441    0.0001    4.2239    0.3431      -90.0463
    0.1094    0.3867    0.0101    0.0364    0.0547    0.0893    0.0001    0.8016    0.4694       -7.9129
    0.0996    0.4321    0.0334    0.2074    0.0498    0.0911    0.0001    2.5974   -4.6466      -11.2889
    0.2400    0.2762    0.0100    0.0876    0.1200    0.0300    0.0001    0.7912    0.3504       -3.2239
    0.1621    0.3196    0.0100    0.0002    0.0811    0.0300    0.0001    0.7777    1.3150       -4.8061
    0.1666    0.2661    0.0497    0.0110    0.0833    0.0763    0.0001    0.2294   -0.6002        3.5933
    0.1489    0.2934    0.0231    0.0002    0.0745    0.0300    0.0001    0.2046   -0.8983        3.3579
    0.0866    0.4479    0.1203    0.1797    0.0433    0.0555    0.0001    0.2316    0.2112       -0.2515
    0.0861    0.4405    0.1188    0.1786    0.0430    0.0555    0.0001    0.2142    0.2109       -0.0221
    0.1615    0.4229    0.3000    0.0004    0.0807    0.0300    0.0001   -0.5957    0.4245       -0.4873
    0.1617    0.4228    0.3000    0.0002    0.0808    0.0300    0.0001   -0.5954    0.4681       -0.4873
    0.0794    0.5249    0.2891    0.0035    0.0397    0.1905    0.0001    0.5283    0.3100       -4.0242
    0.0786    0.5267    0.2784    0.0035    0.0393    0.1878    0.0001    0.5189    0.3192       -4.0294
    0.1875    0.3863    0.0100    0.3960    0.0937    0.1234    0.0001    0.7598    0.5116       -1.2187
    0.2003    0.3845    0.0100    0.4235    0.1002    0.1272    0.0001    0.7648    0.5652       -1.2609
    0.2363    0.6268    0.2962    0.8752    0.1181    0.4311    0.0001   -4.1316   -2.8329     -289.5163
    0.2365    0.6235    0.2984    0.8820    0.1182    0.4402    0.0001   -4.0722   -2.8191     -411.9519
    0.2139    0.4461    0.3000    0.1657    0.1069    0.0936    0.0001   -2.3259    0.1827      -19.6444
    0.2118    0.4460    0.2983    0.1660    0.1059    0.0936    0.0001   -2.4237    0.1828      -23.7992
    0.2198    0.4312    0.3000    0.2938    0.1099    0.1754    0.0001   -1.8848    0.2824      -24.6544
    0.2202    0.4348    0.3000    0.2908    0.1101    0.1762    0.0001   -1.9505    0.2837      -26.8400
    0.1643    0.3556    0.0208    0.1169    0.0822    0.1086    0.0001    0.6366    1.2335       -1.7592
    0.1249    0.4298    0.0226    0.2619    0.0624    0.0301    0.0001    0.6912    2.2679       -3.3419
    0.1347    0.4502    0.3000    0.2802    0.0673    0.1865    0.0001   -0.6339    0.5427       -0.0305
    0.1361    0.4400    0.2994    0.2859    0.0681    0.1921    0.0001   -0.5676    0.5484        0.7401
    0.1896    0.3404    0.2972    0.0022    0.0948    0.1104    0.0001   -0.6558    0.0920        0.7110
    0.1425    0.3172    0.0113    0.0002    0.0712    0.0300    0.0001   -0.3459   -0.1271       -0.8720
    0.1572    0.5323    0.2997    0.0956    0.0786    0.2292    0.0001    4.8162    1.5093      -25.7382
    0.1594    0.5443    0.2986    0.0970    0.0797    0.2323    0.0001    4.8746    1.5436      -46.1233
    0.1997    0.3662    0.0100    0.0040    0.0998    0.1414    0.0001    0.8049    0.1716       -3.3935
    0.1828    0.4551    0.0697    0.0020    0.0914    0.1248    0.0001    4.9726    2.9745      -17.5788
    0.2151    0.3759    0.3000    0.0002    0.1075    0.0301    0.0001   -0.7120    0.3343        1.7238
    0.2149    0.3763    0.3000    0.0002    0.1074    0.0300    0.0001   -0.7164    0.3381        1.7234
    0.1355    0.3414    0.0100    0.0038    0.0678    0.0324    0.0001    0.7827    0.9202       -8.3118
    0.1273    0.3491    0.0100    0.0002    0.0636    0.0300    0.0001    0.7881    1.0498       -8.3885
    0.0849    0.4587    0.3000    0.1753    0.0424    0.0300    0.0001   -0.2744   -0.7318       -5.0411
    0.0766    0.4606    0.2501    0.1575    0.0383    0.0301    0.0001   -0.2592   -0.7233       -5.0592
    0.0658    0.5089    0.2052    0.1355    0.0329    0.1388    0.0001    0.5870    0.0500       -8.6147
    0.0680    0.4996    0.2190    0.1401    0.0340    0.1387    0.0001    0.5296    0.0526       -8.4664
    0.2369    0.3337    0.3000    0.0002    0.1184    0.0300    0.0001   -0.9375    0.0874        0.4173
    0.2372    0.3335    0.3000    0.0002    0.1186    0.0300    0.0001   -0.9355    0.0882        0.4172
    0.1018    0.4228    0.0140    0.2109    0.0509    0.0300    0.0001    0.2219    0.8678       -0.8735
    0.1180    0.4226    0.0167    0.2466    0.0590    0.0311    0.0001    0.2720    1.9123       -1.7653
    0.1230    0.3913    0.0100    0.2578    0.0615    0.0313    0.0001    0.3115    0.5123        0.3773
    0.1384    0.3759    0.0104    0.2908    0.0692    0.0341    0.0001    0.3250    0.4618        0.5705
    0.1734    0.3847    0.0100    0.0016    0.0867    0.0310    0.0001    0.7430    0.3433       -2.4791
    0.1757    0.3840    0.0100    0.0002    0.0879    0.0300    0.0001    0.7493    0.1912       -2.4912
    0.1425    0.3490    0.0100    0.0006    0.0713    0.0300    0.0001    0.3074   -0.0177       -0.3970
    0.1432    0.3492    0.0103    0.0002    0.0716    0.0300    0.0001    0.3159    0.0113       -0.3998
    0.0951    0.4371    0.0100    0.1940    0.0475    0.0300    0.0001    0.3034    0.4466       -3.1937
    0.1022    0.4280    0.0106    0.2133    0.0511    0.0340    0.0001    0.3280    0.4737       -4.9012
    0.1038    0.4028    0.0113    0.2130    0.0519    0.0460    0.0001    0.8811   -0.2990       -7.9636
    0.1053    0.4029    0.0113    0.2198    0.0526    0.0459    0.0001    0.8871   -0.2850       -8.6689
    0.0891    0.4621    0.0440    0.0027    0.0446    0.1635    0.0001    1.3604    0.3922       -6.4981
    0.0873    0.4681    0.1385    0.0003    0.0436    0.1746    0.0001    4.2539    0.6800       -7.3284
    0.1335    0.5187    0.1310    0.2800    0.0667    0.0340    0.0001    1.0898    0.0676       -3.7950
    0.1593    0.5028    0.1616    0.3355    0.0796    0.0851    0.0001    1.4749    0.0627       -3.4785
    0.2400    0.3720    0.2692    0.5077    0.1200    0.0300    0.0001   -0.6386    0.0215        6.4089
    0.2397    0.3718    0.2591    0.5201    0.1199    0.0304    0.0001   -0.6682    0.0214        6.4704
    0.2390    0.2782    0.2983    0.0046    0.1195    0.0312    0.0001    0.6688   -0.0312        3.3585
    0.2400    0.2773    0.3000    0.0002    0.1200    0.0300    0.0001    0.6664   -0.0986        3.3507
    0.1158    0.4828    0.0150    0.0028    0.0579    0.2264    0.0001    0.4595    0.0155       -2.7081
    0.1129    0.5425    0.1940    0.0057    0.0564    0.2191    0.0001    5.9203   -0.3726       -6.4856
    0.2166    0.3897    0.2749    0.5818    0.1083    0.0799    0.0001   -1.4880    0.3635      -17.3109
    0.2138    0.3895    0.2729    0.6049    0.1069    0.0799    0.0001   -1.4765    0.3629      -17.6618
    0.1691    0.3723    0.0302    0.2562    0.0845    0.0319    0.0001    0.4273    0.3272        3.4485
    0.1553    0.3774    0.0242    0.2464    0.0776    0.0300    0.0001    0.3777    0.5110        3.2674
    0.2400    0.5629    0.3000    0.2238    0.1200    0.3233    0.0001   -1.6103   -1.4839       -4.6090
    0.2395    0.5392    0.2999    0.2246    0.1197    0.3247    0.0001   -1.6306   -1.4923       -1.0431
    0.1057    0.5207    0.2999    0.2199    0.0529    0.3117    0.0001   -0.9626   -0.0984       -8.3645
    0.1079    0.5207    0.3000    0.2245    0.0540    0.3117    0.0001   -0.9593   -0.0981       -8.3522
    0.0960    0.4165    0.1846    0.1999    0.0480    0.0330    0.0001    0.7035    0.4131       -6.4009
    0.0961    0.4051    0.0220    0.1213    0.0481    0.0301    0.0001    0.6750    0.9140       -6.9097
    0.1183    0.4511    0.0100    0.2480    0.0591    0.1594    0.0001    0.7595    0.5025       -5.0809
    0.1170    0.4514    0.0100    0.2451    0.0585    0.1630    0.0001    0.7958    0.4934       -5.2081
    0.1036    0.4038    0.2309    0.0040    0.0518    0.0301    0.0001   -0.5088    0.0919       -5.0433
    0.1032    0.4042    0.2314    0.0002    0.0516    0.0300    0.0001   -0.5067    0.1156       -5.0444
    0.1245    0.4344    0.0100    0.2728    0.0623    0.3710    0.0001    0.8742   -0.3481       -6.1050
    0.1276    0.4107    0.0106    0.2813    0.0638    0.3670    0.0001    0.8881   -0.3407       -5.3036
    0.2350    0.4400    0.3000    0.4966    0.1175    0.0319    0.0001    1.6434    0.3224      -25.1539
    0.2364    0.4358    0.2965    0.4979    0.1182    0.0318    0.0001    1.6308    0.3358      -24.6076
    0.1660    0.2827    0.1120    0.0099    0.0830    0.0437    0.0001   -0.5014   -4.4271       -0.4980
    0.1491    0.2897    0.0149    0.0085    0.0745    0.0300    0.0001   -0.4566   -3.1630       -1.6531
    0.1635    0.4198    0.0100    0.3448    0.0817    0.0304    0.0001    0.2995    3.3031        0.8251
    0.1655    0.4078    0.0100    0.3490    0.0828    0.0300    0.0001    0.3055    3.2251        0.8776
    0.0783    0.5636    0.2308    0.1855    0.0391    0.3338    0.0001   -0.6687   -0.1150       -5.1454
    0.0652    0.5593    0.2116    0.1467    0.0326    0.3248    0.0001   -1.2403   -0.0712       -7.4876
    0.1724    0.3712    0.3000    0.0002    0.0862    0.0300    0.0001    0.6616   -0.0066        0.4216
    0.1724    0.3712    0.3000    0.0002    0.0862    0.0300    0.0001    0.6616   -0.0068        0.4216
    0.2148    0.6398    0.2966    1.4679    0.1074    0.3698    0.0001   -2.3566    0.5856     -427.1922
    0.2199    0.6380    0.2998    1.5070    0.1099    0.3705    0.0001   -2.4190    0.6002     -454.8141
    0.1623    0.3988    0.0271    0.2420    0.0812    0.0411    0.0001    0.3950    0.6735        2.0109
    0.1905    0.4155    0.0451    0.3439    0.0953    0.0300    0.0001    0.7022    1.1539        1.1549
    0.1440    0.3987    0.0155    0.2286    0.0720    0.0313    0.0001    0.4749   -0.3111       -0.8460
    0.1411    0.3990    0.0150    0.2233    0.0705    0.0300    0.0001    0.4595   -0.3537       -0.8624
    0.1843    0.3401    0.0291    0.0187    0.0922    0.0883    0.0001    0.4652    0.2178        1.0831
    0.1800    0.3453    0.0308    0.0002    0.0900    0.0300    0.0001    0.4803   -0.7903        0.8523
    0.0650    0.4254    0.2744    0.1334    0.0325    0.0915    0.0001    0.4579    0.1431       -8.0140
    0.0667    0.4193    0.1193    0.1367    0.0333    0.0915    0.0001    0.3980    0.1340       -7.9954
    0.1964    0.3828    0.1087    0.4132    0.0982    0.0300    0.0001    0.5936    0.4569       -0.6822
    0.2134    0.3888    0.0723    0.4494    0.1067    0.0300    0.0001    0.7043    0.4059       -0.7603
    0.1020    0.4717    0.2354    0.0002    0.0510    0.1363    0.0001   -3.9914   -0.6444       -8.1902
    0.1363    0.4769    0.2999    0.0003    0.0681    0.1358    0.0001   -9.2334   -1.0274      -16.7700
    0.1054    0.5037    0.0100    0.1653    0.0527    0.1055    0.0001    0.7828   -0.6589       -6.0622
    0.1127    0.5078    0.0100    0.2356    0.0563    0.1005    0.0001    0.7795   -0.8272       -8.6448
    0.1293    0.4000    0.0121    0.0008    0.0646    0.0300    0.0001    0.3720    0.2398       -1.7759
    0.1290    0.4004    0.0121    0.0002    0.0645    0.0300    0.0001    0.3717    0.2999       -1.7760
    0.2398    0.4091    0.3000    0.1454    0.1199    0.1229    0.0001   -2.0938    0.4132      -12.8345
    0.2400    0.4148    0.3000    0.1447    0.1200    0.1211    0.0001   -2.1777    0.4128      -14.2841
    0.1635    0.3876    0.0100    0.0021    0.0818    0.0300    0.0001    0.8098    0.2649       -5.7946
    0.1653    0.4006    0.0131    0.0002    0.0827    0.0300    0.0001    1.0382    0.2810       -6.1269
    0.2400    0.2848    0.0130    0.2055    0.1200    0.1667    0.0001    0.4001    0.7143        6.8807
    0.2400    0.3008    0.0137    0.2237    0.1200    0.0300    0.0001    0.4218    0.4926        6.6823
    0.1215    0.3835    0.0133    0.0973    0.0608    0.0322    0.0001    0.4080    0.5502       -2.4920
    0.1214    0.4128    0.0158    0.1942    0.0607    0.0300    0.0001    0.4835    0.5612       -2.9666
    0.1808    0.3768    0.2469    0.0102    0.0904    0.0327    0.0001    0.4551   -0.0074        2.5659
    0.1781    0.3759    0.2324    0.0002    0.0891    0.0300    0.0001    0.4355   -0.0686        2.5580
    0.1557    0.4217    0.0160    0.0037    0.0779    0.0331    0.0001    1.2772   -0.6324       -9.6203
    0.1541    0.4252    0.0174    0.0002    0.0771    0.0300    0.0001    1.3700   -0.5438       -9.6882
    0.0934    0.4629    0.2242    0.0517    0.0467    0.1106    0.0001    3.5091   -1.1400       -9.8564
    0.0881    0.4646    0.3000    0.0002    0.0441    0.1129    0.0001    5.0083   -1.3902      -10.6654
    0.1228    0.4403    0.2964    0.0028    0.0614    0.0300    0.0001   -0.8946    0.2439       -6.5480
    0.1218    0.4410    0.3000    0.0002    0.0609    0.0300    0.0001   -0.9081    0.4693       -6.5572
    0.1018    0.3642    0.0101    0.0002    0.0509    0.0305    0.0001   -0.3027   16.8605       -2.9086
    0.1050    0.3640    0.0100    0.0002    0.0525    0.0300    0.0001   -0.3034   16.4925       -2.9470
    0.2398    0.4358    0.3000    0.9025    0.1199    0.0556    0.0001   -2.5524    0.8519     -106.4361
    0.2400    0.4474    0.2844    0.9254    0.1200    0.0571    0.0001   -2.6237    0.8542     -132.3421
    0.1403    0.4003    0.0112    0.2918    0.0702    0.1843    0.0001    0.3540    0.3671       -0.4492
    0.1413    0.3993    0.0113    0.2963    0.0707    0.1866    0.0001    0.3469    0.3714       -3.0494
    0.2054    0.5037    0.2724    0.5133    0.1027    0.0350    0.0001    1.8947    0.1284      -58.4068
    0.2053    0.5024    0.2749    0.5265    0.1026    0.0349    0.0001    1.8936    0.1283      -63.6759
    0.0651    0.4691    0.2862    0.0567    0.0326    0.1907    0.0001   -4.4570   -0.0821      -11.8071
    0.0650    0.4719    0.2917    0.0345    0.0325    0.1908    0.0001   -8.9672   -0.2193      -15.6979
    0.2288    0.6400    0.2617    1.0873    0.1144    0.4500    0.0001   -3.6611    0.9084     -442.3045
    0.2262    0.6360    0.2605    1.0663    0.1131    0.4498    0.0001   -3.6043    0.9171     -439.1044
    0.1822    0.5233    0.2897    0.4621    0.0911    0.2802    0.0001   -0.5521    0.3422       -0.1477
    0.1903    0.5255    0.2920    0.4664    0.0951    0.2912    0.0001   -0.5604    0.3469       -2.8704
    0.1959    0.4103    0.0143    0.0002    0.0980    0.0301    0.0001    1.1274   -0.5551       -6.4156
    0.1949    0.4103    0.0143    0.0002    0.0975    0.0300    0.0001    1.1274   -0.5634       -6.4168
    0.1828    0.4027    0.0143    0.0906    0.0914    0.2554    0.0001    0.2223    0.1211        5.6150
    0.1846    0.3754    0.0137    0.0002    0.0923    0.0300    0.0001    0.2135    0.7242        5.1964
    0.2290    0.4047    0.3000    0.0003    0.1145    0.0300    0.0001   -0.7535   -0.6810        0.9274
    0.2291    0.4046    0.3000    0.0002    0.1145    0.0300    0.0001   -0.7534   -1.4485        0.9274
    0.2025    0.3265    0.0100    0.0820    0.1012    0.0300    0.0001    0.7768   -0.0816       -2.1120
    0.2025    0.3265    0.0100    0.0822    0.1012    0.0300    0.0001    0.7769   -0.0845       -2.1120
    0.0745    0.4750    0.3000    0.1955    0.0373    0.0699    0.0001   -0.4214    0.0123       -6.0230
    0.0765    0.4935    0.2992    0.1979    0.0382    0.0675    0.0001   -0.4249    0.0129       -6.5708
    0.1594    0.5082    0.2084    0.3357    0.0797    0.1811    0.0001    1.6312    0.4359       -3.0028
    0.1609    0.4967    0.2049    0.3387    0.0805    0.1828    0.0001    1.6041    0.4261       -1.8232
    0.1866    0.3230    0.3000    0.0058    0.0933    0.0300    0.0001   -0.7028    0.0265       -0.1047
    0.1854    0.3228    0.3000    0.0002    0.0927    0.0300    0.0001   -0.7062    0.0250       -0.1068
    0.2078    0.4562    0.1314    0.0002    0.1039    0.1066    0.0001    3.7479   -2.4018      -10.9938
    0.2077    0.4517    0.1365    0.0002    0.1038    0.1059    0.0001    3.7197   -2.4000      -10.8145
    0.0959    0.4759    0.0100    0.0911    0.0480    0.1469    0.0001    0.3064    0.3070       -2.4325
    0.0856    0.5062    0.0100    0.1778    0.0428    0.1310    0.0001    0.2938    0.3449       -6.0347
    0.2348    0.4527    0.1664    0.0205    0.1174    0.1707    0.0001    3.1282   -0.6673       -7.0371
    0.2400    0.4522    0.1666    0.0205    0.1200    0.1687    0.0001    3.0923   -0.6633      -11.4440
    0.1191    0.3738    0.2367    0.0106    0.0596    0.1283    0.0001    0.5685    0.3002       -2.9626
    0.1180    0.3734    0.2332    0.0002    0.0590    0.1307    0.0001    0.5549    0.4604       -2.9676
    0.2399    0.4158    0.3000    0.3109    0.1200    0.1715    0.0001   -2.5102    0.2813      -91.5010
    0.2400    0.4251    0.2989    0.3178    0.1200    0.1753    0.0001   -2.5663    0.2876      -91.0771
    0.1989    0.3732    0.0100    0.0009    0.0994    0.0300    0.0001    0.7882   -0.2028       -3.6520
    0.1991    0.3731    0.0100    0.0002    0.0996    0.0300    0.0001    0.7881   -0.3704       -3.6520
    0.1421    0.3988    0.0213    0.0151    0.0711    0.0322    0.0001    0.6733    0.5588       -2.4524
    0.1205    0.4537    0.0282    0.2524    0.0602    0.0840    0.0001    0.9124    9.1670       -5.8532
    0.1443    0.4237    0.2861    0.3040    0.0721    0.0307    0.0001   -1.0573    0.5606       -3.5777
    0.1508    0.4133    0.2829    0.3174    0.0754    0.0313    0.0001   -1.0156    0.5561       -3.5030
    0.1865    0.3022    0.0138    0.2107    0.0933    0.0597    0.0001    0.2150   -0.0576        7.2593
    0.1600    0.3956    0.0153    0.3372    0.0800    0.0605    0.0001    0.2020   -0.0817        1.5041
    0.2400    0.6388    0.2961    1.2250    0.1200    0.4500    0.0001   -2.7848   -1.8681     -427.6609
    0.2399    0.6387    0.2953    1.2418    0.1200    0.4486    0.0001   -2.8198   -1.8665     -441.7357
    0.1541    0.3737    0.0100    0.1444    0.0770    0.0300    0.0001    0.8049   -0.2511       -5.0410
    0.1945    0.4273    0.0310    0.3122    0.0972    0.0690    0.0001    2.3527   -0.8143      -10.0542
    0.2131    0.3044    0.1760    0.0184    0.1065    0.0302    0.0001   -0.5137    5.4156        3.2231
    0.1774    0.3045    0.0230    0.0007    0.0887    0.0300    0.0001   -0.3593    8.2272        2.8274
    0.1113    0.4060    0.1488    0.0003    0.0556    0.0300    0.0001   -0.7623   -1.5302       -7.2759
    0.1111    0.4058    0.1482    0.0002    0.0555    0.0300    0.0001   -0.7602    0.0868       -7.2761
    0.2400    0.5433    0.3000    0.4128    0.1200    0.3694    0.0001   -4.4999    0.3014     -229.5681
    0.2396    0.5405    0.2985    0.4158    0.1198    0.3671    0.0001   -4.4825    0.3007     -253.5805
    0.2215    0.3540    0.0100    0.4679    0.1107    0.2220    0.0001    0.7707   -0.4872       -2.8898
    0.2305    0.3644    0.0100    0.4883    0.1153    0.2028    0.0001    0.8206   -0.4885       -1.4523
    0.1425    0.4289    0.3000    0.0009    0.0712    0.0301    0.0001   -0.4630    0.6990       -0.4746
    0.1162    0.4287    0.0100    0.0002    0.0581    0.0300    0.0001   -0.3050    1.3531       -2.0387
    0.1575    0.4349    0.0100    0.3057    0.0788    0.0301    0.0001    0.7518    0.2061       -2.4615
    0.1657    0.4329    0.0100    0.3493    0.0829    0.0375    0.0001    0.7522    0.2035       -3.8549
    0.1715    0.4355    0.2667    0.3613    0.0857    0.1402    0.0001   -0.5538    0.2186       -0.1814
    0.1783    0.4449    0.2217    0.3761    0.0892    0.1405    0.0001   -0.5328    0.2037       -0.9036
    0.1143    0.4669    0.0100    0.2385    0.0572    0.0830    0.0001    0.7838    0.3740       -9.3348
    0.1142    0.4614    0.0100    0.2391    0.0571    0.0832    0.0001    0.7694    0.3762       -9.8124
    0.1453    0.4081    0.0100    0.2207    0.0727    0.0301    0.0001    0.3058   32.6237        2.8828
    0.1862    0.4184    0.0147    0.3495    0.0931    0.0300    0.0001    0.4499   95.1649        2.5064
    0.2400    0.3419    0.1040    0.0025    0.1200    0.0300    0.0001    0.7195    0.0381        1.5800
    0.2400    0.3418    0.1035    0.0002    0.1200    0.0300    0.0001    0.7195    0.1258        1.5798
    0.0788    0.5963    0.2999    1.2285    0.0394    0.4224    0.0001   -3.5662   -5.5697     -398.3667
    0.0795    0.6012    0.2648    1.2405    0.0398    0.4259    0.0001   -3.5970   -5.6165     -416.1338
    0.1018    0.4388    0.0100    0.1975    0.0509    0.0697    0.0001    0.8179    0.2009       -7.0052
    0.1004    0.4439    0.0104    0.2091    0.0502    0.0709    0.0001    0.8256    0.2018       -9.2367
    0.1500    0.4591    0.0125    0.3155    0.0750    0.2156    0.0001    0.9107    0.2505       -1.6926
    0.1465    0.4481    0.0122    0.3079    0.0732    0.2284    0.0001    0.9545    0.1810       -0.8287
    0.0917    0.4314    0.0101    0.0002    0.0458    0.1491    0.0001    0.8072    0.4688       -8.4959
    0.0851    0.4620    0.0754    0.0002    0.0425    0.1337    0.0001    5.9580    3.3310      -11.0979
    0.1171    0.3918    0.0472    0.0031    0.0586    0.0321    0.0001    0.4184    0.2879       -3.3377
    0.1170    0.3915    0.0466    0.0003    0.0585    0.0300    0.0001    0.4158   -0.3593       -3.3425
    0.1375    0.5516    0.1136    0.0018    0.0688    0.4409    0.0001    1.7725    0.3592       -1.4281
    0.1988    0.5902    0.2910    0.0018    0.0994    0.4409    0.0001    4.3627    0.0014      -16.8733
    0.2284    0.4684    0.1763    0.3054    0.1142    0.1985    0.0001    1.7006    0.7984       -1.5893
    0.1727    0.5066    0.2897    0.0006    0.0863    0.1964    0.0001    5.1389    1.4608      -26.1325
    0.1169    0.4078    0.1457    0.2448    0.0585    0.0733    0.0001   -0.4462   -0.4526        2.1847
    0.1201    0.4059    0.1386    0.2515    0.0600    0.0803    0.0001   -0.4106   -0.4534        2.0051
    0.1098    0.4085    0.1263    0.2280    0.0549    0.0494    0.0001    0.4009    0.2949       -2.1398
    0.1261    0.4016    0.1262    0.2644    0.0631    0.0478    0.0001    0.4189    0.2750       -2.0495
    0.1438    0.3949    0.0100    0.3022    0.0719    0.1330    0.0001    0.8456    0.3624       -3.2351
    0.1466    0.3717    0.0101    0.3086    0.0733    0.1362    0.0001    0.8040    0.3404       -3.9877
    0.1919    0.4854    0.0349    0.1765    0.0960    0.1341    0.0001    1.0727   -0.0830       -0.6477
    0.1947    0.4226    0.0213    0.0002    0.0974    0.0300    0.0001    0.6535   -0.0066       -0.8912
    0.1788    0.3116    0.0742    0.0142    0.0894    0.0300    0.0001    0.6588    0.2544       -2.1747
    0.1795    0.3110    0.0744    0.0002    0.0898    0.0300    0.0001    0.6571   -0.0213       -2.1770
    0.0896    0.4706    0.0193    0.0066    0.0448    0.3672    0.0001    1.5256   -0.1281       -5.7397
    0.0815    0.4786    0.0373    0.0002    0.0408    0.3682    0.0001    2.9458   -0.0099       -6.9534
    0.1274    0.3704    0.2996    0.0002    0.0637    0.0300    0.0001   -0.3289    0.2791       -0.3507
    0.1270    0.3705    0.3000    0.0002    0.0635    0.0300    0.0001   -0.3251    0.2827       -0.3514
    0.1954    0.3832    0.3000    0.0009    0.0977    0.0300    0.0001   -0.4570   -0.3983        2.7445
    0.1486    0.3835    0.0100    0.0002    0.0743    0.0300    0.0001   -0.3027    0.6862        0.9458
    0.1438    0.3795    0.3000    0.0013    0.0719    0.0300    0.0001   -0.3974    0.3680       -0.5376
    0.1139    0.3841    0.0100    0.0002    0.0569    0.0300    0.0001   -0.2996   -0.0751       -2.1676
    0.1628    0.3796    0.2935    0.0040    0.0814    0.0301    0.0001    1.1582   -1.9065       -5.5665
    0.1657    0.3786    0.3000    0.0002    0.0828    0.0300    0.0001    1.1596   -2.6167       -5.5766
    0.0654    0.4629    0.2721    0.1341    0.0327    0.0652    0.0001   -1.0836    0.2325       -9.1458
    0.0671    0.4669    0.2418    0.1377    0.0335    0.0662    0.0001   -1.1506    0.2576       -9.3056
    0.1455    0.3588    0.2987    0.0006    0.0728    0.0300    0.0001   -0.7973   -0.1358       -3.7356
    0.1180    0.3571    0.0351    0.0023    0.0590    0.0301    0.0001   -0.5475   -0.1439       -4.0493
    0.0711    0.5016    0.0100    0.1660    0.0355    0.0317    0.0001    0.3081    0.4503       -5.6359
    0.0740    0.4998    0.0101    0.1641    0.0370    0.0325    0.0001    0.3044    0.5228       -6.6517
    0.1459    0.2924    0.0128    0.0334    0.0729    0.0426    0.0001    0.1963   -0.1716        2.1693
    0.1427    0.2930    0.0141    0.0002    0.0713    0.0300    0.0001    0.2188   -0.7132        2.0708
    0.1072    0.4317    0.0242    0.2231    0.0536    0.0366    0.0001    0.7656    0.5743       -5.3616
    0.1086    0.4293    0.0249    0.2270    0.0543    0.0370    0.0001    0.7515    0.5707       -5.1400
    0.1101    0.4417    0.0190    0.1229    0.0550    0.0925    0.0001    1.5046   -0.0165       -7.6682
    0.1213    0.4523    0.0246    0.2540    0.0607    0.0763    0.0001    1.9395   -0.0147      -10.2210
    0.1412    0.3624    0.0238    0.0403    0.0706    0.1185    0.0001    0.3703    0.1943        0.2027
    0.1166    0.4622    0.0284    0.2443    0.0583    0.2033    0.0001    0.4641    0.2357       -4.5592
    0.1332    0.4238    0.2993    0.0118    0.0666    0.0300    0.0001    0.4325    0.1268       -1.0822
    0.1320    0.4239    0.2891    0.0002    0.0660    0.0300    0.0001    0.4229    0.2831       -1.0860
    0.1199    0.4520    0.2978    0.0010    0.0599    0.0372    0.0001   -1.5469   -0.3189      -10.3106
    0.0962    0.4542    0.0812    0.0011    0.0481    0.0380    0.0001   -1.2642   -0.4482      -10.6465
    0.1080    0.4279    0.0134    0.0966    0.0540    0.0319    0.0001    0.2092   -0.0616       -0.5161
    0.1099    0.4102    0.0125    0.0002    0.0550    0.0300    0.0001    0.1949   -0.0880       -0.7024
    0.1715    0.3606    0.0100    0.0234    0.0857    0.0300    0.0001    0.7544    1.8027       -3.4011
    0.1712    0.3613    0.0100    0.0002    0.0856    0.0300    0.0001    0.7570    1.3562       -3.4122
    0.0650    0.4416    0.0100    0.0007    0.0325    0.0970    0.0001    0.7794    0.2144      -12.7419
    0.0650    0.4415    0.0100    0.0007    0.0325    0.0975    0.0001    0.7792    0.2184      -12.7420
    0.1384    0.4582    0.0100    0.1776    0.0692    0.2856    0.0001    0.3130   -0.1249        2.0936
    0.1365    0.4746    0.0167    0.2868    0.0682    0.2982    0.0001    0.4935   -0.1999       -0.1804
    0.0839    0.4243    0.3000    0.0003    0.0420    0.0701    0.0001   -0.7303   -0.6687       -8.0679
    0.0825    0.4242    0.2764    0.0004    0.0412    0.0704    0.0001   -0.6988   -0.7113       -8.0694
    0.0718    0.5078    0.3000    0.1481    0.0359    0.1545    0.0001   -1.3556    0.1215       -6.0051
    0.0811    0.5078    0.2972    0.1682    0.0406    0.1607    0.0001   -1.4023    0.1174       -6.7730
    0.2396    0.5003    0.3000    0.2749    0.1198    0.0801    0.0001   -1.9968    0.3066      -35.4961
    0.2399    0.4899    0.2982    0.2717    0.1200    0.0819    0.0001   -2.0192    0.3096      -36.6188
    0.1197    0.4223    0.0100    0.2360    0.0598    0.0791    0.0001    0.3257    1.0576       -1.0487
    0.1155    0.4232    0.0103    0.2404    0.0577    0.0768    0.0001    0.3190    1.0555       -3.9562
    0.1815    0.3384    0.0145    0.2195    0.0908    0.0334    0.0001    0.4422    0.5501        0.4279
    0.1405    0.3888    0.0147    0.2953    0.0702    0.0382    0.0001    0.4585    0.5949       -1.5920
    0.0936    0.4358    0.2845    0.2062    0.0468    0.0300    0.0001   -0.3603    0.4376       -3.3486
    0.0905    0.4258    0.2178    0.1994    0.0452    0.0300    0.0001   -0.3939    0.6229       -3.1419
    0.0969    0.4597    0.0174    0.1040    0.0484    0.3315    0.0001    0.5323    0.4975       -1.8348
    0.0875    0.4907    0.0294    0.1813    0.0438    0.3395    0.0001    0.9336    1.1560       -5.6411
    0.0836    0.4007    0.0125    0.0275    0.0418    0.0303    0.0001    0.1923    0.9842       -3.7845
    0.0735    0.4440    0.0156    0.1516    0.0367    0.0300    0.0001    0.2365   -2.6471       -5.3615
    0.1527    0.4010    0.0131    0.2543    0.0763    0.0302    0.0001    0.4007    0.3315        1.0820
    0.1524    0.4012    0.0130    0.2543    0.0762    0.0300    0.0001    0.3971    0.3337        1.0801
    0.1484    0.3650    0.0103    0.0150    0.0742    0.0303    0.0001    0.3203   -3.1791       -0.6846
    0.1536    0.3721    0.0137    0.0002    0.0768    0.0300    0.0001    0.4186   -4.5031       -0.9554
    0.1958    0.4632    0.0544    0.0209    0.0979    0.1547    0.0001    4.0598    0.5115      -10.0413
    0.2002    0.4643    0.0555    0.0210    0.1001    0.1577    0.0001    4.1496    0.5222      -17.1049
    0.0967    0.3899    0.0100    0.1420    0.0483    0.0311    0.0001    0.3088    0.0822       -2.0179
    0.1055    0.3992    0.0109    0.2181    0.0528    0.0300    0.0001    0.3394    0.0947       -2.8760
    0.1724    0.3132    0.0129    0.0941    0.0862    0.0300    0.0001    0.3974   -0.0011        2.7161
    0.1325    0.4233    0.0109    0.2782    0.0662    0.0447    0.0001    0.3443   -0.0017        0.9018
    0.2342    0.5469    0.2812    0.1501    0.1171    0.2766    0.0001    3.2169    1.1466      -55.0656
    0.2355    0.5436    0.2806    0.1500    0.1177    0.2848    0.0001    3.2380    1.1456      -60.0453
    0.1046    0.3855    0.0143    0.0780    0.0523    0.1339    0.0001    0.4381    0.1239       -3.0933
    0.1005    0.3818    0.0129    0.0002    0.0502    0.1689    0.0001    0.3969    0.2041       -3.3837
    0.2069    0.3282    0.0100    0.0004    0.1034    0.0300    0.0001    0.7909   -1.0001       -2.4252
    0.2069    0.3289    0.0101    0.0002    0.1035    0.0300    0.0001    0.7979   -1.3111       -2.4257
    0.1077    0.4255    0.2999    0.1709    0.0539    0.0300    0.0001    0.4738    0.0953       -2.6397
    0.1075    0.4255    0.3000    0.1698    0.0538    0.0300    0.0001    0.4667    0.0951       -2.6406
    0.1308    0.4683    0.0941    0.0444    0.0654    0.2688    0.0001    1.1569    0.8474       -2.9641
    0.1215    0.5027    0.3000    0.0002    0.0607    0.2600    0.0001    5.1317    1.7934       -7.0859
    0.1794    0.3901    0.3000    0.0004    0.0897    0.0820    0.0001   -0.9082    0.5699       -2.3598
    0.1434    0.3855    0.1065    0.0002    0.0717    0.0790    0.0001   -0.6262    0.8722       -2.4219
    0.0690    0.5517    0.1965    0.0515    0.0345    0.2269    0.0001    1.9575    0.0339       -6.9023
    0.0730    0.5566    0.3000    0.0002    0.0365    0.2268    0.0001    4.9559    0.0845      -10.7444
    0.1168    0.3324    0.0100    0.0083    0.0584    0.0300    0.0001    0.3040    0.5852       -1.9379
    0.1169    0.3322    0.0100    0.0002    0.0584    0.0300    0.0001    0.3041    0.8104       -1.9381
    0.1281    0.4119    0.0100    0.2676    0.0640    0.1365    0.0001    0.8019    0.3317       -2.5638
    0.1366    0.4068    0.0103    0.2860    0.0683    0.1517    0.0001    0.8397    0.4112       -2.7185
    0.2139    0.4503    0.2996    0.0049    0.1070    0.0301    0.0001    3.9764  -12.1449      -16.4517
    0.2175    0.4620    0.2997    0.0049    0.1087    0.0300    0.0001    3.9816  -12.1710      -30.3753
    0.0946    0.4933    0.2637    0.1434    0.0473    0.1856    0.0001   -4.2516    0.5251       -6.7950
    0.0952    0.5056    0.2642    0.1436    0.0476    0.1856    0.0001   -4.2569    0.5295       -6.8684
    0.1641    0.3269    0.0156    0.1617    0.0820    0.1682    0.0001    0.4791    0.2983        0.8137
    0.1649    0.2777    0.0120    0.0002    0.0824    0.0300    0.0001    0.3691    0.9031        0.4800
    0.1530    0.4145    0.2997    0.0049    0.0765    0.0300    0.0001    0.8012    0.0207       -3.2851
    0.1521    0.4146    0.3000    0.0002    0.0760    0.0300    0.0001    0.8001   -0.3933       -3.2867
    0.0851    0.4234    0.0315    0.0002    0.0426    0.0484    0.0001    0.9349    0.4197      -10.2551
    0.0835    0.4275    0.0352    0.0002    0.0417    0.0665    0.0001    1.0779    0.4420      -10.4463
    0.1322    0.5101    0.3000    0.2776    0.0661    0.0532    0.0001   -1.0838   -0.4159       -4.8226
    0.1199    0.5136    0.3000    0.2512    0.0599    0.0533    0.0001   -0.7942   -0.5281       -5.4386
    0.2400    0.5584    0.2993    0.6553    0.1200    0.4500    0.0001   -3.9095    0.1390     -283.5829
    0.2400    0.5535    0.2895    0.6666    0.1200    0.4278    0.0001   -3.9723    0.1372     -322.6056
    0.2183    0.3798    0.0247    0.1404    0.1092    0.1196    0.0001    0.7633   -0.0995        0.5606
    0.2109    0.5026    0.1031    0.0654    0.1055    0.2042    0.0001    3.2573   -0.4416       -4.2898
    0.2344    0.3965    0.2881    0.2171    0.1172    0.0417    0.0001    2.2534    0.2910      -13.9750
    0.2335    0.4157    0.2869    0.2162    0.1167    0.0415    0.0001    2.2456    0.2900      -33.6948
    0.1242    0.4804    0.0216    0.1803    0.0621    0.1161    0.0001    0.3318    0.4519        1.7032
    0.1388    0.4853    0.0259    0.2324    0.0694    0.0300    0.0001    0.4042    0.7567        0.9265
    0.2331    0.5183    0.0544    0.2755    0.1166    0.0300    0.0001    1.6192    0.0344       -4.2087
    0.1874    0.5435    0.0898    0.2898    0.0937    0.0300    0.0001    2.7650    0.0326      -18.6195
    0.1900    0.4861    0.2938    0.4132    0.0950    0.2117    0.0001   -0.3133    0.3134       -0.6553
    0.1813    0.5002    0.2954    0.3942    0.0907    0.2130    0.0001   -0.3117    0.3008       -1.1850
    0.1744    0.3418    0.0265    0.0793    0.0872    0.1894    0.0001    0.4123    0.3376        2.6821
    0.1806    0.4217    0.0406    0.3812    0.0903    0.1610    0.0001    0.6333    0.9088       -1.3228
    0.1087    0.4265    0.0547    0.2270    0.0543    0.0504    0.0001    0.2916   -0.1323       -1.1818
    0.1167    0.4225    0.0513    0.2443    0.0583    0.0412    0.0001    0.3171   -0.1428       -1.1613
    0.1743    0.3352    0.0460    0.0065    0.0871    0.1190    0.0001    0.4117    0.1772        1.6733
    0.1692    0.3531    0.0492    0.0056    0.0846    0.1666    0.0001    0.4397    0.2145        1.6233
    0.0730    0.5091    0.0729    0.1506    0.0365    0.1245    0.0001    0.4967    0.3327       -4.8435
    0.0830    0.5137    0.0760    0.1722    0.0415    0.1338    0.0001    0.4879    0.3101       -4.5819
    0.2400    0.2562    0.0201    0.0591    0.1200    0.0464    0.0001    0.6203    0.1045        1.0899
    0.2400    0.2495    0.0192    0.0002    0.1200    0.0300    0.0001    0.5873    0.2821        1.0223
    0.1334    0.4099    0.0100    0.1030    0.0667    0.1682    0.0001    0.3074    0.3449        0.5612
    0.1336    0.4333    0.0108    0.2806    0.0668    0.0302    0.0001    0.3367    0.6918       -0.9582
    0.0731    0.4430    0.0121    0.0082    0.0365    0.2935    0.0001    0.3708    0.3432       -3.7269
    0.0731    0.4432    0.0126    0.0002    0.0366    0.2946    0.0001    0.3858    0.3377       -3.7313
    0.1027    0.3957    0.0133    0.0066    0.0513    0.2397    0.0001   -0.2070    0.4904       -0.0561
    0.1125    0.3592    0.0143    0.0020    0.0562    0.1315    0.0001   -0.2219    2.4659       -0.2374
    0.0650    0.5207    0.0100    0.1514    0.0325    0.2184    0.0001    0.7207    0.8558       -6.0374
    0.0650    0.5207    0.0101    0.1558    0.0325    0.2184    0.0001    0.8013    0.8497       -6.8298
    0.1637    0.4273    0.0159    0.1378    0.0819    0.1277    0.0001    1.2519    0.0785       -5.5427
    0.1725    0.4595    0.0564    0.0039    0.0863    0.0943    0.0001    4.6620    0.0507       -9.8059
    0.1916    0.4541    0.0404    0.2731    0.0958    0.0304    0.0001    3.1416   -0.1649      -39.3417
    0.1940    0.4523    0.0404    0.2805    0.0970    0.0304    0.0001    3.1152   -0.1642      -38.8097
    0.1336    0.4005    0.3000    0.0243    0.0668    0.0365    0.0001   -0.6192    0.3295       -2.9419
    0.1323    0.4011    0.3000    0.0002    0.0662    0.0300    0.0001   -0.6252    0.2106       -3.0154
    0.1375    0.4707    0.0471    0.2654    0.0688    0.0820    0.0001    3.2620    0.3425      -19.7274
    0.1399    0.4744    0.0467    0.2531    0.0700    0.0835    0.0001    3.3184    0.3485      -18.8282
    0.0858    0.4629    0.0100    0.1776    0.0429    0.1852    0.0001    0.8956   -0.3329       -8.6684
    0.0740    0.4660    0.0119    0.1527    0.0370    0.1931    0.0001    0.9547   -0.4391      -11.1007
    0.1781    0.3848    0.2997    0.3759    0.0890    0.0303    0.0001   -0.6764    0.4516       -3.7053
    0.1558    0.3828    0.2781    0.3282    0.0779    0.0300    0.0001   -0.6238    0.4777       -3.7085
    0.1893    0.3979    0.1251    0.0144    0.0946    0.0361    0.0001   -1.0662  -14.4730       -5.4962
    0.1630    0.4040    0.1090    0.0007    0.0815    0.0300    0.0001   -0.9929  -19.7951       -5.5999
    0.1223    0.4344    0.3000    0.1852    0.0612    0.1187    0.0001   -0.5809   -0.1590        0.4782
    0.1143    0.4483    0.2367    0.2393    0.0572    0.1168    0.0001   -0.5385   -0.2261       -2.5911
    0.1493    0.4015    0.0100    0.0470    0.0747    0.1003    0.0001    0.7637    0.2377       -3.6319
    0.1367    0.4303    0.0102    0.1948    0.0683    0.1251    0.0001    0.8084    0.9525       -4.0137
    0.1259    0.3646    0.1733    0.0038    0.0630    0.0363    0.0001   -0.5716   -0.4537       -3.8968
    0.1224    0.3642    0.1471    0.0002    0.0612    0.0300    0.0001   -0.5410    0.0185       -3.9292
    0.1126    0.5037    0.2950    0.3297    0.0563    0.2275    0.0001   -0.2540    0.2897       -0.2235
    0.0768    0.5037    0.0100    0.2223    0.0384    0.2275    0.0001   -0.2829    0.3366       -1.7004
    0.0933    0.4236    0.0801    0.0002    0.0466    0.1603    0.0001    0.7087    0.2700       -4.8916
    0.0933    0.4236    0.0801    0.0002    0.0466    0.1603    0.0001    0.7087    0.2705       -4.8916
    0.1327    0.3851    0.3000    0.0012    0.0663    0.0300    0.0001   -0.5883    0.0453       -3.1373
    0.1035    0.3870    0.0119    0.0002    0.0518    0.0300    0.0001   -0.3659    0.0126       -4.6631
    0.0650    0.5376    0.2999    0.1283    0.0325    0.0613    0.0001   -0.4152    0.5335       -8.4336
    0.0650    0.5377    0.2937    0.1336    0.0325    0.0612    0.0001   -0.4032    0.4717       -9.6571
    0.1617    0.4747    0.2996    0.0007    0.0808    0.1319    0.0001    5.0740    0.4600      -15.8183
    0.1611    0.4728    0.2983    0.0007    0.0806    0.1340    0.0001    5.0544    0.4582      -19.7079
    0.2400    0.2818    0.1766    0.0006    0.1200    0.0300    0.0001    0.4752    0.3567        5.0257
    0.2400    0.2817    0.1767    0.0002    0.1200    0.0300    0.0001    0.4743    0.4382        5.0257
    0.1901    0.2787    0.0149    0.0205    0.0951    0.3147    0.0001    0.2326   -0.1091        5.8642
    0.1896    0.2783    0.0149    0.0213    0.0948    0.2896    0.0001    0.2325   -0.1106        5.8592
    0.0784    0.4660    0.2501    0.1622    0.0392    0.0681    0.0001    0.9674    0.5435       -8.6139
    0.0948    0.4622    0.1934    0.1965    0.0474    0.0568    0.0001    1.2465    0.6340       -9.2727
    0.1297    0.4162    0.3000    0.2712    0.0649    0.0792    0.0001   -0.9256    0.3351       -4.4860
    0.0942    0.4591    0.1210    0.2076    0.0471    0.0693    0.0001   -1.8531    0.6102       -8.5816
    0.2333    0.4614    0.2795    0.1943    0.1166    0.0763    0.0001   -4.7502    0.2640     -159.5126
    0.2350    0.4566    0.2884    0.1983    0.1175    0.0756    0.0001   -4.6610    0.2606     -155.3528
    0.1106    0.4302    0.0176    0.1730    0.0553    0.0400    0.0001    0.5421    0.1888       -3.7168
    0.1110    0.4454    0.0191    0.2322    0.0555    0.0300    0.0001    0.5847    0.2552       -5.1507
    0.0675    0.4090    0.2961    0.1390    0.0338    0.0636    0.0001    0.4840    0.2300       -9.2870
    0.0768    0.4003    0.1180    0.1585    0.0384    0.0620    0.0001    0.5015    0.1940       -9.2557
    0.1906    0.3904    0.0145    0.1599    0.0953    0.0829    0.0001    1.1558    0.4943       -3.7845
    0.1939    0.4332    0.0564    0.0018    0.0970    0.1004    0.0001    4.3917   -0.6982      -17.7960
    0.2327    0.4791    0.0668    0.2124    0.1164    0.2893    0.0001    2.0008    0.1876        1.2783
    0.2394    0.4833    0.0652    0.2186    0.1197    0.2805    0.0001    2.0586    0.1930        1.2040
    0.1160    0.3541    0.0133    0.0181    0.0580    0.0307    0.0001   -0.4085    3.3161       -4.5050
    0.1170    0.3567    0.0147    0.0002    0.0585    0.0300    0.0001   -0.4515    5.2080       -4.5657
    0.2400    0.4904    0.2332    0.0241    0.1200    0.2629    0.0001    2.1823   -0.9345       -0.3297
    0.2397    0.5072    0.1492    0.0277    0.1199    0.2485    0.0001    2.8512   -1.1302       -2.4036
    0.1171    0.4511    0.0145    0.0940    0.0586    0.2245    0.0001    1.1450    0.0313       -5.2451
    0.1428    0.4672    0.1030    0.0002    0.0714    0.1683    0.0001    8.4534   -0.1612      -11.0330
    0.1262    0.4589    0.1935    0.0002    0.0631    0.0972    0.0001    3.1534   -2.2326       -7.0331
    0.1375    0.4607    0.2968    0.0002    0.0688    0.0990    0.0001    4.7924   -2.9040       -7.4321
    0.2375    0.6400    0.3000    0.9252    0.1188    0.4405    0.0001   -3.6102   -5.2215     -399.5477
    0.2359    0.6399    0.2997    0.9362    0.1179    0.4386    0.0001   -3.7084   -5.1963     -414.6654
    0.1343    0.4337    0.0285    0.0088    0.0671    0.1158    0.0001    0.4406    0.2210       -1.5845
    0.2099    0.5648    0.2957    0.0004    0.1049    0.2641    0.0001    6.6888    1.9174     -106.4473
    0.0705    0.5332    0.3000    0.1447    0.0352    0.0302    0.0001   -0.4218    0.1659       -5.0214
    0.0963    0.5252    0.1272    0.1997    0.0481    0.0300    0.0001   -0.5588    0.3234       -5.2503
    0.0854    0.4323    0.1360    0.1772    0.0427    0.0468    0.0001    0.3019    0.3964       -2.3881
    0.0891    0.4364    0.1309    0.1851    0.0445    0.0498    0.0001    0.3074    0.3881       -3.6640
    0.1803    0.3010    0.0157    0.0791    0.0901    0.1819    0.0001    0.4834    0.2025        0.3567
    0.1524    0.4522    0.1311    0.1328    0.0762    0.3387    0.0001    4.1263    7.4521       -8.0969
    0.1239    0.6252    0.1486    0.1048    0.0620    0.1931    0.0001    2.3408   -0.8273       -1.8279
    0.1700    0.6286    0.2813    0.1770    0.0850    0.1957    0.0001    4.0738   -0.5045      -53.3499
    0.1357    0.4087    0.3000    0.0779    0.0679    0.0357    0.0001   -0.6440    0.3025       -3.0783
    0.1093    0.4077    0.1158    0.0002    0.0547    0.0300    0.0001   -0.4380   -1.8241       -3.3712
    0.0961    0.4790    0.2565    0.1992    0.0480    0.2610    0.0001   -0.7233   -0.5683        3.5031
    0.1864    0.4734    0.0973    0.3889    0.0932    0.2559    0.0001   -0.8894   -0.5232        1.6306
    0.1877    0.4371    0.2105    0.1026    0.0938    0.2820    0.0001    0.5923    0.8743        2.0997
    0.1500    0.4301    0.0434    0.0002    0.0750    0.2878    0.0001    0.3834    1.6097        1.8057
    0.1100    0.4548    0.1527    0.2435    0.0550    0.0340    0.0001    0.8555    0.4969       -6.0696
    0.1124    0.4490    0.1492    0.2465    0.0562    0.0304    0.0001    0.5914    0.5700       -7.6944
    0.2400    0.5365    0.1165    0.5512    0.1200    0.1464    0.0001    2.1169   -0.2604      -37.3008
    0.2400    0.5341    0.1168    0.5500    0.1200    0.1457    0.0001    2.1083   -0.2599      -38.8262
    0.1172    0.4535    0.0100    0.2456    0.0586    0.0314    0.0001    0.2948   -0.2345       -1.2368
    0.1499    0.4480    0.0103    0.3154    0.0749    0.0382    0.0001    0.3180   -0.1478       -1.5143
    0.1424    0.3381    0.1649    0.0010    0.0712    0.0311    0.0001    0.5095   -0.0036       -1.2121
    0.1526    0.3429    0.2539    0.0002    0.0763    0.0300    0.0001    0.6217   -0.0046       -1.2392
    0.2400    0.5815    0.2963    0.4194    0.1200    0.4349    0.0001   -3.3397   -2.4042     -183.0037
    0.2400    0.5785    0.2937    0.4258    0.1200    0.4287    0.0001   -3.4126   -2.4268     -181.5316
    0.1624    0.3514    0.3000    0.0002    0.0812    0.0300    0.0001   -0.4686    0.4291        0.4523
    0.1427    0.3503    0.2072    0.0002    0.0713    0.0300    0.0001   -0.3522    0.3228        0.4241
    0.1457    0.4022    0.2873    0.3064    0.0728    0.0417    0.0001   -0.4049    0.3318       -4.4681
    0.1684    0.4011    0.2488    0.3551    0.0842    0.0336    0.0001   -0.4866    0.3003       -2.8906
    0.2400    0.4156    0.3000    0.0024    0.1200    0.0300    0.0001   -0.6254   16.4682        2.3947
    0.2018    0.4342    0.3000    0.0002    0.1009    0.0300    0.0001   -0.5942 1090.6016        2.2659
    0.1248    0.4793    0.0196    0.0193    0.0624    0.1965    0.0001    1.5450   -0.3911       -7.2495
    0.1405    0.5019    0.1433    0.0021    0.0702    0.1665    0.0001   12.3055   -2.3629      -42.2923
    0.2252    0.4236    0.3000    0.3133    0.1126    0.0300    0.0001   -3.0241    0.3672      -80.2178
    0.2338    0.4220    0.2988    0.3124    0.1169    0.0300    0.0001   -3.0426    0.3658      -84.1296
    0.2400    0.2354    0.0116    0.1097    0.1200    0.1508    0.0001    0.3557    0.1469        4.8096
    0.2400    0.2129    0.0110    0.0002    0.1200    0.0300    0.0001    0.3387    0.4466        4.6501
    0.1410    0.3785    0.0258    0.1178    0.0705    0.1728    0.0001    0.4018    0.2366        1.1928
    0.1437    0.3647    0.0234    0.0002    0.0718    0.2057    0.0001    0.3651    0.1825        0.9485
    0.1841    0.4133    0.0359    0.1118    0.0920    0.0363    0.0001    0.5594   -0.0159        0.8872
    0.1869    0.3980    0.0335    0.0002    0.0935    0.0300    0.0001    0.5224   -0.0255        0.7959
    0.2400    0.2741    0.0163    0.0947    0.1200    0.0888    0.0001    0.5007    0.2831        2.8030
    0.2357    0.2774    0.0154    0.0002    0.1178    0.0300    0.0001    0.4727    0.2509        2.5650
    0.1226    0.3514    0.0306    0.1985    0.0613    0.1369    0.0001   -0.4735   -0.1597       -0.8718
    0.1184    0.3631    0.0364    0.2481    0.0592    0.1333    0.0001   -0.5760   -0.1645       -2.7491
    0.1403    0.4450    0.2769    0.0178    0.0701    0.1819    0.0001   -4.5946    0.0726       -6.3937
    0.1452    0.4451    0.2794    0.0180    0.0726    0.1799    0.0001   -4.5728    0.0733       -7.5076
    0.2395    0.6200    0.2705    0.8758    0.1198    0.3986    0.0001   -3.0929   -2.1610     -329.0531
    0.2396    0.6148    0.2699    0.8804    0.1198    0.3985    0.0001   -3.0912   -2.1634     -331.0140
    0.1382    0.2959    0.0179    0.0003    0.0691    0.0311    0.0001    0.2780    0.8145        0.1811
    0.1338    0.2967    0.0189    0.0003    0.0669    0.0300    0.0001    0.2942    0.8598        0.1345
    0.1428    0.5226    0.2058    0.1471    0.0714    0.3772    0.0001   -3.3170    0.4811       -1.3370
    0.1438    0.5262    0.2072    0.1481    0.0719    0.3557    0.0001   -3.3393    0.4843       -1.4496
    0.1195    0.5057    0.3000    0.0017    0.0598    0.3246    0.0001   -4.6713   -1.1514       -6.3551
    0.1193    0.5055    0.2912    0.0017    0.0596    0.3249    0.0001   -4.5936   -1.1561       -6.3643
    0.2311    0.3981    0.0439    0.0002    0.1155    0.1301    0.0001    1.3526    1.2564       -1.5700
    0.2400    0.4590    0.1122    0.0002    0.1200    0.1339    0.0001    3.6973    0.9717      -22.5655
