    0.1602    0.3149    0.0552    0.0002    0.0801    0.0300    0.0001    0.3246    0.0762       26.4747
    0.1644    0.3128    0.0619    0.0002    0.0822    0.0300    0.0001    0.3316    0.0791       26.3340
    0.1701    0.3239    0.0975    0.0651    0.0850    0.0953    0.0001    0.3849    0.1066       22.4585
    0.1672    0.3273    0.0920    0.0675    0.0836    0.1018    0.0001    0.3847    0.0969       22.3360
    0.1965    0.3050    0.0926    0.0667    0.0982    0.0320    0.0001    0.4084    0.0899       44.2425
    0.2040    0.3049    0.1084    0.0790    0.1020    0.0300    0.0001    0.4319    0.1032       44.0264
    0.1732    0.3495    0.0853    0.0804    0.0866    0.1700    0.0001    0.4233    0.0886       37.3012
    0.1726    0.3382    0.0711    0.0004    0.0863    0.1615    0.0001    0.3942    0.0831       36.9963
    0.1682    0.3267    0.0765    0.0234    0.0841    0.0304    0.0001    0.3568    0.0972       16.0607
    0.1685    0.3259    0.0771    0.0002    0.0843    0.0300    0.0001    0.3570    0.0989       16.0114
    0.1641    0.3218    0.0222    0.0487    0.0820    0.1000    0.0001    0.3462    0.0836        7.9453
    0.1629    0.3251    0.0220    0.0632    0.0814    0.0535    0.0001    0.3428    0.0907        6.2941
    0.1866    0.3187    0.1018    0.0939    0.0933    0.0783    0.0001    0.3854    0.1201       39.0150
    0.1907    0.3572    0.1313    0.2240    0.0954    0.0927    0.0001    0.4771    0.1394       37.1835
    0.1916    0.3129    0.0130    0.0886    0.0958    0.1378    0.0001    0.3982    0.1092       -4.6819
    0.1549    0.3435    0.0107    0.1171    0.0775    0.0570    0.0001    0.3289    0.0958      -19.8125
    0.1679    0.3280    0.0967    0.0618    0.0839    0.0845    0.0001    0.3691    0.0908       25.6113
    0.1638    0.3294    0.0890    0.0006    0.0819    0.1041    0.0001    0.3611    0.0860       24.9234
    0.1842    0.3323    0.1436    0.1055    0.0921    0.0361    0.0001    0.4415    0.1983      -16.9753
    0.1989    0.3740    0.1966    0.2806    0.0995    0.0566    0.0001    0.6075    0.2385      -19.7125
    0.1683    0.3514    0.1585    0.1043    0.0842    0.1237    0.0001    0.4726    0.1610       -7.2777
    0.1808    0.3532    0.1665    0.1749    0.0904    0.0886    0.0001    0.5064    0.1808       -8.2186
    0.1444    0.3965    0.1098    0.1018    0.0722    0.1870    0.0001    0.4207    0.1121       -2.3818
    0.1439    0.3931    0.1059    0.0898    0.0720    0.1843    0.0001    0.4063    0.1113       -2.4183
    0.1715    0.3511    0.1159    0.1449    0.0858    0.1002    0.0001    0.4362    0.1135       15.9775
    0.1749    0.3523    0.1291    0.1547    0.0874    0.0998    0.0001    0.4501    0.1263       15.8862
    0.1601    0.3929    0.1078    0.1889    0.0801    0.1652    0.0001    0.5250    0.1050       22.0201
    0.1827    0.3802    0.1475    0.2485    0.0913    0.1105    0.0001    0.5701    0.1362       20.5356
    0.1729    0.3673    0.1100    0.1711    0.0864    0.1536    0.0001    0.4888    0.1299       10.0356
    0.1767    0.3654    0.1157    0.1781    0.0884    0.1482    0.0001    0.4955    0.1375        9.9660
    0.2266    0.3853    0.2403    0.3678    0.1133    0.1015    0.0001    0.8015    0.1664       25.5590
    0.2013    0.3673    0.1727    0.2830    0.1006    0.0709    0.0001    0.6211    0.1398       24.8338
    0.1908    0.3701    0.1975    0.0971    0.0954    0.1609    0.0001    0.6319    0.1689       -7.5607
    0.2018    0.3639    0.2215    0.0005    0.1009    0.1638    0.0001    0.6541    0.1875       -8.0449
    0.1796    0.3427    0.1039    0.0313    0.0898    0.1046    0.0001    0.4339    0.1141       10.5159
    0.1814    0.3437    0.1119    0.0275    0.0907    0.1080    0.0001    0.4433    0.1217       10.4721
    0.1509    0.3712    0.0156    0.0725    0.0755    0.1158    0.0001    0.4785    0.0860      -50.2496
    0.1530    0.3415    0.0126    0.0004    0.0765    0.0300    0.0001    0.3871    0.0751      -54.1163
    0.2307    0.3490    0.2346    0.1855    0.1154    0.1450    0.0001    0.6782    0.2291       20.9957
    0.2400    0.3664    0.2436    0.3032    0.1200    0.1352    0.0001    0.7637    0.2365       19.9865
    0.1896    0.3203    0.1035    0.1231    0.0948    0.0969    0.0001    0.3987    0.1243       45.8156
    0.2056    0.3227    0.1428    0.1548    0.1028    0.0911    0.0001    0.4551    0.1547       45.2091
    0.1570    0.3524    0.0258    0.0584    0.0785    0.1193    0.0001    0.4068    0.1063        6.8973
    0.1611    0.3700    0.0280    0.1759    0.0805    0.0716    0.0001    0.4353    0.0909        0.7105
    0.1767    0.3431    0.1219    0.0595    0.0883    0.1220    0.0001    0.4720    0.1046       20.8838
    0.1735    0.3686    0.1214    0.1851    0.0867    0.1090    0.0001    0.5297    0.0933       19.9375
    0.1715    0.3181    0.0959    0.0475    0.0858    0.0868    0.0001    0.3868    0.1180       12.7649
    0.1709    0.3182    0.0940    0.0487    0.0855    0.0861    0.0001    0.3856    0.1161       12.7614
    0.1956    0.3466    0.2066    0.2372    0.0978    0.0472    0.0001    0.5668    0.1090       28.8178
    0.1705    0.3510    0.1341    0.2149    0.0852    0.0397    0.0001    0.4732    0.1031       26.7149
    0.1715    0.3378    0.1088    0.0954    0.0858    0.1061    0.0001    0.4226    0.1688      -22.9421
    0.1676    0.3319    0.0873    0.0920    0.0838    0.0850    0.0001    0.3923    0.1542      -23.0960
    0.1744    0.3741    0.1328    0.1378    0.0872    0.1761    0.0001    0.4854    0.1502       16.9463
    0.2003    0.3780    0.1659    0.3006    0.1001    0.0809    0.0001    0.5830    0.1805       13.9657
    0.1872    0.3598    0.1302    0.2581    0.0936    0.0309    0.0001    0.5134    0.1403       16.8682
    0.2081    0.3810    0.1996    0.3473    0.1041    0.0620    0.0001    0.6505    0.2002       16.2589
    0.1861    0.3412    0.1447    0.0939    0.0930    0.1131    0.0001    0.4835    0.1508        1.8010
    0.1882    0.3524    0.1624    0.1326    0.0941    0.1241    0.0001    0.5273    0.1625        1.6787
    0.1725    0.3132    0.1055    0.0472    0.0863    0.0898    0.0001    0.3999    0.1174       10.8116
    0.1723    0.3140    0.1046    0.0002    0.0861    0.0950    0.0001    0.3992    0.1155       10.6127
    0.1608    0.3342    0.0722    0.0373    0.0804    0.1101    0.0001    0.4028    0.0704       13.1658
    0.1608    0.3339    0.0718    0.0377    0.0804    0.1089    0.0001    0.4022    0.0707       13.1631
    0.1423    0.3658    0.0243    0.1088    0.0711    0.1357    0.0001    0.3779    0.1132       -7.7533
    0.1467    0.3733    0.0266    0.1738    0.0733    0.0892    0.0001    0.4143    0.0968      -11.1175
    0.1761    0.3512    0.1160    0.1453    0.0880    0.1725    0.0001    0.4576    0.1395       27.4787
    0.2113    0.3870    0.2029    0.3340    0.1057    0.1554    0.0001    0.6725    0.2265       24.4908
    0.1730    0.3244    0.0735    0.0809    0.0865    0.0860    0.0001    0.3986    0.0876       27.8564
    0.1844    0.3475    0.1097    0.1927    0.0922    0.0862    0.0001    0.4889    0.1066       26.6868
    0.1845    0.3265    0.1011    0.0895    0.0923    0.0441    0.0001    0.4169    0.1081       26.4399
    0.1833    0.3277    0.0983    0.0953    0.0917    0.0406    0.0001    0.4168    0.1053       26.4245
    0.1901    0.3465    0.1512    0.1589    0.0951    0.1028    0.0001    0.4681    0.2220      -11.0543
    0.2112    0.3602    0.1972    0.2555    0.1056    0.0825    0.0001    0.5789    0.2551      -12.0045
    0.1642    0.3466    0.0856    0.0586    0.0821    0.0772    0.0001    0.3918    0.0871       25.4436
    0.1635    0.3476    0.0782    0.0649    0.0817    0.0858    0.0001    0.3792    0.0794       25.1310
    0.1929    0.3582    0.1363    0.2618    0.0965    0.0753    0.0001    0.5199    0.1443       32.7243
    0.2058    0.3609    0.1719    0.2940    0.1029    0.0786    0.0001    0.5751    0.1695       32.4955
    0.1533    0.3596    0.1039    0.1342    0.0767    0.0807    0.0001    0.4497    0.1342      -33.5820
    0.1630    0.3652    0.1340    0.1860    0.0815    0.0685    0.0001    0.5007    0.1662      -34.2186
    0.1540    0.3591    0.0935    0.1786    0.0770    0.0883    0.0001    0.4047    0.1020       20.3492
    0.1603    0.3689    0.1187    0.2135    0.0802    0.0983    0.0001    0.4573    0.1099       20.0560
    0.1672    0.3030    0.0100    0.0004    0.0836    0.0300    0.0001    0.3075    0.0858        6.6356
    0.1676    0.3043    0.0103    0.0004    0.0838    0.0300    0.0001    0.3160    0.0847        6.5034
    0.1565    0.3290    0.0108    0.0014    0.0783    0.0909    0.0001    0.3323    0.0730      -15.2959
    0.1566    0.3291    0.0108    0.0014    0.0783    0.0902    0.0001    0.3321    0.0737      -15.2975
    0.1695    0.3300    0.0935    0.0796    0.0848    0.0355    0.0001    0.4022    0.0786       20.4849
    0.1697    0.3320    0.0953    0.0915    0.0849    0.0339    0.0001    0.4065    0.0798       20.4727
    0.1788    0.3136    0.1110    0.0270    0.0894    0.0761    0.0001    0.3775    0.0860       49.4514
    0.1779    0.3426    0.1279    0.1659    0.0890    0.0793    0.0001    0.4334    0.0919       48.8350
    0.1631    0.3297    0.0109    0.1091    0.0815    0.0647    0.0001    0.3338    0.0627       18.5634
    0.1611    0.3530    0.0120    0.1691    0.0806    0.0824    0.0001    0.3670    0.0645       17.7150
    0.1670    0.3484    0.0884    0.0830    0.0835    0.1202    0.0001    0.3903    0.1042       17.8819
    0.1736    0.3525    0.1058    0.1307    0.0868    0.0986    0.0001    0.4152    0.1193       17.3062
    0.1618    0.3372    0.0123    0.0382    0.0809    0.1062    0.0001    0.3781    0.1060      -22.1968
    0.1680    0.3280    0.0119    0.1045    0.0840    0.0300    0.0001    0.3647    0.0984      -23.4961
    0.1606    0.3205    0.0111    0.0441    0.0803    0.0753    0.0001    0.3391    0.0628        1.0618
    0.1582    0.3419    0.0120    0.1251    0.0791    0.0916    0.0001    0.3670    0.0675       -0.4231
    0.1559    0.3758    0.0788    0.1663    0.0780    0.1114    0.0001    0.3991    0.0746       40.5862
    0.1730    0.3760    0.1335    0.2109    0.0865    0.0946    0.0001    0.4654    0.1143       39.3884
    0.1706    0.3553    0.1056    0.2184    0.0853    0.0787    0.0001    0.4287    0.1298       25.9307
    0.1718    0.3548    0.1041    0.2224    0.0859    0.0777    0.0001    0.4383    0.1276       25.8450
    0.1726    0.3283    0.0884    0.0524    0.0863    0.0843    0.0001    0.4230    0.1132        0.6408
    0.1628    0.3418    0.0482    0.1211    0.0814    0.0666    0.0001    0.4176    0.0939       -0.5360
    0.1593    0.3434    0.0433    0.1511    0.0797    0.0300    0.0001    0.3673    0.0936       20.5102
    0.1568    0.3401    0.0413    0.1326    0.0784    0.0300    0.0001    0.3550    0.0862       20.3190
    0.1534    0.3438    0.0796    0.0189    0.0767    0.1288    0.0001    0.3724    0.0891       14.0397
    0.1546    0.3444    0.0739    0.0159    0.0773    0.1380    0.0001    0.3743    0.0780       13.6361
    0.1736    0.3535    0.1305    0.0335    0.0868    0.1510    0.0001    0.4622    0.1549       -7.8558
    0.1729    0.3551    0.1310    0.0342    0.0865    0.1560    0.0001    0.4657    0.1545       -7.8728
    0.1811    0.3218    0.1144    0.0275    0.0905    0.0911    0.0001    0.4279    0.1438        0.2825
    0.1838    0.3210    0.1211    0.0262    0.0919    0.0942    0.0001    0.4344    0.1496        0.2571
    0.1870    0.3310    0.1501    0.0504    0.0935    0.1132    0.0001    0.4674    0.1597       -3.5127
    0.2047    0.3645    0.2219    0.2185    0.1023    0.1198    0.0001    0.6387    0.2264       -5.5111
    0.1737    0.3359    0.0937    0.0483    0.0869    0.1159    0.0001    0.3875    0.1173       25.2517
    0.1691    0.3319    0.0675    0.0572    0.0845    0.0922    0.0001    0.3634    0.0955       24.4714
    0.1862    0.3390    0.1181    0.1543    0.0931    0.1165    0.0001    0.4661    0.1486       15.1517
    0.2069    0.3370    0.1651    0.1686    0.1035    0.1238    0.0001    0.5393    0.1853       14.4447
    0.1731    0.3741    0.1370    0.2045    0.0865    0.1654    0.0001    0.5039    0.1145       27.1305
    0.1876    0.3876    0.2036    0.2822    0.0938    0.1068    0.0001    0.6361    0.1511       22.5381
    0.1723    0.3443    0.0879    0.0817    0.0862    0.1423    0.0001    0.4069    0.0777       45.9103
    0.1744    0.3478    0.0867    0.1142    0.0872    0.1293    0.0001    0.4148    0.0762       45.6697
    0.1763    0.3313    0.1311    0.0040    0.0882    0.1018    0.0001    0.4127    0.1205       16.3890
    0.1761    0.3312    0.1311    0.0040    0.0881    0.1016    0.0001    0.4134    0.1206       16.3864
    0.1781    0.3368    0.1271    0.0528    0.0890    0.1278    0.0001    0.4024    0.1206       33.5200
    0.1768    0.3254    0.1099    0.0658    0.0884    0.0660    0.0001    0.3720    0.1107       32.4243
    0.1934    0.3545    0.1762    0.1243    0.0967    0.1672    0.0001    0.5665    0.1488       30.9766
    0.2280    0.3732    0.2236    0.3455    0.1140    0.0786    0.0001    0.7386    0.1898       24.9481
    0.1879    0.3161    0.1061    0.0859    0.0939    0.0680    0.0001    0.3927    0.1329       31.4477
    0.1928    0.3235    0.1192    0.1324    0.0964    0.0680    0.0001    0.4220    0.1429       31.1989
    0.1459    0.3731    0.0128    0.1245    0.0730    0.1516    0.0001    0.3915    0.1169      -38.1609
    0.1528    0.3642    0.0127    0.1464    0.0764    0.1179    0.0001    0.3886    0.1098      -38.9170
    0.1865    0.3198    0.0964    0.0651    0.0932    0.0951    0.0001    0.3946    0.1205       39.6707
    0.1859    0.3349    0.0933    0.1530    0.0929    0.0762    0.0001    0.4134    0.1143       38.1471
    0.1421    0.3524    0.0220    0.1046    0.0710    0.0930    0.0001    0.3443    0.0781       -7.1261
    0.1478    0.3471    0.0231    0.1282    0.0739    0.0395    0.0001    0.3590    0.0888       -9.1028
    0.1692    0.3356    0.0908    0.0442    0.0846    0.0776    0.0001    0.3784    0.1212        7.9741
    0.1647    0.3463    0.0814    0.1036    0.0824    0.0723    0.0001    0.3799    0.1136        7.6566
    0.1835    0.3134    0.1154    0.0013    0.0917    0.0331    0.0001    0.4038    0.1308       14.9437
    0.1856    0.3114    0.1187    0.0014    0.0928    0.0300    0.0001    0.4047    0.1351       14.8768
    0.1698    0.3689    0.1155    0.2134    0.0849    0.1016    0.0001    0.4752    0.1713       10.1192
    0.1912    0.3720    0.1573    0.2713    0.0956    0.1019    0.0001    0.5616    0.1927        9.1735
    0.1608    0.3635    0.1177    0.1209    0.0804    0.1245    0.0001    0.4708    0.1340      -16.2450
    0.1592    0.3671    0.1138    0.1345    0.0796    0.1240    0.0001    0.4751    0.1271      -16.3556
    0.2266    0.3545    0.2027    0.2500    0.1133    0.1346    0.0001    0.6759    0.1974       36.8940
    0.2383    0.3786    0.2263    0.3727    0.1192    0.1207    0.0001    0.7701    0.1976       34.8807
    0.1682    0.3449    0.1004    0.1572    0.0841    0.0776    0.0001    0.3912    0.0974       41.1258
    0.1728    0.3464    0.1122    0.1714    0.0864    0.0753    0.0001    0.4060    0.1041       41.0675
    0.1804    0.3163    0.1232    0.0411    0.0902    0.0710    0.0001    0.3798    0.1010       48.3694
    0.1821    0.3296    0.1314    0.1280    0.0910    0.0664    0.0001    0.4080    0.1035       47.5664
    0.1604    0.3330    0.0761    0.1045    0.0802    0.0620    0.0001    0.3778    0.0755       19.2992
    0.1637    0.3416    0.0865    0.1452    0.0818    0.0352    0.0001    0.3992    0.0871       18.6424
    0.1840    0.3069    0.1230    0.0445    0.0920    0.0301    0.0001    0.4220    0.1329        7.8682
    0.1827    0.3049    0.1207    0.0012    0.0914    0.0300    0.0001    0.4169    0.1257        7.7861
    0.1838    0.3255    0.0883    0.1585    0.0919    0.0681    0.0001    0.4149    0.0772       61.0444
    0.2050    0.3275    0.1330    0.2235    0.1025    0.0309    0.0001    0.4853    0.1137       59.4419
    0.1590    0.3390    0.0635    0.0841    0.0795    0.1140    0.0001    0.3558    0.0777       40.8120
    0.1516    0.3711    0.0460    0.1739    0.0758    0.1251    0.0001    0.3959    0.0710       37.4774
    0.1910    0.3202    0.1488    0.0002    0.0955    0.0300    0.0001    0.4295    0.1652        6.0303
    0.1876    0.3206    0.1349    0.0002    0.0938    0.0300    0.0001    0.4202    0.1587        5.9266
    0.1642    0.3269    0.0706    0.0451    0.0821    0.0880    0.0001    0.3547    0.0858       24.4995
    0.1646    0.3285    0.0731    0.0683    0.0823    0.0813    0.0001    0.3606    0.0867       24.4534
    0.1583    0.3470    0.0486    0.1087    0.0792    0.0576    0.0001    0.4085    0.1714      -59.3316
    0.1537    0.3360    0.0429    0.0008    0.0769    0.0439    0.0001    0.3727    0.1532      -60.2087
    0.1717    0.3276    0.0926    0.0675    0.0859    0.0734    0.0001    0.3994    0.1057        9.4395
    0.1759    0.3190    0.0975    0.0002    0.0879    0.0678    0.0001    0.3945    0.1163        9.1121
    0.1581    0.3207    0.0100    0.0429    0.0790    0.0341    0.0001    0.3091    0.0691      -21.7746
    0.1588    0.3393    0.0121    0.1142    0.0794    0.0462    0.0001    0.3711    0.0812      -24.2289
    0.1889    0.3410    0.1310    0.1367    0.0945    0.1316    0.0001    0.5472    0.1522        8.5413
    0.1845    0.3662    0.1216    0.2338    0.0923    0.1229    0.0001    0.6144    0.1315        6.5072
    0.1933    0.3864    0.2537    0.2737    0.0967    0.1108    0.0001    0.6986    0.1776        3.4033
    0.1950    0.3863    0.2618    0.2798    0.0975    0.1100    0.0001    0.7065    0.1994        3.2231
    0.1759    0.3160    0.0944    0.0391    0.0879    0.0305    0.0001    0.3817    0.1094       14.5529
    0.1909    0.3212    0.1377    0.1008    0.0954    0.0300    0.0001    0.4401    0.1455       13.7081
    0.1753    0.3742    0.1601    0.1495    0.0876    0.1538    0.0001    0.5470    0.1662       -7.7975
    0.1796    0.3906    0.1744    0.2543    0.0898    0.1360    0.0001    0.6312    0.1844       -9.9996
    0.1940    0.3490    0.1894    0.1656    0.0970    0.0963    0.0001    0.5343    0.1336       27.9732
    0.1978    0.3448    0.1926    0.1608    0.0989    0.0891    0.0001    0.5333    0.1473       27.7924
    0.1530    0.3233    0.0100    0.0733    0.0765    0.0918    0.0001    0.3104    0.0683      -11.7442
    0.1611    0.3237    0.0119    0.1174    0.0806    0.0300    0.0001    0.3660    0.0758      -14.7075
    0.2012    0.3293    0.1599    0.0543    0.1006    0.0851    0.0001    0.4968    0.1686        6.3745
    0.2035    0.3432    0.1689    0.1648    0.1018    0.0650    0.0001    0.5385    0.1753        5.8733
    0.1890    0.3612    0.1621    0.1680    0.0945    0.1305    0.0001    0.5379    0.1418       26.9433
    0.1900    0.3546    0.1447    0.1833    0.0950    0.1004    0.0001    0.5100    0.1345       26.4038
    0.1551    0.3380    0.0695    0.0026    0.0775    0.0973    0.0001    0.3608    0.0875        2.4618
    0.1570    0.3323    0.0698    0.0026    0.0785    0.0731    0.0001    0.3558    0.0904        2.2558
    0.1690    0.3302    0.0732    0.1126    0.0845    0.0457    0.0001    0.4132    0.0934       14.9097
    0.1901    0.3630    0.1420    0.2506    0.0951    0.0698    0.0001    0.5860    0.1319       12.3261
    0.1697    0.3377    0.0883    0.1500    0.0848    0.0679    0.0001    0.3803    0.1159       24.9891
    0.1717    0.3530    0.0944    0.1924    0.0858    0.0849    0.0001    0.4166    0.1213       24.6765
    0.1663    0.3346    0.0832    0.1305    0.0831    0.0738    0.0001    0.3755    0.1027       30.7690
    0.1691    0.3551    0.1064    0.1884    0.0846    0.0910    0.0001    0.4346    0.1134       30.3053
    0.1603    0.3248    0.0112    0.0002    0.0802    0.1004    0.0001    0.3430    0.0894      -31.2939
    0.1611    0.3222    0.0113    0.0002    0.0805    0.0417    0.0001    0.3477    0.0938      -33.0556
    0.1885    0.3579    0.1580    0.2086    0.0943    0.0852    0.0001    0.4815    0.1631       10.3570
    0.1890    0.3958    0.1999    0.2934    0.0945    0.1253    0.0001    0.6291    0.1872        8.3969
    0.1542    0.3482    0.0741    0.0713    0.0771    0.1247    0.0001    0.3973    0.1087        0.8535
    0.1549    0.3817    0.1073    0.1904    0.0774    0.1349    0.0001    0.4965    0.1163       -1.1307
    0.1685    0.3206    0.0616    0.0649    0.0842    0.0910    0.0001    0.3472    0.1018       25.3922
    0.1697    0.3249    0.0664    0.0993    0.0848    0.0763    0.0001    0.3590    0.1045       25.2633
    0.1794    0.2994    0.0629    0.0536    0.0897    0.0787    0.0001    0.3787    0.1055       20.6588
    0.1727    0.3390    0.0508    0.1862    0.0864    0.0887    0.0001    0.4376    0.1039       19.8591
    0.1624    0.3523    0.0980    0.1379    0.0812    0.0941    0.0001    0.4502    0.0841       16.1353
    0.1682    0.3631    0.1245    0.1859    0.0841    0.0979    0.0001    0.5019    0.1072       15.6110
    0.1836    0.3655    0.1442    0.2330    0.0918    0.0988    0.0001    0.4837    0.1757       16.0519
    0.1944    0.3874    0.1894    0.3063    0.0972    0.1240    0.0001    0.5998    0.2016       15.2976
    0.1809    0.3233    0.1007    0.0699    0.0905    0.0980    0.0001    0.4237    0.1204       16.3368
    0.1824    0.3233    0.1058    0.0697    0.0912    0.0995    0.0001    0.4287    0.1253       16.3218
    0.2087    0.3381    0.1722    0.1600    0.1044    0.1225    0.0001    0.5258    0.1661       28.5016
    0.1964    0.3550    0.1491    0.2151    0.0982    0.1124    0.0001    0.5262    0.1494       27.2737
    0.2264    0.3388    0.2244    0.0008    0.1132    0.1258    0.0001    0.6189    0.1890       17.2813
    0.2098    0.3228    0.1697    0.0009    0.1049    0.0771    0.0001    0.5091    0.1684       16.2180
    0.1773    0.3496    0.1424    0.1884    0.0886    0.0711    0.0001    0.4483    0.1037       31.0896
    0.1852    0.3641    0.1734    0.2426    0.0926    0.0666    0.0001    0.5180    0.1401       29.9305
    0.1548    0.3435    0.0950    0.0974    0.0774    0.1185    0.0001    0.3903    0.1210       -2.6463
    0.1588    0.3580    0.1164    0.1619    0.0794    0.1053    0.0001    0.4494    0.1300       -3.4272
    0.1706    0.3291    0.0815    0.0351    0.0853    0.0746    0.0001    0.3598    0.0883       28.3104
    0.1727    0.3315    0.0907    0.0269    0.0863    0.0731    0.0001    0.3704    0.0962       28.1073
    0.1959    0.3318    0.1521    0.1185    0.0979    0.1066    0.0001    0.4925    0.1542       11.2712
    0.1921    0.3493    0.1475    0.2079    0.0961    0.0794    0.0001    0.5199    0.1622        9.6794
    0.1881    0.3495    0.1752    0.0950    0.0940    0.1599    0.0001    0.5497    0.1618        3.0327
    0.1897    0.3593    0.1804    0.1738    0.0948    0.1436    0.0001    0.5852    0.1697        2.5743
    0.2026    0.3416    0.1526    0.1654    0.1013    0.1346    0.0001    0.5060    0.1124       53.6198
    0.2180    0.3306    0.1620    0.2231    0.1090    0.0300    0.0001    0.5171    0.1290       51.4040
    0.1717    0.3600    0.0996    0.1635    0.0858    0.1431    0.0001    0.4542    0.0925       41.8359
    0.2202    0.3848    0.2152    0.3510    0.1101    0.1096    0.0001    0.7006    0.1811       37.4064
    0.1844    0.3667    0.1616    0.1666    0.0922    0.1494    0.0001    0.4925    0.1675       20.2443
    0.1869    0.3476    0.1347    0.1887    0.0934    0.0591    0.0001    0.4459    0.1514       19.3672
    0.2210    0.3546    0.2274    0.2503    0.1105    0.1068    0.0001    0.6156    0.2268       22.4281
    0.2173    0.3603    0.2170    0.2725    0.1086    0.1016    0.0001    0.6156    0.2131       22.2297
    0.1630    0.3299    0.0393    0.0693    0.0815    0.1139    0.0001    0.3459    0.1126        4.5635
    0.1634    0.3335    0.0404    0.0986    0.0817    0.1006    0.0001    0.3540    0.1143        4.4589
    0.1622    0.3425    0.0916    0.0520    0.0811    0.1195    0.0001    0.3651    0.0721       40.0061
    0.1601    0.3688    0.1021    0.1582    0.0801    0.1118    0.0001    0.4115    0.0757       39.1005
    0.1770    0.3393    0.1104    0.0682    0.0885    0.0614    0.0001    0.4712    0.1000        3.0017
    0.1831    0.3660    0.1439    0.1925    0.0916    0.0650    0.0001    0.5748    0.1216        1.2750
    0.2253    0.3159    0.1649    0.0740    0.1126    0.1195    0.0001    0.5020    0.1726       40.9813
    0.2379    0.3574    0.1967    0.2971    0.1189    0.1031    0.0001    0.6425    0.1971       38.0891
    0.1943    0.3252    0.1438    0.0953    0.0971    0.1327    0.0001    0.4054    0.1222       62.3442
    0.1919    0.3181    0.1367    0.0333    0.0959    0.1325    0.0001    0.3865    0.1228       62.1836
    0.1991    0.3475    0.1658    0.1965    0.0996    0.0340    0.0001    0.5364    0.1624       13.5908
    0.1958    0.3471    0.1553    0.1944    0.0979    0.0300    0.0001    0.5190    0.1563       13.4971
    0.2044    0.3024    0.1616    0.0946    0.1022    0.0304    0.0001    0.4751    0.1345       33.3845
    0.2034    0.3278    0.1703    0.2085    0.1017    0.0308    0.0001    0.5340    0.1356       31.6843
    0.1662    0.3419    0.0805    0.1357    0.0831    0.0724    0.0001    0.4014    0.0762       30.5840
    0.1829    0.3633    0.1342    0.2391    0.0914    0.0730    0.0001    0.5359    0.1091       29.1206
    0.1568    0.3302    0.0380    0.0230    0.0784    0.1144    0.0001    0.3379    0.0578       28.3612
    0.1583    0.3292    0.0394    0.0227    0.0792    0.0985    0.0001    0.3454    0.0633       28.0193
    0.1661    0.3494    0.0715    0.1044    0.0831    0.1613    0.0001    0.3818    0.0890       40.5884
    0.1671    0.3527    0.0762    0.1190    0.0835    0.1617    0.0001    0.3917    0.0916       40.5641
    0.1566    0.3420    0.0795    0.0777    0.0783    0.0879    0.0001    0.3659    0.1074        1.2362
    0.1557    0.3498    0.0817    0.1154    0.0779    0.0802    0.0001    0.3776    0.1108        1.1409
    0.1836    0.3047    0.0407    0.0611    0.0918    0.0301    0.0001    0.3566    0.0977       31.5529
    0.1828    0.3139    0.0423    0.1044    0.0914    0.0300    0.0001    0.3706    0.0981       31.4456
    0.1894    0.3206    0.1529    0.0786    0.0947    0.0792    0.0001    0.4476    0.1324       29.5928
    0.1845    0.3274    0.1394    0.1363    0.0923    0.0614    0.0001    0.4481    0.1244       28.8176
    0.1768    0.3570    0.1532    0.1041    0.0884    0.1671    0.0001    0.5250    0.1360       12.1163
    0.2069    0.3788    0.2419    0.2570    0.1035    0.1447    0.0001    0.7122    0.1893        9.2264
    0.1704    0.3703    0.1335    0.1737    0.0852    0.1344    0.0001    0.5012    0.1349        6.2995
    0.1703    0.3715    0.1345    0.1740    0.0852    0.1385    0.0001    0.5053    0.1338        6.2797
    0.1498    0.3505    0.0274    0.0585    0.0749    0.0653    0.0001    0.4284    0.0833      -20.2475
    0.1478    0.3527    0.0248    0.1153    0.0739    0.0300    0.0001    0.3860    0.0940      -25.0420
    0.1934    0.3123    0.0134    0.0682    0.0967    0.1554    0.0001    0.4101    0.1124        1.5502
    0.1574    0.3599    0.0130    0.1396    0.0787    0.1234    0.0001    0.3975    0.0787       -9.8321
    0.1969    0.3126    0.1382    0.0748    0.0985    0.0733    0.0001    0.4438    0.1430       21.9997
    0.1981    0.3120    0.1407    0.0673    0.0991    0.0765    0.0001    0.4459    0.1457       21.9896
    0.1935    0.3909    0.2998    0.1268    0.0967    0.1713    0.0001    0.7198    0.2325       -2.7017
    0.1827    0.4000    0.2588    0.2449    0.0914    0.1285    0.0001    0.6989    0.2166       -6.2319
    0.1774    0.3410    0.0154    0.0491    0.0887    0.1383    0.0001    0.4727    0.1101      -23.9844
    0.1641    0.3256    0.0119    0.0045    0.0820    0.0367    0.0001    0.3667    0.0918      -34.7851
    0.1912    0.3828    0.2486    0.2240    0.0956    0.1542    0.0001    0.6950    0.1718        6.2241
    0.1872    0.3832    0.2062    0.2654    0.0936    0.1198    0.0001    0.6465    0.1792        3.5883
    0.1754    0.3295    0.1441    0.0630    0.0877    0.1154    0.0001    0.4061    0.1155       30.6586
    0.1753    0.3296    0.1437    0.0648    0.0876    0.1133    0.0001    0.4058    0.1162       30.6522
    0.1858    0.3234    0.0859    0.0944    0.0929    0.0990    0.0001    0.4060    0.1018       40.5620
    0.1871    0.3428    0.0994    0.1667    0.0936    0.0996    0.0001    0.4495    0.1095       40.2239
    0.1814    0.3073    0.1196    0.0307    0.0907    0.0685    0.0001    0.4007    0.1051       28.5012
    0.1819    0.3100    0.1249    0.0205    0.0910    0.0812    0.0001    0.4082    0.1069       28.4558
    0.1724    0.3129    0.0656    0.0515    0.0862    0.0543    0.0001    0.3427    0.0690       54.3158
    0.1856    0.3613    0.1290    0.2375    0.0928    0.0754    0.0001    0.4773    0.0996       52.7026
    0.1680    0.3774    0.0931    0.1618    0.0840    0.1887    0.0001    0.4654    0.1175       23.3501
    0.1962    0.3809    0.1410    0.2810    0.0981    0.1166    0.0001    0.5647    0.1675       20.5551
    0.1994    0.3219    0.1158    0.0701    0.0997    0.1143    0.0001    0.4190    0.1237       40.9563
    0.1982    0.3212    0.1167    0.0029    0.0991    0.1264    0.0001    0.4159    0.1279       40.7684
    0.1855    0.3278    0.1062    0.0858    0.0928    0.1182    0.0001    0.4431    0.1025       36.1472
    0.1863    0.3455    0.1167    0.1672    0.0932    0.1124    0.0001    0.4847    0.1097       35.6670
    0.1693    0.3190    0.0723    0.0278    0.0846    0.0483    0.0001    0.3719    0.0911       16.3574
    0.1734    0.3695    0.1189    0.2192    0.0867    0.0826    0.0001    0.5048    0.1222       15.0614
    0.1848    0.3541    0.1413    0.1241    0.0924    0.1183    0.0001    0.4856    0.1678       -1.9736
    0.2022    0.3853    0.1798    0.2856    0.1011    0.1146    0.0001    0.6535    0.2131       -4.8092
    0.1588    0.3663    0.1101    0.1217    0.0794    0.1208    0.0001    0.4625    0.1444      -19.6178
    0.1578    0.3781    0.1135    0.1647    0.0789    0.1203    0.0001    0.5022    0.1320      -20.6705
    0.1716    0.3425    0.1193    0.0020    0.0858    0.0944    0.0001    0.3970    0.1102       14.6631
    0.1758    0.3461    0.1400    0.0015    0.0879    0.1043    0.0001    0.4233    0.1273       14.4793
    0.1694    0.3202    0.0710    0.0845    0.0847    0.0472    0.0001    0.3803    0.0868       27.9618
    0.1713    0.3231    0.0763    0.1140    0.0857    0.0307    0.0001    0.3913    0.0913       27.8372
    0.1646    0.3305    0.0973    0.0847    0.0823    0.1040    0.0001    0.3580    0.1192       22.7698
    0.1673    0.3442    0.1078    0.1557    0.0836    0.0865    0.0001    0.3942    0.1223       22.0722
    0.1820    0.3612    0.1475    0.1913    0.0910    0.1430    0.0001    0.5345    0.1387       11.4492
    0.1875    0.3554    0.1530    0.1986    0.0938    0.1029    0.0001    0.5388    0.1440       10.7705
    0.2159    0.3612    0.2296    0.2385    0.1080    0.0557    0.0001    0.6333    0.1502       40.8391
    0.2129    0.3687    0.2236    0.2617    0.1065    0.0632    0.0001    0.6453    0.1300       40.4741
    0.1466    0.3614    0.0779    0.0863    0.0733    0.1373    0.0001    0.3342    0.1047       13.0293
    0.1478    0.3618    0.0815    0.1062    0.0739    0.1219    0.0001    0.3392    0.1078       12.8987
    0.1691    0.3224    0.0622    0.0498    0.0846    0.0566    0.0001    0.3548    0.0725       37.5020
    0.1645    0.3327    0.0410    0.0947    0.0823    0.0533    0.0001    0.3574    0.0654       36.7962
    0.1738    0.3042    0.0211    0.0309    0.0869    0.0981    0.0001    0.3282    0.0969       14.2226
    0.1647    0.3452    0.0244    0.1716    0.0824    0.0552    0.0001    0.3805    0.1070        9.5298
    0.1725    0.3451    0.0278    0.0801    0.0862    0.1429    0.0001    0.4324    0.1051       -2.5495
    0.1785    0.3187    0.0250    0.0037    0.0893    0.0975    0.0001    0.3880    0.1041       -4.4863
    0.1548    0.3465    0.0694    0.0748    0.0774    0.1035    0.0001    0.3752    0.0775        5.5099
    0.1511    0.3587    0.0682    0.1144    0.0755    0.1042    0.0001    0.3860    0.0889        4.9703
    0.1912    0.3348    0.1012    0.1874    0.0956    0.0662    0.0001    0.4443    0.0908       65.4672
    0.2250    0.3492    0.1928    0.2755    0.1125    0.0776    0.0001    0.6092    0.1492       63.6452
    0.1769    0.3719    0.1447    0.2168    0.0884    0.1259    0.0001    0.5523    0.1275       14.6638
    0.1883    0.3750    0.1774    0.2479    0.0942    0.1263    0.0001    0.6102    0.1504       14.5116
    0.1511    0.3603    0.0124    0.1124    0.0756    0.0803    0.0001    0.3811    0.0554        8.2887
    0.1586    0.3476    0.0119    0.1125    0.0793    0.0633    0.0001    0.3646    0.0490        7.1627
    0.1947    0.3469    0.1372    0.1470    0.0973    0.0671    0.0001    0.5133    0.1437       14.0462
    0.1970    0.3630    0.1495    0.2161    0.0985    0.0725    0.0001    0.5832    0.1363       12.6846
    0.1983    0.3073    0.0142    0.0825    0.0991    0.1335    0.0001    0.4359    0.1151       -0.6191
    0.1597    0.3639    0.0147    0.1550    0.0799    0.1345    0.0001    0.4497    0.0772      -12.9388
    0.1497    0.3323    0.0100    0.0968    0.0748    0.0560    0.0001    0.3076    0.0849      -16.7946
    0.1504    0.3295    0.0101    0.0838    0.0752    0.0602    0.0001    0.3094    0.0872      -16.9417
    0.1638    0.3697    0.0890    0.1093    0.0819    0.1425    0.0001    0.4323    0.1137        7.1820
    0.1657    0.3748    0.0987    0.1345    0.0829    0.1393    0.0001    0.4523    0.1194        7.0840
    0.1628    0.3402    0.0735    0.0485    0.0814    0.1140    0.0001    0.3753    0.0904       19.9664
    0.1647    0.3551    0.0882    0.1298    0.0824    0.1122    0.0001    0.4131    0.0957       19.4994
    0.1826    0.3307    0.1050    0.0217    0.0913    0.0761    0.0001    0.4177    0.0944       30.4513
    0.1827    0.3581    0.1179    0.1724    0.0913    0.0737    0.0001    0.4767    0.1027       28.4767
    0.1647    0.3237    0.0241    0.0695    0.0824    0.0657    0.0001    0.3735    0.0734        6.5523
    0.1595    0.3530    0.0275    0.1634    0.0797    0.0703    0.0001    0.4275    0.0842        4.6382
    0.1695    0.3644    0.1163    0.1921    0.0847    0.0998    0.0001    0.4733    0.0865       34.2396
    0.1686    0.3676    0.1196    0.1972    0.0843    0.1033    0.0001    0.4778    0.0882       34.2157
    0.1835    0.3275    0.1318    0.0906    0.0918    0.0709    0.0001    0.4303    0.1208       27.1235
    0.1815    0.3190    0.1206    0.0003    0.0908    0.0735    0.0001    0.4065    0.1127       26.9985
    0.1819    0.3242    0.1377    0.0363    0.0910    0.0775    0.0001    0.4282    0.1411       18.7959
    0.1924    0.3331    0.1708    0.1160    0.0962    0.0819    0.0001    0.4815    0.1581       18.0628
    0.1564    0.3339    0.0219    0.0448    0.0782    0.1094    0.0001    0.3407    0.0622       21.0366
    0.1602    0.3293    0.0219    0.0454    0.0801    0.0827    0.0001    0.3408    0.0693       20.4842
    0.1790    0.3748    0.1350    0.2126    0.0895    0.1234    0.0001    0.5801    0.1703      -19.8925
    0.1666    0.3684    0.0936    0.1770    0.0833    0.1155    0.0001    0.5051    0.1390      -20.3623
    0.1561    0.3686    0.0253    0.1431    0.0781    0.1588    0.0001    0.3936    0.1001       16.8358
    0.1501    0.3735    0.0257    0.1525    0.0751    0.1194    0.0001    0.3991    0.0755       13.6738
    0.2089    0.3399    0.2009    0.1636    0.1045    0.0990    0.0001    0.5711    0.1417       25.0291
    0.2117    0.3526    0.1939    0.2365    0.1058    0.0836    0.0001    0.6288    0.1488       23.8126
    0.2201    0.3348    0.1993    0.1555    0.1101    0.1477    0.0001    0.5477    0.1636       52.8933
    0.2241    0.3533    0.1958    0.3068    0.1120    0.0300    0.0001    0.6036    0.1609       47.2148
    0.1738    0.3432    0.1249    0.1061    0.0869    0.1308    0.0001    0.4187    0.1221       28.3294
    0.1727    0.3449    0.1174    0.1207    0.0864    0.1247    0.0001    0.4159    0.1158       28.2674
    0.1728    0.3144    0.0722    0.0002    0.0864    0.0338    0.0001    0.3674    0.0954       14.5557
    0.1740    0.3139    0.0794    0.0002    0.0870    0.0300    0.0001    0.3722    0.1042       14.4212
    0.1722    0.3758    0.1218    0.2092    0.0861    0.1016    0.0001    0.4630    0.0989       37.1841
    0.1756    0.3711    0.1261    0.2102    0.0878    0.0901    0.0001    0.4623    0.1076       37.0798
    0.1896    0.3405    0.1015    0.1130    0.0948    0.1214    0.0001    0.4719    0.1373       11.6633
    0.1996    0.3208    0.1050    0.0961    0.0998    0.0673    0.0001    0.4486    0.1389       10.8970
    0.1714    0.3356    0.1071    0.0813    0.0857    0.1047    0.0001    0.4157    0.1043       15.0222
    0.1741    0.3365    0.1101    0.1028    0.0870    0.0995    0.0001    0.4234    0.1126       14.8766
    0.1600    0.3363    0.0423    0.0393    0.0800    0.0955    0.0001    0.3709    0.1141      -15.4120
    0.1625    0.3394    0.0438    0.1077    0.0813    0.0490    0.0001    0.3829    0.1170      -16.3474
    0.1833    0.3289    0.0896    0.0965    0.0916    0.0545    0.0001    0.3913    0.1156       24.3320
    0.1931    0.3170    0.1096    0.0006    0.0966    0.0599    0.0001    0.3975    0.1401       23.6594
    0.1518    0.3629    0.1058    0.1125    0.0759    0.1109    0.0001    0.3672    0.0849       23.2414
    0.1564    0.3671    0.1131    0.1541    0.0782    0.0945    0.0001    0.3863    0.1023       22.1838
    0.1717    0.3445    0.0911    0.1253    0.0858    0.0622    0.0001    0.4530    0.1057        0.1993
    0.1744    0.3464    0.1009    0.1393    0.0872    0.0578    0.0001    0.4690    0.1140        0.1176
    0.1608    0.3603    0.0898    0.1581    0.0804    0.0799    0.0001    0.4153    0.0977       18.3458
    0.1683    0.3680    0.1199    0.1958    0.0842    0.0833    0.0001    0.4604    0.1241       17.8751
    0.1914    0.3368    0.1170    0.1620    0.0957    0.0616    0.0001    0.4925    0.1338        5.3086
    0.1857    0.3596    0.1180    0.2225    0.0928    0.0754    0.0001    0.5363    0.1359        4.3088
    0.1628    0.3649    0.1017    0.0807    0.0814    0.1503    0.0001    0.4282    0.1084        5.4167
    0.1605    0.3597    0.0892    0.0456    0.0803    0.1504    0.0001    0.4065    0.1035        5.2997
    0.1663    0.3102    0.0632    0.0095    0.0831    0.0309    0.0001    0.3526    0.0771       22.3760
    0.1658    0.3104    0.0600    0.0002    0.0829    0.0300    0.0001    0.3474    0.0737       22.3052
    0.1723    0.3509    0.1371    0.0746    0.0861    0.1647    0.0001    0.4681    0.1374        9.2462
    0.1911    0.3979    0.2235    0.2926    0.0956    0.1631    0.0001    0.7116    0.1957        7.7738
    0.2400    0.5381    0.2997    1.2912    0.1200    0.1576    0.0001    2.2037    0.5996    -5679.0012
    0.2322    0.5227    0.2992    1.2907    0.1161    0.1613    0.0001    2.2519    0.6132    -6765.1139
    0.1846    0.3471    0.1354    0.1703    0.0923    0.0873    0.0001    0.4747    0.1679       17.5994
    0.2113    0.3516    0.1957    0.2415    0.1056    0.0954    0.0001    0.5917    0.1996       16.3284
    0.1836    0.3196    0.1306    0.0598    0.0918    0.0862    0.0001    0.4288    0.1379       16.6405
    0.1858    0.3256    0.1389    0.1053    0.0929    0.0825    0.0001    0.4489    0.1432       16.4954
    0.1761    0.3508    0.0991    0.1115    0.0880    0.0752    0.0001    0.4503    0.1101       16.0225
    0.1744    0.3572    0.0927    0.1381    0.0872    0.0746    0.0001    0.4586    0.0950       15.3949
    0.1962    0.3445    0.1467    0.2142    0.0981    0.0858    0.0001    0.5260    0.1678       24.1895
    0.2246    0.3558    0.2107    0.2918    0.1123    0.1078    0.0001    0.6645    0.2101       23.3260
    0.1937    0.3454    0.1971    0.1346    0.0969    0.1361    0.0001    0.5550    0.1608       24.8416
    0.1914    0.3691    0.2011    0.2338    0.0957    0.1328    0.0001    0.6180    0.1492       24.0687
    0.1633    0.3775    0.1303    0.1525    0.0817    0.1378    0.0001    0.5269    0.1035       -8.7056
    0.1829    0.3674    0.1747    0.1853    0.0915    0.0820    0.0001    0.5804    0.1461      -10.9432
    0.1965    0.3042    0.1115    0.1020    0.0983    0.0313    0.0001    0.4117    0.1550       22.0082
    0.2176    0.3506    0.1840    0.2861    0.1088    0.0728    0.0001    0.6001    0.2067       19.1473
    0.1668    0.3439    0.0900    0.0659    0.0834    0.1311    0.0001    0.4282    0.1120        2.1761
    0.1664    0.3417    0.0841    0.0762    0.0832    0.1170    0.0001    0.4179    0.1108        2.0801
    0.2049    0.3385    0.1854    0.0914    0.1024    0.1273    0.0001    0.5518    0.1868       -2.0954
    0.2195    0.3492    0.2229    0.1845    0.1098    0.1209    0.0001    0.6364    0.2404       -3.1940
    0.1703    0.3238    0.0112    0.0569    0.0851    0.1252    0.0001    0.3432    0.0964       -8.9241
    0.1701    0.3326    0.0118    0.1201    0.0850    0.0914    0.0001    0.3609    0.1002       -9.9303
    0.1754    0.3179    0.0133    0.0870    0.0877    0.1294    0.0001    0.4132    0.1072      -31.3866
    0.1601    0.3153    0.0110    0.0002    0.0801    0.0300    0.0001    0.3374    0.0953      -39.0163
    0.1710    0.3266    0.1149    0.0315    0.0855    0.0966    0.0001    0.3743    0.1222       20.1227
    0.1688    0.3275    0.1100    0.0004    0.0844    0.1019    0.0001    0.3702    0.1160       20.0537
    0.1566    0.3429    0.0125    0.0643    0.0783    0.1289    0.0001    0.3846    0.0963      -40.1290
    0.1565    0.3400    0.0117    0.0008    0.0782    0.1147    0.0001    0.3601    0.0992      -41.4533
    0.1665    0.3678    0.0766    0.1600    0.0832    0.1286    0.0001    0.4600    0.0671       47.6265
    0.1745    0.3605    0.0732    0.2003    0.0872    0.0584    0.0001    0.4537    0.0701       44.6992
    0.1664    0.3195    0.0656    0.0035    0.0832    0.0300    0.0001    0.3506    0.0814       24.1174
    0.1673    0.3192    0.0690    0.0002    0.0837    0.0300    0.0001    0.3537    0.0838       24.1042
    0.2400    0.3783    0.3000    0.3076    0.1200    0.1373    0.0001    0.8424    0.1886       48.4568
    0.2342    0.3669    0.2423    0.3399    0.1171    0.0730    0.0001    0.7058    0.1916       44.7688
    0.1790    0.3191    0.0947    0.1165    0.0895    0.1124    0.0001    0.3866    0.0889       56.7845
    0.1906    0.3306    0.1299    0.1850    0.0953    0.0973    0.0001    0.4416    0.1161       55.7812
    0.1703    0.3678    0.1353    0.2033    0.0851    0.1354    0.0001    0.4427    0.1454       29.6115
    0.1729    0.3570    0.1282    0.2026    0.0865    0.1027    0.0001    0.4259    0.1417       29.3336
    0.2012    0.2902    0.0145    0.0468    0.1006    0.1094    0.0001    0.4463    0.1115      -45.6061
    0.1576    0.3320    0.0132    0.0630    0.0788    0.0962    0.0001    0.4043    0.1066      -59.2407
    0.1897    0.3082    0.1321    0.0859    0.0949    0.0546    0.0001    0.4061    0.1595       23.1712
    0.1928    0.3290    0.1421    0.2006    0.0964    0.0300    0.0001    0.4544    0.1686       21.1801
    0.1572    0.4073    0.1127    0.1845    0.0786    0.2308    0.0001    0.4800    0.0853       50.9043
    0.1707    0.4229    0.1563    0.2698    0.0854    0.2102    0.0001    0.5818    0.1043       50.1226
    0.1737    0.3428    0.1058    0.1459    0.0869    0.0851    0.0001    0.4345    0.1511       -9.4425
    0.1684    0.3419    0.0992    0.1021    0.0842    0.1107    0.0001    0.4191    0.1436       -9.6760
    0.1818    0.3400    0.1428    0.0798    0.0909    0.0817    0.0001    0.5057    0.1458      -16.1820
    0.1793    0.3314    0.1270    0.0015    0.0897    0.0734    0.0001    0.4710    0.1388      -16.3759
    0.2046    0.3174    0.1336    0.0821    0.1023    0.1264    0.0001    0.4440    0.1552       37.4694
    0.2048    0.2997    0.1160    0.0002    0.1024    0.0881    0.0001    0.4070    0.1397       36.6252
    0.1645    0.3122    0.0239    0.0563    0.0822    0.0893    0.0001    0.3726    0.0806       -0.3303
    0.1552    0.3500    0.0257    0.1523    0.0776    0.0468    0.0001    0.3992    0.0878       -4.4904
    0.1537    0.3479    0.0122    0.0662    0.0769    0.1339    0.0001    0.3744    0.1119      -55.4306
    0.1534    0.3413    0.0118    0.0004    0.0767    0.1148    0.0001    0.3628    0.1062      -56.2605
    0.1765    0.3120    0.0700    0.1118    0.0882    0.0509    0.0001    0.3657    0.0892       49.9084
    0.1920    0.3603    0.1333    0.2659    0.0960    0.0971    0.0001    0.5175    0.1271       47.5867
    0.1765    0.3309    0.1146    0.0877    0.0883    0.1073    0.0001    0.3988    0.1550       13.4292
    0.1811    0.3192    0.1063    0.0890    0.0906    0.0678    0.0001    0.3831    0.1460       12.7999
    0.1630    0.3245    0.0685    0.0232    0.0815    0.0876    0.0001    0.3712    0.0957        6.6425
    0.1632    0.3255    0.0701    0.0222    0.0816    0.0935    0.0001    0.3746    0.0959        6.6249
    0.1491    0.3867    0.0261    0.1838    0.0745    0.1128    0.0001    0.4053    0.0734       25.8619
    0.1626    0.3584    0.0244    0.1565    0.0813    0.0300    0.0001    0.3798    0.0813       22.0244
    0.1795    0.3253    0.1132    0.1099    0.0897    0.0413    0.0001    0.4245    0.1181       21.7634
    0.1792    0.3308    0.1099    0.1362    0.0896    0.0471    0.0001    0.4354    0.1107       21.5424
    0.1623    0.3275    0.0620    0.0124    0.0811    0.0991    0.0001    0.3417    0.1051       11.4252
    0.1651    0.3222    0.0643    0.0119    0.0825    0.0811    0.0001    0.3408    0.1098       11.2962
    0.1652    0.3334    0.0450    0.0713    0.0826    0.0841    0.0001    0.3907    0.0856       10.6738
    0.1663    0.3290    0.0440    0.0725    0.0831    0.0580    0.0001    0.3827    0.0888       10.4176
    0.1785    0.3545    0.1463    0.0824    0.0892    0.1567    0.0001    0.4740    0.1784      -10.7283
    0.1787    0.3545    0.1469    0.0833    0.0894    0.1560    0.0001    0.4748    0.1787      -10.7301
    0.1631    0.3557    0.1209    0.0875    0.0815    0.1265    0.0001    0.4600    0.1186       -7.0821
    0.1678    0.3785    0.1419    0.1985    0.0839    0.1150    0.0001    0.5472    0.1385       -8.3712
    0.1705    0.3506    0.0953    0.2097    0.0852    0.0510    0.0001    0.4046    0.1351       26.2086
    0.1848    0.3507    0.1023    0.2506    0.0924    0.0333    0.0001    0.4581    0.1389       25.0808
    0.1772    0.3796    0.1695    0.2360    0.0886    0.0899    0.0001    0.6018    0.1780      -18.3228
    0.1754    0.3842    0.1699    0.2437    0.0877    0.0968    0.0001    0.6161    0.1734      -18.3954
    0.1665    0.3639    0.1075    0.1834    0.0833    0.1149    0.0001    0.4480    0.1145       29.6062
    0.1859    0.3621    0.1530    0.2217    0.0930    0.1031    0.0001    0.5141    0.1457       28.9240
    0.1745    0.3538    0.0861    0.0438    0.0873    0.0882    0.0001    0.4380    0.1104       -4.2510
    0.1862    0.3911    0.1277    0.2258    0.0931    0.0812    0.0001    0.5862    0.1456       -7.8880
    0.1623    0.3571    0.0896    0.1390    0.0811    0.0591    0.0001    0.3990    0.0890       18.5027
    0.1671    0.3566    0.1027    0.1627    0.0835    0.0300    0.0001    0.4261    0.0958       18.0629
    0.1844    0.3544    0.1401    0.1789    0.0922    0.0308    0.0001    0.4990    0.1400       15.8124
    0.1840    0.3619    0.1408    0.2025    0.0920    0.0300    0.0001    0.5113    0.1321       15.5572
    0.2096    0.3378    0.1588    0.1609    0.1048    0.0843    0.0001    0.5137    0.1238       43.0962
    0.2145    0.3611    0.1842    0.2487    0.1073    0.1005    0.0001    0.5878    0.1480       41.8516
    0.1572    0.3424    0.0111    0.0552    0.0786    0.1262    0.0001    0.3393    0.0983      -22.6578
    0.1558    0.3463    0.0112    0.0511    0.0779    0.1430    0.0001    0.3424    0.0972      -22.7838
    0.1651    0.3226    0.0221    0.0723    0.0825    0.1036    0.0001    0.3434    0.0818       26.3074
    0.1692    0.3162    0.0228    0.1106    0.0846    0.0300    0.0001    0.3541    0.0781       25.5625
    0.1657    0.3362    0.0944    0.0678    0.0829    0.1202    0.0001    0.3607    0.1197       19.0049
    0.1698    0.3396    0.1054    0.1146    0.0849    0.0982    0.0001    0.3793    0.1290       18.6107
    0.1557    0.3901    0.1221    0.2161    0.0779    0.0950    0.0001    0.4887    0.0995        9.3885
    0.1648    0.3976    0.1637    0.2494    0.0824    0.1003    0.0001    0.5827    0.1260        8.9317
    0.1664    0.3237    0.1042    0.0451    0.0832    0.0787    0.0001    0.3294    0.1106       33.3256
    0.1612    0.3363    0.0963    0.1003    0.0806    0.0641    0.0001    0.3306    0.1058       32.8245
    0.1451    0.3462    0.0374    0.0831    0.0725    0.1332    0.0001    0.3251    0.0800       25.8290
    0.1456    0.3452    0.0386    0.0823    0.0728    0.1341    0.0001    0.3382    0.0605       24.5763
    0.1867    0.3461    0.1221    0.1384    0.0933    0.0890    0.0001    0.4604    0.1381       15.3606
    0.1862    0.3467    0.1190    0.1437    0.0931    0.0860    0.0001    0.4636    0.1352       15.3274
    0.2041    0.3087    0.0148    0.0433    0.1020    0.1308    0.0001    0.4563    0.1249      -12.5742
    0.1660    0.3132    0.0108    0.0060    0.0830    0.0311    0.0001    0.3320    0.0977      -32.8038
    0.1759    0.3309    0.1014    0.1274    0.0879    0.0648    0.0001    0.3562    0.0755       62.8248
    0.1862    0.3580    0.1176    0.2342    0.0931    0.0372    0.0001    0.4523    0.0915       58.9251
    0.1807    0.3673    0.1254    0.2181    0.0903    0.1202    0.0001    0.4900    0.1008       47.7325
    0.2013    0.3618    0.1673    0.2591    0.1006    0.0938    0.0001    0.5459    0.1387       46.8686
    0.1808    0.3464    0.1244    0.1366    0.0904    0.0906    0.0001    0.4718    0.1313        5.3444
    0.1965    0.3917    0.1940    0.2819    0.0983    0.1098    0.0001    0.6802    0.1826        2.4004
    0.1584    0.3270    0.0107    0.0598    0.0792    0.1025    0.0001    0.3274    0.0900       -5.0990
    0.1541    0.3590    0.0128    0.1761    0.0771    0.0725    0.0001    0.3918    0.0791       -9.9533
    0.1686    0.3500    0.1014    0.1225    0.0843    0.1163    0.0001    0.4049    0.1206       11.9344
    0.1755    0.3721    0.1385    0.1937    0.0877    0.1375    0.0001    0.4818    0.1500       11.5603
    0.1810    0.3322    0.1199    0.0676    0.0905    0.0900    0.0001    0.4292    0.1140       19.8933
    0.1819    0.3262    0.1070    0.0578    0.0910    0.0604    0.0001    0.4103    0.1126       19.4561
    0.1952    0.3362    0.1370    0.2262    0.0976    0.0300    0.0001    0.4795    0.1256       46.0743
    0.1985    0.3363    0.1404    0.2332    0.0992    0.0301    0.0001    0.4863    0.1275       46.0529
    0.1711    0.3526    0.1357    0.1079    0.0856    0.1156    0.0001    0.4810    0.1349        3.1480
    0.1894    0.3509    0.1628    0.1814    0.0947    0.0851    0.0001    0.5271    0.1674        1.7070
    0.1695    0.3283    0.0701    0.0441    0.0848    0.0878    0.0001    0.3678    0.0943       22.7575
    0.1715    0.3260    0.0756    0.0432    0.0858    0.0846    0.0001    0.3679    0.1010       22.6729
    0.2016    0.3184    0.1325    0.0042    0.1008    0.0833    0.0001    0.4313    0.1203       46.4931
    0.2040    0.3194    0.1392    0.0042    0.1020    0.0884    0.0001    0.4410    0.1258       46.4709
    0.1761    0.3057    0.0810    0.0823    0.0881    0.0576    0.0001    0.3362    0.1249       27.2975
    0.1729    0.3235    0.0887    0.1489    0.0865    0.0300    0.0001    0.3654    0.1223       26.1989
    0.1599    0.3477    0.0802    0.1146    0.0800    0.0900    0.0001    0.3990    0.1389      -13.0082
    0.1775    0.3800    0.1452    0.2436    0.0888    0.1076    0.0001    0.5521    0.1886      -14.8781
    0.2234    0.3548    0.2265    0.1973    0.1117    0.1736    0.0001    0.6508    0.1853       44.3272
    0.2290    0.3599    0.2152    0.3191    0.1145    0.1021    0.0001    0.6722    0.1782       42.1533
    0.1635    0.3144    0.0110    0.0016    0.0817    0.0349    0.0001    0.3371    0.0877      -16.5743
    0.1608    0.3231    0.0115    0.0020    0.0804    0.0640    0.0001    0.3537    0.0708      -17.4491
    0.1588    0.3478    0.0995    0.1171    0.0794    0.1031    0.0001    0.3714    0.1208       12.1243
    0.1585    0.3487    0.0992    0.1197    0.0793    0.1041    0.0001    0.3724    0.1200       12.1207
    0.1653    0.3839    0.1459    0.1528    0.0826    0.1390    0.0001    0.5407    0.1227        3.0910
    0.1939    0.4192    0.2399    0.3166    0.0969    0.1535    0.0001    0.7773    0.1890        0.8491
    0.1729    0.3719    0.1290    0.2219    0.0865    0.0875    0.0001    0.5305    0.1351       -3.7127
    0.1925    0.3783    0.1850    0.2776    0.0963    0.0933    0.0001    0.6319    0.1901       -4.4832
    0.1692    0.3465    0.1199    0.1283    0.0846    0.1059    0.0001    0.3884    0.1454       18.9985
    0.1834    0.3466    0.1488    0.1860    0.0917    0.0376    0.0001    0.4416    0.1584       17.4206
    0.1669    0.3087    0.0376    0.0157    0.0835    0.0609    0.0001    0.3299    0.0941       20.3516
    0.1670    0.3086    0.0376    0.0154    0.0835    0.0612    0.0001    0.3300    0.0942       20.3512
    0.1618    0.3463    0.0499    0.0679    0.0809    0.0439    0.0001    0.4223    0.0909      -18.0381
    0.1787    0.3466    0.1181    0.1085    0.0894    0.0300    0.0001    0.4926    0.1280      -19.8249
    0.1721    0.3305    0.1281    0.0285    0.0861    0.0968    0.0001    0.4168    0.1185        9.1122
    0.1682    0.3283    0.1126    0.0304    0.0841    0.0844    0.0001    0.3980    0.1064        8.9798
    0.1737    0.3192    0.0828    0.0412    0.0868    0.0451    0.0001    0.3531    0.0797       47.0780
    0.1757    0.3188    0.0907    0.0567    0.0879    0.0345    0.0001    0.3557    0.0855       46.9689
    0.1694    0.3514    0.0992    0.1822    0.0847    0.0955    0.0001    0.4536    0.1245       13.3671
    0.1640    0.3602    0.0932    0.1866    0.0820    0.1084    0.0001    0.4647    0.1104       12.9772
    0.1821    0.3449    0.1391    0.1058    0.0910    0.1036    0.0001    0.4503    0.1211       18.2457
    0.1823    0.3585    0.1420    0.1723    0.0911    0.0867    0.0001    0.4807    0.1326       17.4756
    0.1682    0.3473    0.1275    0.1374    0.0841    0.0990    0.0001    0.3889    0.1351       20.6103
    0.1713    0.3412    0.1355    0.1133    0.0857    0.0999    0.0001    0.3887    0.1465       20.4291
    0.1489    0.3406    0.0113    0.0507    0.0745    0.1000    0.0001    0.3456    0.0803      -29.2620
    0.1547    0.3271    0.0111    0.0002    0.0773    0.0470    0.0001    0.3404    0.0825      -30.9612
    0.2004    0.3535    0.1545    0.2618    0.1002    0.0964    0.0001    0.5303    0.1030       57.2969
    0.2097    0.3635    0.2003    0.3141    0.1049    0.0661    0.0001    0.5934    0.1484       55.0910
    0.1622    0.3428    0.0892    0.1185    0.0811    0.0822    0.0001    0.4064    0.1175       21.2843
    0.1789    0.3710    0.1379    0.2485    0.0894    0.0948    0.0001    0.5396    0.1358       18.3043
    0.1599    0.3214    0.0100    0.0508    0.0799    0.0458    0.0001    0.3090    0.0905      -23.1094
    0.1625    0.3414    0.0120    0.1421    0.0813    0.0300    0.0001    0.3682    0.1005      -25.9099
    0.1496    0.3594    0.0114    0.1415    0.0748    0.1053    0.0001    0.3484    0.0778       12.9287
    0.1564    0.3545    0.0114    0.1544    0.0782    0.0978    0.0001    0.3504    0.0707       12.1702
    0.1745    0.3397    0.1114    0.1086    0.0873    0.1032    0.0001    0.4236    0.1282       11.3902
    0.1815    0.3549    0.1385    0.1861    0.0907    0.0990    0.0001    0.4757    0.1524       10.7235
    0.1747    0.3326    0.1190    0.0610    0.0873    0.1029    0.0001    0.4326    0.1116       11.9667
    0.1736    0.3332    0.1164    0.0655    0.0868    0.1002    0.0001    0.4304    0.1082       11.9527
    0.1858    0.3140    0.1027    0.0905    0.0929    0.0300    0.0001    0.4144    0.1173       34.8816
    0.2076    0.3647    0.1724    0.2965    0.1038    0.0679    0.0001    0.6266    0.1513       31.9397
    0.1751    0.3505    0.1422    0.1307    0.0876    0.0908    0.0001    0.4764    0.1448        5.3730
    0.1725    0.3550    0.1283    0.1575    0.0863    0.0849    0.0001    0.4756    0.1244        4.6755
    0.1474    0.3504    0.0402    0.0490    0.0737    0.0674    0.0001    0.3526    0.0770       -6.9215
    0.1446    0.3732    0.0444    0.1337    0.0723    0.0742    0.0001    0.3868    0.0865       -8.1441
    0.2088    0.3405    0.1693    0.0738    0.1044    0.1202    0.0001    0.5250    0.1549       27.7314
    0.2160    0.3526    0.1982    0.0958    0.1080    0.1464    0.0001    0.5810    0.1682       27.4804
    0.1737    0.3268    0.1105    0.0278    0.0869    0.0917    0.0001    0.3874    0.1371        9.0387
    0.1647    0.3248    0.0716    0.0403    0.0824    0.0675    0.0001    0.3523    0.1077        8.1687
    0.1890    0.3594    0.1676    0.1195    0.0945    0.1666    0.0001    0.4956    0.1509       35.1712
    0.2070    0.3957    0.2172    0.3200    0.1035    0.1244    0.0001    0.6614    0.1887       30.8387
    0.1802    0.3369    0.1224    0.0196    0.0901    0.1103    0.0001    0.4397    0.1642      -10.6814
    0.1857    0.3425    0.1483    0.0219    0.0928    0.1225    0.0001    0.4711    0.1827      -10.9337
    0.1819    0.3361    0.1181    0.0706    0.0909    0.1483    0.0001    0.4718    0.1256       16.2203
    0.1870    0.3582    0.1412    0.1841    0.0935    0.1417    0.0001    0.5581    0.1327       14.5159
    0.2386    0.3225    0.2073    0.0055    0.1193    0.0876    0.0001    0.5920    0.1548       44.0449
    0.2398    0.3214    0.2082    0.0055    0.1199    0.0880    0.0001    0.5935    0.1543       44.0296
    0.2188    0.3163    0.1760    0.0256    0.1094    0.1070    0.0001    0.5174    0.1648       31.7792
    0.2195    0.3192    0.1806    0.0269    0.1098    0.1054    0.0001    0.5287    0.1643       31.6938
    0.1495    0.3529    0.0139    0.0102    0.0748    0.0960    0.0001    0.4245    0.1029      -69.9999
    0.1575    0.3319    0.0126    0.0556    0.0787    0.0308    0.0001    0.3854    0.1109      -72.5180
    0.1857    0.3413    0.1384    0.0826    0.0928    0.1036    0.0001    0.4522    0.1425       33.6482
    0.2002    0.3787    0.1789    0.2813    0.1001    0.0837    0.0001    0.5982    0.1671       28.2153
    0.2163    0.3248    0.1837    0.0488    0.1082    0.0752    0.0001    0.5272    0.2044        1.7751
    0.2334    0.3548    0.2344    0.2475    0.1167    0.0726    0.0001    0.6782    0.2401        0.6302
    0.1588    0.3480    0.1101    0.0861    0.0794    0.0926    0.0001    0.3797    0.1199        3.7397
    0.1599    0.3612    0.1256    0.1363    0.0799    0.0981    0.0001    0.4140    0.1291        3.4291
    0.1793    0.3643    0.2018    0.2011    0.0897    0.0459    0.0001    0.5471    0.1786       -9.0183
    0.1827    0.3629    0.2132    0.2008    0.0913    0.0451    0.0001    0.5588    0.1910       -9.0972
    0.1771    0.3114    0.0788    0.0585    0.0886    0.0300    0.0001    0.3542    0.0998       43.0663
    0.1625    0.3406    0.0405    0.1464    0.0812    0.0341    0.0001    0.3517    0.0821       41.8467
    0.1641    0.3250    0.1105    0.0193    0.0821    0.0655    0.0001    0.3876    0.1091        5.3012
    0.1613    0.3264    0.1022    0.0002    0.0806    0.0675    0.0001    0.3834    0.0954        5.0645
    0.1568    0.3600    0.1026    0.1188    0.0784    0.1266    0.0001    0.4087    0.1314       -0.1606
    0.1530    0.3555    0.0754    0.1251    0.0765    0.0951    0.0001    0.3810    0.1108       -0.7177
    0.1688    0.3261    0.0120    0.0007    0.0844    0.0654    0.0001    0.3716    0.0967      -30.8641
    0.1676    0.3284    0.0121    0.0008    0.0838    0.0697    0.0001    0.3718    0.0939      -30.9344
    0.1707    0.3221    0.0837    0.0725    0.0853    0.0495    0.0001    0.3855    0.0993       22.1398
    0.1750    0.3442    0.1127    0.1560    0.0875    0.0708    0.0001    0.4606    0.1017       20.8502
    0.1783    0.3489    0.1081    0.1625    0.0891    0.0489    0.0001    0.4795    0.1118       11.1272
    0.1790    0.3661    0.1232    0.2146    0.0895    0.0652    0.0001    0.5370    0.1179       10.6851
    0.1554    0.3235    0.0329    0.0847    0.0777    0.0482    0.0001    0.2926    0.0909       34.4716
    0.1547    0.3327    0.0351    0.1243    0.0774    0.0499    0.0001    0.3077    0.0850       33.8840
    0.1579    0.3606    0.0823    0.1590    0.0789    0.1155    0.0001    0.4064    0.1120        8.3378
    0.1606    0.3734    0.1074    0.1902    0.0803    0.1300    0.0001    0.4486    0.1346        8.0180
    0.1644    0.3445    0.0974    0.1722    0.0822    0.0648    0.0001    0.4056    0.1043       25.1250
    0.1734    0.3609    0.1301    0.2250    0.0867    0.0896    0.0001    0.4904    0.1254       24.4321
    0.1937    0.3254    0.1221    0.0805    0.0969    0.0637    0.0001    0.4114    0.1092       43.4746
    0.1924    0.3210    0.1210    0.0002    0.0962    0.0682    0.0001    0.4005    0.1122       42.9701
    0.1832    0.3559    0.1423    0.2167    0.0916    0.0752    0.0001    0.4740    0.1621       19.4073
    0.1751    0.3467    0.1086    0.1821    0.0875    0.0673    0.0001    0.4207    0.1346       19.0951
    0.1637    0.3087    0.0586    0.0026    0.0818    0.0301    0.0001    0.3305    0.0862       23.8506
    0.1617    0.3297    0.0666    0.1226    0.0809    0.0313    0.0001    0.3578    0.0910       23.4195
    0.1756    0.3382    0.0808    0.1255    0.0878    0.1137    0.0001    0.3920    0.1287       15.8344
    0.1812    0.3391    0.0970    0.1402    0.0906    0.1062    0.0001    0.4138    0.1420       15.6786
    0.1722    0.3011    0.0110    0.0019    0.0861    0.0312    0.0001    0.3387    0.0912      -13.0630
    0.1680    0.3276    0.0122    0.1173    0.0840    0.0305    0.0001    0.3747    0.0934      -13.8368
    0.1917    0.3376    0.1666    0.0619    0.0959    0.1241    0.0001    0.4742    0.1455       25.7557
    0.1938    0.3462    0.1666    0.1467    0.0969    0.1031    0.0001    0.4956    0.1503       25.0256
