    0.0884    0.3397    0.1605    0.0244    0.0442    0.0978    0.0001    0.4884    0.4875        0.1744   -0.0235 -746.4180
    0.0834    0.3462    0.0142    0.0542    0.0417    0.1059    0.0001    0.4336    0.4355        0.2205    0.0383 -922.3354
    0.0730    0.3705    0.0100    0.0985    0.0365    0.1150    0.0001    0.2950    0.7705        0.1150    0.0067 -932.3871
    0.0667    0.3759    0.0107    0.0810    0.0333    0.1282    0.0001    0.3365    0.8283        0.1679    0.0615 -976.9057
    0.0737    0.3469    0.0165    0.0303    0.0369    0.0940    0.0001    0.4964    0.2684        0.0635   -0.0012 -810.1868
    0.0789    0.3477    0.0189    0.0367    0.0395    0.1024    0.0001    0.5712    0.3023        0.1693   -0.0001 -838.9450
    0.0718    0.3655    0.1154    0.0662    0.0359    0.1138    0.0001    0.6303    0.3854        0.2277    0.0662 -797.8562
    0.0758    0.3541    0.1051    0.0289    0.0379    0.1103    0.0001    0.5417    0.3633        0.2135    0.0931 -802.5501
    0.0800    0.3548    0.1323    0.0730    0.0400    0.1123    0.0001    0.5152    0.5156        0.1524   -0.0345 -737.1608
    0.0810    0.3516    0.1062    0.0572    0.0405    0.1123    0.0001    0.5371    0.4552        0.2193    0.0600 -760.2358
    0.0698    0.3675    0.0148    0.0520    0.0349    0.1230    0.0001    0.4078    0.5050        0.1485    0.0136 -830.7412
    0.0763    0.3464    0.0129    0.0173    0.0382    0.1036    0.0001    0.3961    0.3923        0.1223    0.0137 -899.2841
    0.0797    0.3619    0.1401    0.0681    0.0398    0.1088    0.0001    0.5888    0.5041        0.1694   -0.0013 -758.8869
    0.0830    0.3430    0.0154    0.0007    0.0415    0.0813    0.0001    0.4950    0.4358        0.1446   -0.0026 -875.9192
    0.0834    0.3340    0.1026    0.0093    0.0417    0.0831    0.0001    0.3738    0.3563        0.2038    0.0127 -763.3466
    0.0816    0.3377    0.0260    0.0135    0.0408    0.0922    0.0001    0.4135    0.3954        0.2244    0.0172 -794.8550
    0.0743    0.3543    0.0806    0.0723    0.0372    0.1128    0.0001    0.3333    0.4185        0.0723    0.0139 -714.8932
    0.0745    0.3532    0.0329    0.0328    0.0373    0.1190    0.0001    0.5063    0.3141        0.1769    0.0195 -778.4770
    0.0828    0.3371    0.0328    0.0184    0.0414    0.0863    0.0001    0.4594    0.3077        0.0763    0.0052 -724.0883
    0.0824    0.3449    0.0257    0.0535    0.0412    0.1003    0.0001    0.4096    0.4017        0.1967    0.0616 -777.6189
    0.0773    0.3544    0.0265    0.1046    0.0386    0.1138    0.0001    0.4310    0.3606        0.1570   -0.0105 -715.0744
    0.0812    0.3423    0.0267    0.0083    0.0406    0.1031    0.0001    0.4164    0.4061        0.1600    0.0737 -776.3003
    0.0725    0.3714    0.0100    0.0821    0.0363    0.1352    0.0001    0.7810    0.3114        0.2981   -0.0025 -990.1974
    0.0738    0.3711    0.0104    0.0942    0.0369    0.1317    0.0001    0.8044    0.3223        0.3109    0.0934-1011.1806
    0.0850    0.3244    0.0121    0.0299    0.0425    0.0518    0.0001    0.3662    0.1942        0.0720   -0.0063 -744.7203
    0.0797    0.3468    0.0171    0.0412    0.0399    0.1144    0.0001    0.5212    0.2757        0.2642    0.0760 -864.8725
    0.0672    0.3785    0.0126    0.0845    0.0336    0.1542    0.0001    0.3911    0.3567        0.2122    0.0116 -888.4948
    0.0783    0.3462    0.0131    0.0244    0.0392    0.1031    0.0001    0.4047    0.3981        0.2042    0.1115 -969.3792
    0.0760    0.3583    0.1043    0.0576    0.0380    0.1184    0.0001    0.5672    0.4083        0.1554    0.0120 -747.1844
    0.0787    0.3463    0.0316    0.0002    0.0393    0.1046    0.0001    0.4848    0.3055        0.1514    0.0391 -765.7213
    0.0757    0.3704    0.0100    0.0234    0.0379    0.1460    0.0001    0.7779    0.7307        0.1597   -0.0295 -954.7424
    0.0652    0.3995    0.0105    0.0941    0.0326    0.1932    0.0001    0.8248    0.8047        0.1647    0.0911-1019.7488
    0.0809    0.3569    0.1190    0.0785    0.0405    0.1168    0.0001    0.6417    0.5127        0.1716    0.0010 -751.5586
    0.0822    0.3501    0.0960    0.0483    0.0411    0.1107    0.0001    0.5721    0.4245        0.2071    0.0012 -758.8065
    0.0814    0.3631    0.3000    0.0919    0.0407    0.1266    0.0001    0.8947    0.3848        0.2168   -0.0145 -767.2896
    0.0772    0.3490    0.0895    0.0664    0.0386    0.1032    0.0001    0.4842    0.4232        0.2484    0.0070 -814.3106
    0.0809    0.3563    0.1155    0.0866    0.0405    0.1002    0.0001    0.5301    0.4717        0.1050   -0.0035 -737.8510
    0.0816    0.3603    0.1313    0.0736    0.0408    0.1101    0.0001    0.5727    0.4554        0.2123    0.0528 -767.9285
    0.0797    0.3506    0.1591    0.0461    0.0399    0.1076    0.0001    0.4092    0.4967        0.1015    0.0118 -750.9652
    0.0776    0.3515    0.0519    0.0523    0.0388    0.1063    0.0001    0.4795    0.4155        0.1968    0.0779 -795.4968
    0.0848    0.3508    0.0737    0.0973    0.0424    0.0827    0.0001    0.6060    0.3982        0.1657   -0.0038 -746.8671
    0.0796    0.3518    0.0634    0.0498    0.0398    0.1094    0.0001    0.5408    0.3864        0.1905   -0.0039 -764.7451
    0.0848    0.3441    0.1009    0.0676    0.0424    0.0811    0.0001    0.4717    0.4087        0.0884    0.0010 -737.5976
    0.0758    0.3544    0.0268    0.0009    0.0379    0.1164    0.0001    0.4182    0.4118        0.1613    0.0014 -781.2017
    0.0862    0.3405    0.0976    0.0698    0.0431    0.0781    0.0001    0.4542    0.4246        0.0676   -0.0038 -729.4988
    0.0807    0.3493    0.1226    0.0309    0.0403    0.1042    0.0001    0.5149    0.3662        0.1638    0.1092 -791.3025
    0.0797    0.3525    0.1335    0.0797    0.0399    0.1060    0.0001    0.5408    0.3507        0.2387   -0.0048 -715.5857
    0.0770    0.3519    0.0141    0.0487    0.0385    0.1008    0.0001    0.4478    0.4233        0.1796    0.0846 -862.0149
    0.0822    0.3483    0.0135    0.0716    0.0411    0.0878    0.0001    0.3047    0.4290        0.2188   -0.0008 -785.8965
    0.0797    0.3480    0.0137    0.0416    0.0398    0.1056    0.0001    0.4208    0.4204        0.2124   -0.0011 -906.7677
    0.0841    0.3603    0.2392    0.0673    0.0421    0.1205    0.0001    0.6799    0.5558        0.1925   -0.0059 -741.6633
    0.0824    0.3425    0.0136    0.0104    0.0412    0.1046    0.0001    0.4205    0.4141        0.1361    0.0090 -885.2825
    0.0774    0.3487    0.1392    0.0588    0.0387    0.1126    0.0001    0.4486    0.3483        0.1229   -0.0129 -700.9316
    0.0843    0.3516    0.1758    0.0668    0.0421    0.1153    0.0001    0.5618    0.4581        0.2799    0.0636 -735.2853
    0.0745    0.3435    0.0100    0.0169    0.0373    0.0980    0.0001    0.3141    0.3003        0.2935   -0.0051 -934.6419
    0.0784    0.3412    0.0100    0.0301    0.0392    0.0823    0.0001    0.3123    0.3093        0.2981    0.0910 -965.5829
    0.0679    0.3736    0.0117    0.0942    0.0339    0.1512    0.0001    0.3479    0.3677        0.1826   -0.0010 -855.4518
    0.0751    0.3550    0.0143    0.0508    0.0376    0.1144    0.0001    0.4414    0.4369        0.2204   -0.0007 -920.7033
    0.0786    0.3626    0.1461    0.0969    0.0393    0.1229    0.0001    0.6967    0.1732        0.1836    0.0151 -655.7589
    0.0756    0.3588    0.0659    0.0705    0.0378    0.1226    0.0001    0.5761    0.4157        0.1885    0.0794 -729.2274
    0.1037    0.3148    0.0120    0.0418    0.0519    0.0301    0.0001    0.3703    0.3562        0.2122    0.0018 -785.5375
    0.0845    0.3406    0.0129    0.0388    0.0423    0.0904    0.0001    0.4012    0.3925        0.2007    0.0040 -846.7815
    0.0839    0.3535    0.1555    0.1016    0.0419    0.0820    0.0001    0.5201    0.3644        0.1546    0.0049 -734.4783
    0.0767    0.3548    0.0283    0.0343    0.0384    0.1143    0.0001    0.4511    0.4282        0.1731    0.0051 -791.5163
    0.0855    0.3507    0.0152    0.0920    0.0428    0.0988    0.0001    0.5035    0.4184        0.1297   -0.0074 -823.0393
    0.0769    0.3475    0.0135    0.0397    0.0384    0.1049    0.0001    0.4210    0.4093        0.1259   -0.0064 -877.7759
    0.0871    0.3489    0.1369    0.0548    0.0436    0.1039    0.0001    0.5161    0.4106        0.2257    0.0082 -695.9151
    0.0881    0.3519    0.1467    0.0642    0.0440    0.1101    0.0001    0.5496    0.4335        0.2078    0.1285 -716.5995
    0.0793    0.3472    0.0663    0.0478    0.0396    0.0967    0.0001    0.5448    0.3579        0.2030    0.0047 -770.3607
    0.0835    0.3419    0.0542    0.0445    0.0417    0.0928    0.0001    0.4970    0.3436        0.1849    0.0329 -779.8161
    0.0890    0.3403    0.1074    0.1010    0.0445    0.0745    0.0001    0.4299    0.4213        0.1533   -0.0004 -705.2498
    0.0816    0.3530    0.1184    0.0602    0.0408    0.1110    0.0001    0.5501    0.4418        0.2041   -0.0002 -743.6470
    0.0782    0.3729    0.2509    0.1113    0.0391    0.1231    0.0001    0.8166    0.5617        0.3153    0.0046 -772.0981
    0.0777    0.3521    0.0135    0.0312    0.0388    0.1193    0.0001    0.4188    0.4100        0.2071    0.0064 -919.2473
    0.0876    0.3399    0.1503    0.0233    0.0438    0.1022    0.0001    0.5253    0.4504        0.1477   -0.0115 -719.4334
    0.0857    0.3350    0.0260    0.0283    0.0428    0.0929    0.0001    0.4096    0.3982        0.1702    0.0882 -773.9929
    0.0819    0.3508    0.0917    0.0551    0.0410    0.1029    0.0001    0.5388    0.4016        0.1892    0.0036 -737.9200
    0.0832    0.3353    0.0128    0.0002    0.0416    0.0877    0.0001    0.3942    0.3854        0.1237    0.0283 -869.9250
    0.0787    0.3451    0.0551    0.0341    0.0393    0.0944    0.0001    0.4763    0.4170        0.1519    0.0101 -757.8900
    0.0792    0.3464    0.0792    0.0327    0.0396    0.1053    0.0001    0.4709    0.3917        0.1729    0.1043 -774.9807
    0.0902    0.3275    0.1041    0.0378    0.0451    0.0714    0.0001    0.3885    0.4337        0.1421   -0.0066 -715.2130
    0.0800    0.3494    0.0289    0.0377    0.0400    0.1184    0.0001    0.4606    0.4406        0.2051   -0.0057 -773.5187
    0.0849    0.3401    0.0922    0.0019    0.0425    0.0959    0.0001    0.4848    0.4175        0.1354   -0.0144 -720.9079
    0.0840    0.3402    0.0772    0.0015    0.0420    0.0990    0.0001    0.4676    0.3776        0.1948    0.0613 -739.5070
    0.0811    0.3517    0.0904    0.0861    0.0406    0.1096    0.0001    0.4199    0.4605        0.0972    0.0109 -738.5113
    0.0777    0.3534    0.0546    0.0517    0.0388    0.1165    0.0001    0.4946    0.4206        0.1937    0.0192 -774.1577
    0.0789    0.3480    0.1152    0.0489    0.0395    0.0994    0.0001    0.3742    0.4024        0.2287   -0.0012 -729.2491
    0.0791    0.3489    0.0842    0.0493    0.0395    0.1013    0.0001    0.4223    0.3972        0.2076    0.0005 -734.1866
    0.0752    0.3575    0.1063    0.0460    0.0376    0.1186    0.0001    0.5342    0.3546        0.1600   -0.0041 -747.3503
    0.0745    0.3549    0.0334    0.0461    0.0372    0.1115    0.0001    0.5119    0.3292        0.1488   -0.0034 -762.6811
    0.0676    0.3664    0.0109    0.0507    0.0338    0.1426    0.0001    0.3450    0.3307        0.3258    0.0136 -894.2316
    0.0788    0.3437    0.0100    0.0407    0.0394    0.0938    0.0001    0.3128    0.3105        0.2995    0.0875 -930.8977
    0.0782    0.3616    0.1094    0.0768    0.0391    0.1306    0.0001    0.4667    0.4606        0.1436    0.0043 -673.6468
    0.0795    0.3531    0.0503    0.0504    0.0398    0.1180    0.0001    0.4497    0.3962        0.1903    0.0225 -692.6449
    0.0888    0.3391    0.0342    0.0556    0.0444    0.0869    0.0001    0.5602    0.4439        0.1580   -0.0015 -736.1733
    0.0803    0.3492    0.0287    0.0612    0.0401    0.1086    0.0001    0.4511    0.4429        0.2046   -0.0016 -772.0302
    0.0907    0.3443    0.2004    0.1155    0.0454    0.0809    0.0001    0.5009    0.4167       -0.0025    0.0048 -642.5307
    0.0798    0.3400    0.0131    0.0627    0.0399    0.0862    0.0001    0.4078    0.3950       -0.0038    0.0046 -800.0006
    0.0767    0.3514    0.0110    0.0002    0.0383    0.1392    0.0001    0.3854    0.4098        0.1655   -0.0162 -710.4917
    0.0825    0.3419    0.0131    0.0005    0.0413    0.1089    0.0001    0.3993    0.4022        0.2030    0.1089 -876.0728
    0.0950    0.3494    0.2790    0.0772    0.0475    0.1006    0.0001    0.6555    0.5760        0.2302   -0.0193 -669.4170
    0.0696    0.3691    0.0140    0.0827    0.0348    0.1340    0.0001    0.4236    0.4316        0.2181    0.0015 -845.3096
    0.0746    0.3701    0.1413    0.0940    0.0373    0.1213    0.0001    0.5773    0.5301        0.2042    0.0052 -761.9302
    0.0804    0.3455    0.0268    0.0291    0.0402    0.0984    0.0001    0.4208    0.4073        0.2082    0.0231 -795.9475
    0.0778    0.3564    0.0158    0.0891    0.0389    0.1063    0.0001    0.4540    0.4532        0.1262   -0.0012 -832.8492
    0.0768    0.3558    0.0146    0.0544    0.0384    0.1100    0.0001    0.4481    0.4429        0.1396   -0.0011 -862.0441
    0.0789    0.3613    0.2140    0.0902    0.0394    0.1204    0.0001    0.6995    0.4572        0.1148   -0.0009 -725.2965
    0.0768    0.3544    0.0139    0.0581    0.0384    0.1245    0.0001    0.4378    0.4189        0.2143   -0.0014 -886.4878
    0.0810    0.3457    0.0325    0.0709    0.0405    0.0782    0.0001    0.5263    0.4837        0.1219   -0.0091 -772.8277
    0.0846    0.3411    0.0271    0.0126    0.0423    0.0989    0.0001    0.4356    0.4197        0.2154    0.1035 -834.8814
    0.0771    0.3489    0.0848    0.0097    0.0386    0.0991    0.0001    0.4181    0.3574        0.2154   -0.0047 -780.4496
    0.0753    0.3496    0.0257    0.0177    0.0376    0.0986    0.0001    0.4128    0.3856        0.1638    0.0135 -810.6868
    0.0839    0.3433    0.1182    0.0131    0.0419    0.1029    0.0001    0.4795    0.4028        0.1933   -0.0185 -724.8297
    0.0822    0.3429    0.0137    0.0466    0.0411    0.1039    0.0001    0.4222    0.4143        0.2167    0.1026 -886.3347
    0.0770    0.3521    0.1403    0.0636    0.0385    0.1084    0.0001    0.3791    0.5060        0.2315    0.0039 -774.7410
    0.0795    0.3463    0.0554    0.0457    0.0398    0.1034    0.0001    0.4993    0.4070        0.2177    0.0047 -801.8644
    0.0794    0.3575    0.0952    0.0645    0.0397    0.1167    0.0001    0.5554    0.4362        0.2142    0.0046 -757.1174
    0.0834    0.3443    0.0503    0.0430    0.0417    0.0996    0.0001    0.4632    0.3884        0.2042    0.0206 -763.6356
    0.0861    0.3387    0.0160    0.0184    0.0430    0.0787    0.0001    0.4946    0.4856        0.1547    0.0019 -920.9174
    0.0784    0.3559    0.0158    0.0514    0.0392    0.1127    0.0001    0.4885    0.4798        0.1536    0.0149 -939.5509
    0.0702    0.3628    0.0328    0.0623    0.0351    0.1235    0.0001    0.4735    0.5340        0.1977    0.0240 -759.9903
    0.0773    0.3472    0.0266    0.0429    0.0387    0.0926    0.0001    0.4175    0.4007        0.1542    0.0258 -785.6388
    0.0766    0.3454    0.0158    0.0470    0.0383    0.1079    0.0001    0.5006    0.1401        0.2150    0.0087 -740.8452
    0.0796    0.3469    0.0157    0.0004    0.0398    0.1122    0.0001    0.4781    0.2521        0.2355    0.0272 -812.9256
    0.0780    0.3417    0.0291    0.0274    0.0390    0.0858    0.0001    0.4647    0.4316        0.1374    0.0048 -869.8053
    0.0792    0.3448    0.0289    0.0257    0.0396    0.0925    0.0001    0.4591    0.4378        0.2233    0.1128 -903.4870
    0.0814    0.3542    0.2373    0.0702    0.0407    0.1028    0.0001    0.7188    0.3932        0.0755    0.0079 -751.2746
    0.0746    0.3523    0.0148    0.0621    0.0373    0.0948    0.0001    0.4576    0.4494        0.1481    0.0093 -926.5621
    0.0824    0.3408    0.1053    0.0030    0.0412    0.0877    0.0001    0.4610    0.3245        0.2203   -0.0070 -776.2323
    0.0805    0.3480    0.0931    0.0302    0.0402    0.1005    0.0001    0.4800    0.3656        0.2113    0.1301 -807.5210
    0.0679    0.3642    0.0116    0.0833    0.0339    0.1095    0.0001    0.3459    0.3605        0.1086    0.0079 -916.2502
    0.0760    0.3520    0.0139    0.0457    0.0380    0.0960    0.0001    0.4305    0.4181        0.2161    0.0446 -998.3330
    0.0746    0.3468    0.0100    0.0259    0.0373    0.1187    0.0001    0.3114    0.1605        0.2959    0.0166 -824.4925
    0.0792    0.3385    0.0109    0.0244    0.0396    0.0894    0.0001    0.3399    0.1779        0.3236    0.0666 -842.9325
    0.0827    0.3454    0.0132    0.0875    0.0413    0.0918    0.0001    0.4194    0.3997        0.1662   -0.0021 -815.4337
    0.0824    0.3372    0.0118    0.0168    0.0412    0.0898    0.0001    0.3684    0.3636        0.1908    0.0282 -848.7846
    0.0847    0.3582    0.0740    0.1071    0.0423    0.0920    0.0001    0.4647    0.4577        0.1738   -0.0072 -747.9858
    0.0770    0.3532    0.0506    0.0425    0.0385    0.1070    0.0001    0.4626    0.4138        0.1996    0.0091 -788.0993
    0.0818    0.3477    0.1022    0.0563    0.0409    0.1006    0.0001    0.5733    0.4275        0.1047    0.0078 -755.6586
    0.0845    0.3375    0.0531    0.0011    0.0423    0.0895    0.0001    0.4712    0.3745        0.1724    0.1059 -788.0253
    0.0757    0.3558    0.1055    0.0680    0.0379    0.1156    0.0001    0.5386    0.4025        0.1753    0.0025 -756.4098
    0.0814    0.3462    0.0894    0.0385    0.0407    0.0989    0.0001    0.5055    0.3543        0.1733    0.0141 -763.2225
    0.0786    0.3619    0.1746    0.0843    0.0393    0.1210    0.0001    0.6313    0.4806        0.2237   -0.0453 -767.4832
    0.0796    0.3532    0.1043    0.0331    0.0398    0.1176    0.0001    0.5592    0.4036        0.2160    0.0895 -797.0338
    0.0916    0.3429    0.2851    0.0458    0.0458    0.1032    0.0001    0.5911    0.4674        0.1134    0.0058 -710.7656
    0.0740    0.3641    0.0146    0.0483    0.0370    0.1298    0.0001    0.4481    0.4631        0.2162    0.0097 -872.0375
    0.0856    0.3420    0.1783    0.0071    0.0428    0.1075    0.0001    0.5435    0.3923        0.1036   -0.0008 -699.4424
    0.0844    0.3374    0.0796    0.0002    0.0422    0.0937    0.0001    0.4774    0.3498        0.1970   -0.0008 -721.9390
    0.0775    0.3447    0.0431    0.0193    0.0388    0.1011    0.0001    0.3278    0.4077        0.1311    0.0118 -754.1597
    0.0821    0.3421    0.1126    0.0232    0.0411    0.0979    0.0001    0.4995    0.3935        0.2133    0.0961 -790.3918
    0.0882    0.3498    0.2308    0.0377    0.0441    0.1129    0.0001    0.6553    0.5767        0.1699    0.0190 -803.7227
    0.0854    0.3552    0.1781    0.0823    0.0427    0.1112    0.0001    0.6833    0.5272        0.2910    0.1002 -833.0701
    0.0790    0.3380    0.0100    0.0074    0.0395    0.1006    0.0001    0.3080    0.3128        0.1536   -0.0094 -892.8411
    0.0810    0.3400    0.0130    0.0056    0.0405    0.1004    0.0001    0.4004    0.3919        0.2004    0.0701 -923.8994
    0.0766    0.3567    0.0903    0.0735    0.0383    0.0968    0.0001    0.5369    0.4276        0.1187    0.0152 -750.6931
    0.0820    0.3419    0.0538    0.0039    0.0410    0.0895    0.0001    0.4722    0.3472        0.1917    0.0761 -768.5881
    0.0848    0.3478    0.1327    0.0753    0.0424    0.0955    0.0001    0.4797    0.4890        0.0277    0.0193 -744.1376
    0.0760    0.3492    0.0274    0.0289    0.0380    0.1079    0.0001    0.4303    0.4236        0.0386    0.0261 -793.8108
    0.0907    0.3534    0.2276    0.0845    0.0454    0.1110    0.0001    0.7356    0.5159        0.2488   -0.0075 -729.0315
    0.0840    0.3404    0.0322    0.0002    0.0420    0.1016    0.0001    0.4889    0.3319        0.2010   -0.0112 -751.0321
    0.0766    0.3481    0.0112    0.0644    0.0383    0.0933    0.0001    0.1826    0.3351        0.1002    0.0010 -705.0402
    0.0788    0.3488    0.0159    0.0574    0.0394    0.0977    0.0001    0.2604    0.4754        0.1486    0.0009 -733.7152
    0.0757    0.3447    0.0136    0.0638    0.0379    0.0696    0.0001    0.4289    0.1996        0.0724    0.0031 -816.4616
    0.0738    0.3572    0.0205    0.0444    0.0369    0.1160    0.0001    0.6123    0.3270        0.1813    0.0258 -882.8116
    0.0748    0.3511    0.0236    0.0606    0.0374    0.0939    0.0001    0.2498    0.3647        0.2041    0.0072 -758.6988
    0.0805    0.3439    0.0266    0.0363    0.0402    0.1019    0.0001    0.4176    0.4095        0.2079    0.0132 -813.7117
    0.0837    0.3243    0.0100    0.0002    0.0419    0.0729    0.0001    0.3084    0.3150        0.2810    0.0035 -935.4507
    0.0758    0.3438    0.0100    0.0002    0.0379    0.1013    0.0001    0.3122    0.3092        0.2997    0.0035 -959.4405
    0.0872    0.3395    0.0212    0.0435    0.0436    0.0921    0.0001    0.6474    0.3253        0.2388   -0.0200 -774.9976
    0.0692    0.3756    0.0247    0.0927    0.0346    0.1333    0.0001    0.7531    0.3928        0.1908   -0.0015 -818.1187
    0.0803    0.3435    0.0237    0.0766    0.0402    0.0819    0.0001    0.3704    0.4050        0.0831    0.0040 -708.3385
    0.0822    0.3407    0.0252    0.0364    0.0411    0.0947    0.0001    0.3948    0.3897        0.1998    0.0032 -750.0972
    0.0741    0.3742    0.0169    0.1147    0.0370    0.1152    0.0001    0.4959    0.5261        0.2008   -0.0121 -862.2998
    0.0743    0.3616    0.0146    0.0408    0.0371    0.1270    0.0001    0.4452    0.4490        0.2243   -0.0091 -907.6249
    0.0938    0.3098    0.0115    0.0161    0.0469    0.0767    0.0001    0.3246    0.3803        0.1570   -0.0001 -844.9609
    0.0822    0.3374    0.0132    0.0188    0.0411    0.0909    0.0001    0.4079    0.4008        0.2060   -0.0001 -928.6875
    0.0810    0.3605    0.1660    0.0780    0.0405    0.1088    0.0001    0.6133    0.4699        0.1879   -0.0229 -730.2373
    0.0819    0.3557    0.1575    0.0679    0.0410    0.1025    0.0001    0.4979    0.4471        0.2295   -0.0212 -747.2643
    0.0844    0.3556    0.2688    0.0455    0.0422    0.1014    0.0001    0.6715    0.4062        0.1285    0.0106 -742.8149
    0.0769    0.3520    0.0131    0.0585    0.0384    0.0938    0.0001    0.4060    0.3974        0.2009    0.0116 -911.2498
    0.0813    0.3459    0.0862    0.0671    0.0407    0.0872    0.0001    0.4548    0.4021        0.1587   -0.0209 -700.2311
    0.0833    0.3500    0.1301    0.0734    0.0417    0.0962    0.0001    0.4961    0.4506        0.2080    0.1203 -727.0074
    0.0816    0.3545    0.1811    0.0610    0.0408    0.1080    0.0001    0.5212    0.4517        0.1984   -0.0105 -714.5152
    0.0855    0.3337    0.0125    0.0002    0.0428    0.0970    0.0001    0.3874    0.3739        0.2013    0.0582 -879.0150
    0.0823    0.3379    0.0128    0.0003    0.0411    0.0945    0.0001    0.3982    0.3918        0.1917   -0.0078 -933.8065
    0.0810    0.3409    0.0137    0.0009    0.0405    0.0945    0.0001    0.4222    0.4180        0.2110    0.0727 -950.4412
    0.0799    0.3443    0.0589    0.0478    0.0399    0.0800    0.0001    0.4796    0.3294        0.1141   -0.0014 -789.1649
    0.0788    0.3477    0.0553    0.0330    0.0394    0.1027    0.0001    0.4867    0.3808        0.1734   -0.0009 -793.0656
    0.0756    0.3551    0.0632    0.0708    0.0378    0.1079    0.0001    0.5384    0.4134        0.1368   -0.0058 -748.6003
    0.0828    0.3425    0.0974    0.0054    0.0414    0.0984    0.0001    0.4776    0.3947        0.1741    0.0720 -767.0209
    0.0799    0.3389    0.0100    0.0002    0.0399    0.0904    0.0001    0.2988    0.2688        0.0912    0.0026 -851.4912
    0.0787    0.3482    0.0135    0.0004    0.0394    0.1013    0.0001    0.4159    0.4112        0.2082    0.0040 -938.2620
    0.0765    0.3506    0.0117    0.0346    0.0382    0.1263    0.0001    0.3629    0.3498        0.1830   -0.0007 -836.9090
    0.0813    0.3418    0.0129    0.0438    0.0407    0.0993    0.0001    0.4015    0.3924        0.1968    0.0007 -849.7361
    0.0860    0.3517    0.2844    0.0526    0.0430    0.1086    0.0001    0.5986    0.5548        0.1005    0.0017 -696.2487
    0.0834    0.3369    0.0111    0.0486    0.0417    0.0754    0.0001    0.3496    0.3351        0.1683    0.0028 -856.1944
    0.0677    0.3672    0.0116    0.0846    0.0338    0.1413    0.0001    0.3416    0.3624        0.1739    0.0096 -858.8977
    0.0724    0.3570    0.0117    0.0809    0.0362    0.1081    0.0001    0.3626    0.3600        0.1802    0.0100 -886.0607
