    0.2160    0.5057    0.3000    0.1705    0.1080    0.0326    0.0001   -4.5003    0.2078      -35.5827
    0.2353    0.5190    0.2997    0.1670    0.1176    0.0309    0.0001   -4.4725    0.2064      -43.6756
    0.1870    0.3187    0.0155    0.0621    0.0935    0.1938    0.0001    0.4723    0.0858        0.4801
    0.2400    0.4480    0.0957    0.0002    0.1200    0.0300    0.0001    2.9753    0.3300       -1.9527
    0.0946    0.6236    0.2978    0.2757    0.0473    0.2415    0.0001   -0.2506   -0.9346       -0.4775
    0.1109    0.6236    0.0960    0.3242    0.0555    0.3972    0.0001   -0.8379   -0.3822       -0.9110
    0.2398    0.5195    0.2694    0.1902    0.1199    0.2125    0.0001   -1.9753   -3.9650       -4.6715
    0.2388    0.5174    0.2683    0.1894    0.1194    0.2116    0.0001   -2.0715   -3.9491       -4.3265
    0.0921    0.5296    0.3000    0.0018    0.0461    0.0300    0.0001   -4.7663    0.4394       -4.2818
    0.0922    0.5296    0.3000    0.0019    0.0461    0.0300    0.0001   -4.7854    0.4436       -4.2818
    0.2213    0.4960    0.2973    0.0124    0.1107    0.0300    0.0001    5.4504    1.7821      -22.8527
    0.2226    0.5064    0.2857    0.0123    0.1113    0.0302    0.0001    5.4030    1.8064      -32.2886
    0.0651    0.5408    0.3000    0.1337    0.0325    0.1321    0.0001   -0.6338    0.3093       -4.6458
    0.0743    0.5299    0.3000    0.1536    0.0372    0.1162    0.0001   -0.9601    0.3936       -3.8612
    0.0650    0.6127    0.3000    0.0002    0.0325    0.0300    0.0001   -4.7980    0.4064       -4.9012
    0.0650    0.6127    0.3000    0.0002    0.0325    0.0300    0.0001   -4.7980    0.4155       -4.9012
    0.1092    0.4330    0.3000    0.0023    0.0546    0.0310    0.0001   -0.1234    0.2165        0.1452
    0.0661    0.4823    0.0100    0.1359    0.0330    0.0310    0.0001   -0.1563   -8.7411       -1.5767
    0.2400    0.4611    0.0791    0.0049    0.1200    0.0300    0.0001    2.4955    0.9512       -0.9799
    0.2400    0.4638    0.0839    0.0002    0.1200    0.0300    0.0001    2.6333    0.7750       -0.9857
    0.2398    0.4700    0.2890    0.1158    0.1199    0.0953    0.0001   -2.8856    0.1930      -15.0756
    0.2399    0.4820    0.2765    0.1167    0.1200    0.0962    0.0001   -2.9185    0.1962      -13.7781
    0.1182    0.5575    0.3000    0.2570    0.0591    0.0388    0.0001   -3.9695    0.5838      -18.4778
    0.1211    0.5550    0.2999    0.2627    0.0605    0.0391    0.0001   -4.0268    0.5971      -20.5707
    0.2400    0.6400    0.0147    0.0002    0.1200    0.0300    0.0001    1.1576    2.6292       -1.9115
    0.2400    0.6400    0.0147    0.0002    0.1200    0.0300    0.0001    1.1592    2.9979       -1.9115
    0.0651    0.4640    0.3000    0.1693    0.0325    0.0795    0.0001    0.6845    0.0002       -4.7398
    0.0652    0.4640    0.2995    0.1697    0.0326    0.0795    0.0001    0.6859    0.0002       -4.7391
    0.0650    0.4838    0.3000    0.0002    0.0325    0.0300    0.0001   -4.7865   -0.4393       -5.1552
    0.0650    0.4838    0.3000    0.0002    0.0325    0.0300    0.0001   -4.7871   -0.4453       -5.1555
    0.1719    0.4369    0.0205    0.0712    0.0859    0.0300    0.0001    1.6473   -0.7311       -3.0181
    0.1795    0.4667    0.0566    0.0032    0.0898    0.0300    0.0001    4.2432   -1.0583       -4.8758
    0.1001    0.4566    0.0206    0.0487    0.0501    0.0798    0.0001    1.6306    0.0316       -2.3135
    0.1523    0.4616    0.0692    0.0217    0.0761    0.0304    0.0001    5.5799   -0.2208      -11.7272
    0.1519    0.4870    0.2990    0.1523    0.0759    0.0301    0.0001   -3.5661    0.5122       -5.3417
    0.1577    0.4932    0.2988    0.1497    0.0789    0.0300    0.0001   -3.6114    0.5187      -12.1384
    0.2390    0.4953    0.2994    0.1310    0.1195    0.0741    0.0001   -2.3271    0.4069       -9.2282
    0.2322    0.4899    0.2992    0.1312    0.1161    0.0762    0.0001   -2.3274    0.4069       -7.8873
    0.0650    0.5318    0.3000    0.0112    0.0325    0.0300    0.0001   -2.7116    0.9928       -5.1562
    0.0650    0.5319    0.3000    0.0002    0.0325    0.0300    0.0001   -2.6917    2.6132       -5.1578
    0.0650    0.4040    0.2950    0.1336    0.0325    0.0597    0.0001   -0.2447    0.2094       -1.5364
    0.0650    0.4763    0.0650    0.1335    0.0325    0.3416    0.0001   -0.1181    0.3220       -4.1228
    0.0652    0.4724    0.3000    0.1339    0.0326    0.0355    0.0001   -0.2333    0.1947       -2.0325
    0.0965    0.4790    0.2999    0.2011    0.0482    0.0300    0.0001   -0.1573    0.1991       -2.3174
    0.0658    0.4459    0.2973    0.1469    0.0329    0.0304    0.0001   -1.1615   -0.0998       -4.5728
    0.0671    0.4379    0.2827    0.1497    0.0336    0.0300    0.0001   -0.9708   -0.0818       -4.4339
    0.1526    0.4051    0.1645    0.5575    0.0763    0.0301    0.0001   -2.9384    0.4409      -28.8556
    0.1521    0.4059    0.1651    0.5847    0.0761    0.0300    0.0001   -2.9259    0.4378      -31.4181
    0.2400    0.6400    0.2897    1.4505    0.1200    0.0300    0.0001   -2.1810   -0.1721      -14.4099
    0.2393    0.6382    0.2900    1.4978    0.1196    0.0302    0.0001   -2.1826   -0.1729      -16.5128
    0.2038    0.6400    0.3000    0.5851    0.1019    0.0316    0.0001   -3.0274    0.6030      -53.5963
    0.2029    0.6378    0.2981    0.5893    0.1014    0.0317    0.0001   -3.1663    0.6018      -56.9899
    0.2400    0.3582    0.0179    0.2250    0.1200    0.0473    0.0001    0.5711    0.4569       -0.2413
    0.2400    0.4964    0.1757    0.1375    0.1200    0.0300    0.0001    5.0693   -1.4959      -32.1688
    0.0652    0.6399    0.1055    0.3391    0.0326    0.0561    0.0001    0.8874   -0.0161       -2.7889
    0.0650    0.6400    0.2963    0.3334    0.0325    0.0559    0.0001    2.7333   -0.0406       -3.3284
    0.2400    0.6400    0.3000    0.0002    0.1200    0.0300    0.0001   -0.5074    0.1067       -0.6129
    0.2400    0.6400    0.2997    0.0032    0.1200    0.4500    0.0001   -4.4684    1.8393       -1.4974
    0.0651    0.4720    0.2997    0.0023    0.0325    0.0300    0.0001   -4.7884   -0.3129       -4.8625
    0.0650    0.4721    0.3000    0.0002    0.0325    0.0300    0.0001   -4.7984   -0.2466       -4.8631
    0.1360    0.3656    0.3000    0.0002    0.0680    0.0300    0.0001   -0.1190    0.5118        0.9239
    0.1172    0.3631    0.0115    0.0002    0.0586    0.0300    0.0001   -0.1014   -2.0424        0.6851
    0.0656    0.6343    0.3000    0.0075    0.0328    0.1379    0.0001   -9.5607   -5.4161       -4.5421
    0.0650    0.6131    0.3000    0.0002    0.0325    0.1833    0.0001   -9.8810   -8.6615       -4.7405
    0.0657    0.3768    0.2575    0.1351    0.0329    0.0523    0.0001    0.2065    0.2382       -2.9469
    0.2047    0.3477    0.0102    0.4330    0.1024    0.2785    0.0001    0.8251   -0.7527       -4.9620
    0.2396    0.4012    0.3000    0.2793    0.1198    0.1327    0.0001   -1.9753    0.2567      -13.9534
    0.2386    0.4105    0.2990    0.2858    0.1193    0.1324    0.0001   -1.9770    0.2556      -14.6205
    0.0650    0.4708    0.3000    0.0010    0.0325    0.0300    0.0001   -4.8020    0.5334       -4.9313
    0.0650    0.4708    0.3000    0.0002    0.0325    0.0300    0.0001   -4.7977   -0.4758       -4.9313
    0.0824    0.4302    0.1982    0.0130    0.0412    0.0723    0.0001    1.8464    2.5127       -3.0254
    0.1115    0.4287    0.3000    0.0202    0.0558    0.0300    0.0001    4.7886    1.4331       -4.0276
    0.1094    0.5486    0.3000    0.0182    0.0547    0.0300    0.0001   -7.2485    1.8490       -9.7829
    0.1079    0.5507    0.2986    0.0180    0.0539    0.0300    0.0001   -7.4786    1.8597      -10.0520
    0.0780    0.4445    0.0171    0.0172    0.0390    0.0312    0.0001    1.3147    1.3945       -3.9666
    0.0819    0.4747    0.1271    0.0004    0.0410    0.0301    0.0001    9.6564   -5.0488       -7.9816
    0.0650    0.6306    0.3000    0.0002    0.0325    0.0300    0.0001   -4.6865    0.1347       -5.2120
    0.0650    0.6287    0.3000    0.0002    0.0325    0.0300    0.0001   -4.6897    0.1348       -5.2136
    0.0651    0.5151    0.2833    0.1332    0.0326    0.1097    0.0001   -1.3247    0.2282       -4.2755
    0.0650    0.5169    0.3000    0.1332    0.0325    0.1059    0.0001   -2.5001    0.0380       -5.0549
    0.2399    0.5016    0.2602    0.6408    0.1200    0.0772    0.0001    2.2454   -0.8086      -41.4956
    0.2400    0.5073    0.2567    0.6372    0.1200    0.0780    0.0001    2.2676   -0.7954      -42.4786
    0.2395    0.4176    0.0144    0.4921    0.1198    0.0317    0.0001   -3.2345    0.6766      -38.2275
    0.2387    0.4160    0.0143    0.4895    0.1194    0.0316    0.0001   -3.3809    0.6751      -42.0713
    0.2400    0.6255    0.3000    0.8893    0.1200    0.0300    0.0001   -2.8388   -1.1562      -25.2618
    0.2400    0.6400    0.2999    0.9692    0.1200    0.0306    0.0001   -2.8999   -1.1904      -41.3782
    0.0878    0.5654    0.2917    0.3196    0.0439    0.2323    0.0001   -0.3100    0.2774       -0.6817
    0.1015    0.6089    0.2858    0.3707    0.0508    0.4500    0.0001   -0.3074    0.2759       -1.0733
    0.2295    0.6400    0.2918    0.7116    0.1148    0.4500    0.0001   -4.0503   -4.5024      -95.5912
    0.2347    0.6399    0.2911    0.7166    0.1173    0.4438    0.0001   -4.2694   -4.5199     -104.9751
    0.2400    0.6400    0.0100    0.0052    0.1200    0.1458    0.0001    0.7534   -0.6534       -0.6921
    0.2400    0.6400    0.0100    0.0002    0.1200    0.1450    0.0001    0.7561   -0.8124       -0.6930
    0.2376    0.4603    0.2972    0.2253    0.1188    0.1032    0.0001   -2.0095    0.2713      -10.9893
    0.2395    0.4595    0.2956    0.2240    0.1197    0.1067    0.0001   -1.9984    0.2696      -10.5291
    0.1675    0.6238    0.3000    0.8080    0.0838    0.0310    0.0001   -3.3439    0.6764      -52.2913
    0.1731    0.6400    0.2945    0.8390    0.0865    0.0318    0.0001   -3.4035    0.6637      -75.2520
    0.0651    0.4532    0.2554    0.1338    0.0325    0.1671    0.0001   -1.0151    0.0122       -4.6250
    0.0650    0.4532    0.2321    0.1335    0.0325    0.1671    0.0001   -1.0614    0.0130       -4.6284
    0.2399    0.3937    0.0386    0.0002    0.1199    0.0300    0.0001    3.0402   -0.1772       -1.2102
    0.2400    0.3950    0.0393    0.0002    0.1200    0.0300    0.0001    3.1307   -0.1742       -1.2132
    0.2400    0.6400    0.2942    0.9860    0.1200    0.0300    0.0001   -1.9294    0.1275      -29.3364
    0.2385    0.6400    0.2791    1.0000    0.1193    0.0305    0.0001   -1.9565    0.1289      -29.5761
    0.0650    0.4198    0.2903    0.0003    0.0325    0.0300    0.0001   -4.5018    1.1357       -5.2010
    0.0650    0.4197    0.3000    0.0002    0.0325    0.0300    0.0001   -4.6866    1.3556       -5.2134
    0.1380    0.4558    0.2966    0.0002    0.0690    0.0303    0.0001   -6.1006    1.8228       -7.8048
    0.1447    0.4542    0.2954    0.0002    0.0708    0.0302    0.0001   -6.0762    1.8154      -11.8482
    0.0952    0.5000    0.3000    0.0002    0.0476    0.0300    0.0001   -0.1573    0.2177       -0.3731
    0.0861    0.5007    0.0100    0.0002    0.0431    0.0300    0.0001   -0.1544    0.3516       -0.6499
    0.0666    0.5323    0.2963    0.1370    0.0333    0.0375    0.0001   -1.0782    0.3949       -5.4804
    0.0751    0.5323    0.0226    0.1549    0.0375    0.0375    0.0001   -1.7807    0.0479       -6.3313
    0.0715    0.4117    0.2171    0.1476    0.0357    0.0300    0.0001   -0.3396    0.0138       -2.3520
    0.1124    0.4077    0.1065    0.2350    0.0562    0.0300    0.0001   -0.2891    0.0129       -2.8020
    0.2400    0.4393    0.0100    0.0002    0.1200    0.0300    0.0001    0.8378    1.1706       -0.5639
    0.2399    0.5603    0.0759    0.0002    0.1200    0.0312    0.0001    5.5306    0.3649      -30.0760
    0.2400    0.3628    0.0971    0.0018    0.1200    0.0300    0.0001    3.0140   19.6108       -2.0290
    0.2400    0.3629    0.0973    0.0018    0.1200    0.0300    0.0001    3.0229   20.0713       -2.0290
    0.2346    0.3945    0.2810    0.0296    0.1173    0.0304    0.0001   -5.7279    0.8510      -19.7157
    0.2341    0.4030    0.2805    0.0294    0.1170    0.0312    0.0001   -5.7049    0.8482      -36.8647
    0.2400    0.6400    0.2887    0.5086    0.1200    0.1545    0.0001    0.4212   -1.6201       -1.8107
    0.2255    0.6400    0.0504    0.4886    0.1128    0.1545    0.0001    0.4675   -1.8718       -2.2041
    0.1161    0.6400    0.3000    0.2429    0.0580    0.2021    0.0001   -0.4689    0.2255       -2.0507
    0.1136    0.6400    0.2380    0.2363    0.0568    0.2020    0.0001   -2.7223    1.1348       -2.2858
    0.0650    0.4574    0.0270    0.1330    0.0325    0.0378    0.0001    2.1391    0.3531       -3.9502
    0.0650    0.4494    0.0264    0.1330    0.0325    0.0300    0.0001    2.1241    0.4155       -4.1615
    0.2400    0.5964    0.3000    0.3226    0.1200    0.0300    0.0001   -2.5079   -0.1336      -26.7279
    0.2399    0.5846    0.2964    0.3184    0.1199    0.0303    0.0001   -2.5214   -0.1343      -26.1233
    0.1055    0.3786    0.0236    0.0314    0.0527    0.0343    0.0001    0.7470    0.5531       -1.9011
    0.2025    0.4171    0.1621    0.0211    0.1013    0.0300    0.0001    4.8056   -0.6373      -15.2767
    0.0653    0.4936    0.2880    0.0105    0.0326    0.0300    0.0001   -2.7765    0.9537       -5.1355
    0.0650    0.4940    0.3000    0.0002    0.0325    0.0300    0.0001   -2.7259   -0.3625       -5.1581
    0.0903    0.4686    0.2999    0.0004    0.0452    0.0300    0.0001   -4.7824    0.7657       -4.3113
    0.0903    0.4686    0.3000    0.0004    0.0452    0.0300    0.0001   -4.7824    0.7704       -4.3113
    0.1164    0.6400    0.2999    0.0029    0.0582    0.0301    0.0001   -2.1355    0.6560       -4.0803
    0.1165    0.6400    0.3000    0.0002    0.0583    0.0300    0.0001   -2.1876   -4.6352       -4.0836
    0.0679    0.4816    0.0475    0.0002    0.0340    0.0301    0.0001    1.4124    0.9642       -4.7408
    0.0803    0.5109    0.2945    0.0003    0.0401    0.0300    0.0001    9.0348   -0.8391       -6.0618
    0.0788    0.4740    0.2894    0.1629    0.0394    0.0309    0.0001   -0.6403    0.3466       -3.5736
    0.0960    0.4680    0.2727    0.2000    0.0480    0.0300    0.0001   -0.6163    0.3585       -3.6961
    0.1077    0.5106    0.0911    0.0488    0.0538    0.0301    0.0001    7.4756   -1.7947      -13.8826
    0.1072    0.5086    0.0907    0.0486    0.0536    0.0300    0.0001    7.8362   -1.7873      -15.8658
    0.0655    0.5044    0.2943    0.0024    0.0328    0.0304    0.0001   -2.7704  -10.1111       -5.0689
    0.0650    0.5107    0.3000    0.0002    0.0325    0.0300    0.0001   -4.6964   -9.7750       -5.2124
    0.2400    0.6400    0.1268    0.0002    0.1200    0.0300    0.0001   -0.3473  -57.1634        0.1072
    0.2400    0.6400    0.1996    0.0002    0.1200    0.4500    0.0001   -0.5278 -679.1501        0.0524
    0.2376    0.5614    0.2558    0.0546    0.1188    0.0302    0.0001   -4.5035   -0.8094      -29.0066
    0.2365    0.5612    0.2608    0.0545    0.1183    0.0303    0.0001   -4.5846   -0.8058      -29.4614
    0.2400    0.5150    0.2986    0.1448    0.1200    0.0462    0.0001   -4.3827    0.8772      -40.7687
    0.2392    0.5118    0.2967    0.1490    0.1196    0.0461    0.0001   -4.4282    0.8761      -41.5722
    0.2398    0.3929    0.1799    0.9173    0.1199    0.0301    0.0001   -3.6138    0.3584      -92.4715
    0.2380    0.4164    0.1911    0.9303    0.1190    0.0317    0.0001   -3.8388    0.3772     -107.6517
    0.2400    0.4705    0.3000    0.3235    0.1200    0.1812    0.0001   -3.4005    0.2765      -45.1425
    0.2395    0.4704    0.2992    0.3322    0.1197    0.1804    0.0001   -3.3852    0.2762      -45.3672
    0.2400    0.5917    0.3000    0.3509    0.1200    0.0300    0.0001   -2.1878   -0.1920      -22.5861
    0.2400    0.5881    0.3000    0.3479    0.1200    0.0304    0.0001   -2.2466   -0.1907      -23.2417
    0.2400    0.5322    0.3000    0.2108    0.1200    0.0301    0.0001   -4.2350    1.1149      -47.9724
    0.2390    0.5300    0.2988    0.2211    0.1195    0.0300    0.0001   -4.2177    1.1106      -48.3426
    0.2392    0.4926    0.2731    0.0007    0.1196    0.2025    0.0001   -2.4150    1.5418       -1.2636
    0.2386    0.4447    0.1551    0.0002    0.1193    0.0344    0.0001   -5.1337    1.3903      -20.3441
    0.2400    0.4704    0.1351    0.0002    0.1200    0.0300    0.0001    2.3796   -1.0184       -0.6267
    0.2400    0.4695    0.1389    0.0002    0.1200    0.0300    0.0001    2.3516   -1.0035       -0.6325
    0.2393    0.4766    0.3000    0.3298    0.1197    0.0777    0.0001   -5.7812   -0.0941      -66.8088
    0.2400    0.4897    0.2994    0.3140    0.1200    0.0717    0.0001   -5.9405   -0.0967      -92.8165
    0.1935    0.5636    0.3000    0.1723    0.0967    0.0300    0.0001   -3.4470    0.4551      -19.1399
    0.2029    0.5613    0.2988    0.1717    0.1014    0.0300    0.0001   -3.4335    0.4533      -19.9424
    0.0681    0.5623    0.3000    0.1516    0.0340    0.0311    0.0001   -0.9083    0.2992       -3.2097
    0.0663    0.5665    0.3000    0.1472    0.0332    0.0308    0.0001   -0.6929    0.2878       -3.4220
    0.0650    0.4750    0.3000    0.1334    0.0325    0.0300    0.0001    0.0346    0.2336       -1.3961
    0.1099    0.4750    0.3000    0.2298    0.0549    0.0300    0.0001    0.0611    0.0732       -1.6059
    0.0881    0.4476    0.2957    0.1832    0.0440    0.0300    0.0001   -0.5569    0.2817       -2.5588
    0.0994    0.4436    0.2136    0.2074    0.0497    0.0300    0.0001   -0.3430    0.3399       -2.8477
    0.0669    0.5475    0.3000    0.0026    0.0334    0.0300    0.0001   -9.9243   -2.6932       -3.8082
    0.0924    0.5515    0.2840    0.0024    0.0462    0.0330    0.0001   -9.4100   -3.0687      -10.7431
    0.2311    0.4942    0.2918    0.1396    0.1155    0.0379    0.0001   -4.5610    0.1951      -39.7821
    0.2275    0.4842    0.2939    0.1406    0.1138    0.0369    0.0001   -4.7135    0.1945      -41.1269
    0.2376    0.3363    0.2660    0.7634    0.1188    0.2928    0.0001   -3.1087   -1.9219      -68.6799
    0.2400    0.3585    0.2836    0.8171    0.1200    0.3144    0.0001   -3.3455   -2.0283      -93.0801
    0.2382    0.4952    0.0508    0.1558    0.1191    0.0300    0.0001    3.7363   -0.7237      -22.3442
    0.2356    0.4934    0.0507    0.1552    0.1178    0.0300    0.0001    3.9251   -0.7211      -25.1581
    0.0745    0.5701    0.2876    0.2892    0.0373    0.2561    0.0001   -0.4105    0.2916       -0.5139
    0.0886    0.6089    0.2311    0.3420    0.0443    0.4500    0.0001   -0.1705    0.2004       -0.9577
    0.0835    0.6110    0.3000    0.0086    0.0417    0.0303    0.0001   -4.8019   -1.5445       -4.4148
    0.0822    0.6114    0.3000    0.0002    0.0411    0.0300    0.0001   -4.8140   -2.6981       -4.4245
    0.0653    0.5449    0.1074    0.1342    0.0326    0.0302    0.0001    0.5931    0.3663       -3.9254
    0.0716    0.5469    0.0677    0.1477    0.0358    0.0300    0.0001    0.6445    0.4391       -4.0096
    0.2400    0.6259    0.2938    0.6664    0.1200    0.4428    0.0001   -1.8851   -3.5387      -39.0830
    0.2357    0.6266    0.2935    0.6873    0.1179    0.4426    0.0001   -1.8780   -3.5225      -40.2270
    0.0650    0.4969    0.2998    0.1337    0.0325    0.1637    0.0001   -0.6428    0.1662       -3.4928
    0.0650    0.5078    0.3000    0.1336    0.0325    0.1839    0.0001   -0.6434    0.1575       -4.5725
    0.0687    0.4347    0.0100    0.1411    0.0344    0.2137    0.0001    0.3349    0.3099       -4.5491
    0.0932    0.4347    0.0245    0.1939    0.0466    0.2137    0.0001    0.7412    0.2491       -4.6850
    0.1095    0.5269    0.0969    0.0004    0.0548    0.0303    0.0001    2.9933   -0.0910       -3.8222
    0.1115    0.5468    0.2109    0.0003    0.0558    0.0302    0.0001    6.5805   -0.2495       -3.9635
    0.0650    0.6013    0.3000    0.0002    0.0325    0.1836    0.0001   -9.8975    1.0526       -4.9524
    0.0650    0.5768    0.3000    0.0002    0.0325    0.2324    0.0001   -9.8999    1.2455       -4.7589
    0.0652    0.5300    0.2010    0.0671    0.0326    0.0426    0.0001   -3.0494    1.7511       -4.5884
    0.0650    0.5313    0.3000    0.0002    0.0325    0.0300    0.0001   -4.7816   15.3900       -5.1809
    0.1996    0.6397    0.2990    1.1811    0.0998    0.4487    0.0001   -2.9508   -8.3841      -97.8253
    0.2070    0.6372    0.2946    1.2254    0.1035    0.4338    0.0001   -3.0645   -8.7019     -109.1702
    0.0663    0.3663    0.0100    0.1479    0.0331    0.0636    0.0001    0.8029    0.2820       -4.3858
    0.0682    0.3643    0.0100    0.1519    0.0341    0.0300    0.0001    0.7280    0.3721       -4.4088
    0.0808    0.6254    0.2994    0.1674    0.0404    0.2451    0.0001   -0.8506    0.4591       -3.4327
    0.0830    0.6297    0.1438    0.1721    0.0415    0.2359    0.0001   -1.2867    0.6701       -3.5845
    0.1095    0.4346    0.3000    0.2282    0.0547    0.0354    0.0001   -0.9100    0.1347       -2.8185
    0.0656    0.4315    0.3000    0.1345    0.0328    0.0447    0.0001   -1.1200    0.1695       -3.1876
    0.2299    0.6400    0.2586    0.3639    0.1149    0.4500    0.0001   -2.8088   -4.4659      -30.7190
    0.2315    0.6396    0.2605    0.3665    0.1158    0.4490    0.0001   -2.8214   -4.4881      -31.3935
    0.2278    0.5887    0.3000    0.1925    0.1139    0.0957    0.0001   -4.1322    0.3564      -35.2380
    0.2209    0.5718    0.2929    0.1990    0.1104    0.0960    0.0001   -4.2694    0.3468      -39.6219
    0.0650    0.5392    0.2996    0.0048    0.0325    0.0308    0.0001    1.1657    0.4246       -4.7817
    0.0650    0.5477    0.3000    0.0002    0.0325    0.0300    0.0001    2.8167   -5.6664       -5.1532
    0.1750    0.6372    0.2907    0.0004    0.0875    0.0360    0.0001   -6.2339  -23.8306      -18.9842
    0.1794    0.6385    0.2820    0.0004    0.0897    0.0360    0.0001   -6.2725  -22.9025      -25.4384
    0.2399    0.5233    0.2766    0.0003    0.1200    0.0301    0.0001    5.0273   -0.4979      -30.8295
    0.2400    0.5133    0.2607    0.0003    0.1200    0.0303    0.0001    5.0617   -0.5013      -30.6806
    0.2372    0.6343    0.2724    0.3200    0.1186    0.3136    0.0001   -2.5782   -3.3047      -25.7205
    0.2369    0.6365    0.2681    0.3162    0.1184    0.3239    0.0001   -2.6327   -3.2675      -25.9046
    0.2117    0.2520    0.0145    0.0185    0.1058    0.1731    0.0001    0.4433    0.2520        0.9091
    0.2400    0.3907    0.0874    0.0014    0.1200    0.0300    0.0001    2.7339    1.1527       -1.3658
    0.2297    0.5752    0.2717    0.2862    0.1149    0.2853    0.0001   -1.3473   -1.3627       -0.2970
    0.2310    0.5565    0.2722    0.2869    0.1155    0.2854    0.0001   -1.3510   -1.3649       -0.5676
    0.0897    0.4823    0.3000    0.0176    0.0449    0.0305    0.0001   -4.8469    1.6119       -4.2086
    0.0954    0.4812    0.3000    0.0002    0.0477    0.0300    0.0001   -4.7858    4.0117       -4.2334
    0.2400    0.6400    0.0167    0.0007    0.1200    0.0300    0.0001    0.5112   -5.1344       -0.4601
    0.2400    0.6400    0.0167    0.0002    0.1200    0.0300    0.0001    0.5113   -7.7207       -0.4601
    0.0650    0.5521    0.3000    0.1338    0.0325    0.0300    0.0001   -0.5768    0.1050       -4.2978
    0.0728    0.5581    0.3000    0.1502    0.0364    0.0300    0.0001   -1.2633   -0.1836       -4.6355
    0.2400    0.2872    0.0100    0.0002    0.1200    0.0300    0.0001    0.8378    2.9292        0.0635
    0.2324    0.3905    0.0471    0.0012    0.1162    0.0300    0.0001    4.0248    3.6313       -5.2027
    0.2399    0.5615    0.3000    0.4728    0.1200    0.2888    0.0001   -3.9250    0.3487      -70.2901
    0.2387    0.5592    0.2992    0.4804    0.1194    0.2871    0.0001   -4.0300    0.3473      -71.0911
    0.2400    0.6339    0.3000    0.7026    0.1200    0.0300    0.0001   -2.0079   -0.8438       -8.5340
    0.2396    0.6395    0.2992    0.6964    0.1198    0.0300    0.0001   -1.9991   -0.8442      -10.2696
    0.1829    0.5784    0.3000    1.8084    0.0914    0.4178    0.0001   -1.3157   -2.0852      -84.4073
    0.1811    0.5781    0.2994    1.8601    0.0905    0.4173    0.0001   -1.3271   -2.0579      -87.7896
    0.1676    0.4691    0.2876    0.0002    0.0838    0.0314    0.0001   -4.4589    0.3023       -6.5194
    0.1669    0.4673    0.2864    0.0002    0.0834    0.0313    0.0001   -4.4451    0.3011       -7.1284
    0.1145    0.3763    0.2614    0.2510    0.0573    0.1761    0.0001   -1.6799    0.2694       -3.6678
    0.1142    0.3758    0.2630    0.2504    0.0571    0.1800    0.0001   -1.6811    0.2703       -3.6673
    0.0650    0.4642    0.3000    0.1339    0.0325    0.0318    0.0001   -0.4283    0.0825       -3.3186
    0.0661    0.4626    0.2111    0.1361    0.0331    0.0303    0.0001   -0.5754    0.0693       -3.4380
    0.0650    0.4227    0.3000    0.0009    0.0325    0.0300    0.0001   -4.6792   12.3659       -5.2127
    0.0650    0.4227    0.3000    0.0002    0.0325    0.0300    0.0001   -4.6863   10.6185       -5.2130
    0.0650    0.4227    0.2979    0.0143    0.0325    0.0301    0.0001    4.6449   -4.3017       -5.2050
    0.0650    0.4225    0.3000    0.0002    0.0325    0.0300    0.0001    4.6872  -23.2058       -5.2137
    0.1907    0.4165    0.2888    0.2485    0.0953    0.1339    0.0001   -1.9454    0.2789       -2.7411
    0.1891    0.4353    0.2885    0.2483    0.0946    0.1303    0.0001   -1.9433    0.2786       -3.0037
    0.2399    0.5159    0.2861    0.6154    0.1199    0.0930    0.0001   -1.2154    0.3059      -14.8447
    0.2399    0.5213    0.2784    0.6221    0.1200    0.0934    0.0001   -1.2290    0.3082      -14.5361
    0.1360    0.5062    0.3000    0.0736    0.0680    0.0300    0.0001   -4.7370    0.2888       -7.5032
    0.1355    0.5289    0.2987    0.0735    0.0678    0.0300    0.0001   -4.7096    0.2883       -9.5784
    0.2400    0.6400    0.3000    0.6711    0.1200    0.0300    0.0001   -1.8640   -0.8108       -0.9289
    0.2389    0.6397    0.2989    0.6887    0.1195    0.0300    0.0001   -1.8856   -0.8107       -1.3716
    0.1454    0.6168    0.2936    0.3059    0.0727    0.2242    0.0001   -0.3332   -0.9980       -0.6105
    0.1529    0.6145    0.1513    0.3220    0.0765    0.2576    0.0001   -0.2958   -1.8710       -0.7812
    0.1586    0.4453    0.3000    0.1771    0.0793    0.0778    0.0001   -2.7893    0.2086       -4.1038
    0.1565    0.4309    0.3000    0.1751    0.0782    0.0760    0.0001   -2.8325    0.2057       -5.4245
    0.2400    0.6170    0.3000    0.9605    0.1200    0.0300    0.0001   -3.0400   -1.2347      -24.0555
    0.2400    0.6397    0.2933    0.9768    0.1200    0.0309    0.0001   -3.0841   -1.2420      -39.9870
    0.2335    0.5756    0.1231    0.0559    0.1168    0.0300    0.0001    3.7566    0.3885       -3.0570
    0.2329    0.5878    0.1228    0.0570    0.1165    0.0300    0.0001    3.7234    0.3865      -10.7551
    0.0843    0.5312    0.3000    0.1746    0.0421    0.0327    0.0001   -1.6418    0.2837       -3.6143
    0.0678    0.5306    0.2749    0.1378    0.0339    0.0339    0.0001   -5.4841    0.6633       -4.2789
    0.2399    0.5052    0.2433    0.1609    0.1200    0.2760    0.0001   -4.2317   -0.2286      -37.4013
    0.2400    0.5048    0.2495    0.1618    0.1200    0.2749    0.0001   -4.2078   -0.2276      -37.2477
    0.2395    0.6400    0.1685    0.0002    0.1198    0.4500    0.0001   -2.6646   -1.9844       -0.1062
    0.1848    0.6400    0.2062    0.0002    0.0924    0.3812    0.0001   -3.4475    0.6670       -0.4551
    0.0650    0.5435    0.3000    0.1336    0.0325    0.0313    0.0001   -0.4769    0.3611       -3.1882
    0.0962    0.5363    0.0358    0.2002    0.0481    0.0467    0.0001   -0.5514    0.4989       -3.5891
    0.2372    0.4671    0.2586    0.1757    0.1186    0.1227    0.0001   -6.3635    0.6444      -73.4509
    0.2399    0.4755    0.2632    0.1786    0.1200    0.1247    0.0001   -6.4700    0.6477      -76.7856
    0.2400    0.4521    0.3000    0.0076    0.1200    0.0303    0.0001   -0.1830    0.9932        1.2351
    0.1160    0.5474    0.0116    0.0030    0.0580    0.0300    0.0001   -0.1024    1.9571        0.6428
    0.0732    0.5783    0.3000    0.0002    0.0366    0.3494    0.0001   -9.8068    0.8865       -4.2209
    0.0650    0.5806    0.3000    0.0002    0.0325    0.3455    0.0001   -9.8829    0.9021       -4.3592
    0.2275    0.5678    0.2996    0.1122    0.1138    0.0301    0.0001   -8.0510   -1.8695      -84.7437
    0.2280    0.5638    0.2909    0.1133    0.1140    0.0301    0.0001   -8.3820   -1.8902      -89.3869
    0.2189    0.6400    0.2989    0.0050    0.1095    0.0333    0.0001   -1.0643    0.2531       -2.2050
    0.2172    0.6400    0.3000    0.0002    0.1086    0.0300    0.0001   -1.0501    0.3584       -2.2081
    0.0691    0.4619    0.3000    0.1424    0.0346    0.1134    0.0001   -0.6039    0.2403       -4.7270
    0.0687    0.4694    0.2938    0.1402    0.0343    0.1134    0.0001   -0.6052    0.2343       -4.5918
    0.2207    0.6365    0.0100    0.1132    0.1104    0.1665    0.0001    0.8225    0.1626        1.1144
    0.2400    0.6400    0.0368    0.0011    0.1200    0.0300    0.0001    2.9195    0.7003       -1.4345
    0.0651    0.6058    0.2916    0.0107    0.0326    0.0300    0.0001   -4.6924   -0.7474       -4.9213
    0.0650    0.6060    0.3000    0.0002    0.0325    0.0300    0.0001   -4.7971   -4.1970       -4.9343
    0.2370    0.4791    0.2790    0.5320    0.1185    0.2343    0.0001   -1.8484   -1.2289      -26.6139
    0.2400    0.4948    0.2757    0.5408    0.1200    0.2396    0.0001   -1.9087   -1.1959      -28.1850
    0.2316    0.6072    0.2765    0.3920    0.1158    0.0300    0.0001   -2.0862   -0.7322      -20.4613
    0.2318    0.6034    0.2753    0.3909    0.1159    0.0300    0.0001   -2.1699   -0.7326      -22.1182
    0.0652    0.4520    0.2999    0.1341    0.0326    0.0300    0.0001   -0.2513    0.1954       -2.5704
    0.0650    0.4740    0.0135    0.1336    0.0325    0.0300    0.0001   -0.2093   -0.1958       -2.8402
    0.0651    0.4685    0.2986    0.0641    0.0325    0.0300    0.0001   -2.1535    2.0783       -5.0146
    0.0662    0.4791    0.2997    0.1522    0.0331    0.0304    0.0001   -4.7704   -0.2194       -5.8568
    0.1983    0.5667    0.3000    0.4124    0.0992    0.0300    0.0001   -3.3113   -0.0282      -41.5466
    0.2090    0.5470    0.3000    0.4346    0.1045    0.0300    0.0001   -3.3163   -0.0270      -46.9710
    0.0676    0.4265    0.2389    0.1385    0.0338    0.0301    0.0001   -0.0436    0.6955       -1.0463
    0.0894    0.4265    0.0312    0.1860    0.0447    0.0300    0.0001   -0.0345    1.1010       -1.5452
    0.2337    0.6057    0.2992    0.3448    0.1169    0.0814    0.0001   -2.9978    0.2851      -37.3719
    0.2346    0.6066    0.2961    0.3397    0.1173    0.0819    0.0001   -3.0913    0.2864      -39.5916
    0.2356    0.5765    0.2930    0.5813    0.1178    0.1139    0.0001   -2.3175   -5.0927      -42.6382
    0.2373    0.5758    0.2898    0.6022    0.1186    0.1134    0.0001   -2.3234   -5.1146      -43.7439
    0.2400    0.6400    0.3000    0.0002    0.1200    0.0300    0.0001   -0.3477   -0.2727       -0.0369
    0.1228    0.6400    0.0100    0.0009    0.0614    0.2523    0.0001   -0.1592    1.4530       -0.2428
    0.2400    0.6395    0.0199    0.0310    0.1200    0.0330    0.0001    0.6159   -0.5379       -0.7730
    0.1812    0.6400    0.0148    0.0002    0.0906    0.0300    0.0001    0.4528   -0.6823       -0.9751
    0.2399    0.4245    0.0160    0.3139    0.1200    0.1709    0.0001    1.2308   -0.1353        0.5868
    0.2399    0.5230    0.0563    0.1994    0.1200    0.0303    0.0001    5.1457    0.5471      -46.8193
    0.0650    0.5551    0.3000    0.1337    0.0325    0.0301    0.0001   -1.1300    0.2048       -4.9273
    0.0668    0.5511    0.1654    0.1375    0.0334    0.0301    0.0001   -1.6407    0.1755       -5.1955
    0.0650    0.4114    0.3000    0.0661    0.0325    0.0300    0.0001   -2.7921   -0.5800       -5.1332
    0.0650    0.4114    0.3000    0.0659    0.0325    0.0300    0.0001   -2.7784   -0.5933       -5.1332
    0.1923    0.4101    0.1975    0.4440    0.0962    0.0323    0.0001   -1.6060    0.4921       -3.6904
    0.1997    0.4075    0.1989    0.4417    0.0998    0.0326    0.0001   -1.6175    0.4977       -4.1550
    0.2400    0.6395    0.2868    0.0002    0.1200    0.3251    0.0001   -3.3499   -0.6762       -1.7379
    0.2392    0.6400    0.2885    0.0002    0.1196    0.3272    0.0001   -3.3139   -0.6802       -1.4057
    0.2365    0.4934    0.3000    0.3185    0.1183    0.1891    0.0001   -2.5219    0.2838      -27.1488
    0.2357    0.4930    0.2985    0.3245    0.1178    0.1881    0.0001   -2.5887    0.2823      -28.5939
    0.1925    0.4679    0.2794    0.2004    0.0963    0.2048    0.0001   -2.5263    0.2809       -4.9144
    0.1935    0.4705    0.2800    0.1886    0.0968    0.2055    0.0001   -2.5366    0.2822       -5.9002
    0.2400    0.6211    0.3000    0.0002    0.1200    0.4452    0.0001   -3.2778    2.0106       -2.9381
    0.2400    0.6009    0.3000    0.0002    0.1200    0.4463    0.0001   -3.2866    2.0161      -11.1310
    0.0651    0.4637    0.2966    0.1338    0.0326    0.0309    0.0001   -0.4003    0.2582       -3.1224
    0.0689    0.4619    0.3000    0.1417    0.0345    0.0303    0.0001   -0.4521    0.2756       -3.1731
    0.2288    0.5591    0.3000    0.6236    0.1144    0.0300    0.0001   -3.3903   -0.9886      -72.1239
    0.2326    0.5594    0.2998    0.6301    0.1163    0.0302    0.0001   -3.4269   -0.9979      -74.6339
    0.0650    0.6146    0.0764    0.0048    0.0325    0.0300    0.0001    5.7332   -6.8203       -4.6278
    0.1080    0.6147    0.1296    0.0071    0.0540    0.0315    0.0001    9.7099   -9.2801      -16.3557
    0.1452    0.4948    0.2997    0.0410    0.0726    0.0318    0.0001   -7.2033    0.0291      -26.5127
    0.1456    0.4928    0.2989    0.0411    0.0728    0.0319    0.0001   -7.5065    0.0292      -29.9898
    0.1041    0.5695    0.3000    0.0046    0.0520    0.0300    0.0001   -4.7523   -1.0282       -4.0964
    0.1057    0.5695    0.2999    0.0046    0.0528    0.0300    0.0001   -4.7831   -1.0384       -4.0970
    0.0654    0.4781    0.3000    0.1344    0.0327    0.0300    0.0001   -0.5694    0.1434       -3.7652
    0.0912    0.4710    0.0100    0.1897    0.0456    0.0341    0.0001   -0.7992    0.6641       -4.7476
    0.0653    0.4661    0.2801    0.1340    0.0326    0.1178    0.0001   -0.9931    0.1389       -4.6643
    0.0650    0.4661    0.2692    0.1335    0.0325    0.1180    0.0001   -0.9755    0.1339       -4.8652
    0.1893    0.6338    0.2455    0.0124    0.0947    0.1540    0.0001   -4.0358    0.2706       -5.4176
    0.1886    0.6313    0.2444    0.0123    0.0943    0.1533    0.0001   -4.2311    0.2694       -4.9995
    0.2400    0.6400    0.1970    0.0002    0.1200    0.0300    0.0001   -0.2553   -1.2688        0.5516
    0.1479    0.6400    0.0111    0.0003    0.0739    0.3737    0.0001   -0.1732  -22.4275        0.3586
    0.0688    0.5180    0.3000    0.0002    0.0344    0.0302    0.0001    4.6515    1.4255       -4.8690
    0.0650    0.5186    0.3000    0.0002    0.0325    0.0300    0.0001    4.7976    1.4391       -4.8951
    0.2201    0.5390    0.2210    0.0004    0.1101    0.0323    0.0001   -5.2735    1.2264      -23.7422
    0.2216    0.5444    0.2234    0.0004    0.1108    0.0334    0.0001   -5.3220    1.2426      -28.9084
    0.2400    0.4045    0.0105    0.0006    0.1200    0.0300    0.0001    4.4323   -3.7719      -13.0837
    0.2354    0.4207    0.0108    0.0006    0.1177    0.0308    0.0001    4.5568   -3.9326      -21.0692
    0.0651    0.5444    0.3000    0.0027    0.0325    0.0301    0.0001   -2.9397   -0.2115       -5.1403
    0.0650    0.5439    0.3000    0.0002    0.0325    0.0300    0.0001   -2.9202   -0.3410       -5.1452
    0.0673    0.4983    0.2749    0.1385    0.0337    0.0973    0.0001   -0.7215   -0.0384       -4.2314
    0.0903    0.4988    0.2956    0.1875    0.0451    0.0960    0.0001   -1.3401   -0.0768       -4.9503
    0.0682    0.3602    0.0656    0.1969    0.0341    0.0340    0.0001   -0.9833    0.3239       -2.7423
    0.0906    0.3759    0.3000    0.0005    0.0453    0.0300    0.0001   -4.7843 -211.7988       -4.3056
    0.0783    0.4501    0.3000    0.0007    0.0391    0.0300    0.0001   -4.8240   -3.8599       -4.4906
    0.0782    0.4501    0.3000    0.0002    0.0391    0.0300    0.0001   -4.8214   -3.8651       -4.4906
    0.0650    0.4299    0.2991    0.1338    0.0325    0.0300    0.0001   -0.5331    0.2025       -2.1093
    0.1958    0.4264    0.0101    0.4139    0.0979    0.0437    0.0001   -0.7951    0.6250       -3.9948
    0.0651    0.6399    0.3000    0.1337    0.0325    0.4443    0.0001   -0.7587    0.3065       -2.5771
    0.0999    0.6400    0.2023    0.2084    0.0500    0.4440    0.0001   -1.8867    0.3433       -2.8560
    0.0682    0.5359    0.2849    0.1533    0.0341    0.1428    0.0001   -0.7347    0.3573       -3.5015
    0.0650    0.5430    0.2685    0.1453    0.0325    0.1696    0.0001   -0.9529    0.3005       -4.5539
    0.0673    0.4500    0.2998    0.1501    0.0337    0.1832    0.0001   -1.4533    0.4344       -3.6515
    0.0650    0.4510    0.2958    0.1452    0.0325    0.1780    0.0001   -1.3331    0.3999       -4.6139
    0.1596    0.5505    0.2972    0.0003    0.0798    0.0300    0.0001    5.9413   -3.9802      -16.7411
    0.1583    0.5507    0.2977    0.0003    0.0791    0.0300    0.0001    6.2509   -3.9412      -17.9262
    0.2400    0.6395    0.3000    0.9755    0.1200    0.4498    0.0001   -2.1590   -1.4298      -64.5134
    0.2367    0.6398    0.2947    1.0842    0.1183    0.4467    0.0001   -2.2764   -1.4286      -76.6622
    0.2195    0.3967    0.0592    0.4379    0.1098    0.0303    0.0001    4.3918    3.0306      -56.3976
    0.2211    0.3950    0.0596    0.4355    0.1106    0.0303    0.0001    4.5390    3.0521      -60.0867
    0.1537    0.5198    0.3000    0.3358    0.0768    0.1208    0.0001   -0.2598   -0.0779       -0.8099
    0.1630    0.5501    0.3000    0.3550    0.0815    0.0300    0.0001   -0.2843   -0.0872       -1.1043
    0.0650    0.4249    0.2617    0.1452    0.0325    0.0515    0.0001    0.4028    0.0678       -4.8627
    0.0673    0.4215    0.2992    0.1378    0.0336    0.0514    0.0001    2.5370    0.3283       -5.5002
    0.2400    0.6400    0.2221    0.0005    0.1200    0.0301    0.0001    1.2821   -0.5163       -2.1351
    0.2400    0.6400    0.2211    0.0002    0.1200    0.0300    0.0001    1.2894   -6.7551       -2.1356
    0.0760    0.4618    0.2337    0.1548    0.0380    0.0324    0.0001   -0.6401    0.3105       -2.5287
    0.1329    0.4625    0.2994    0.2792    0.0665    0.0300    0.0001   -0.6115    0.2739       -3.2086
    0.1135    0.6400    0.3000    0.0002    0.0568    0.0300    0.0001   -1.4321    0.0216       -3.8386
    0.1135    0.6400    0.3000    0.0002    0.0568    0.0300    0.0001   -1.4319    0.0198       -3.8386
    0.2328    0.3761    0.3000    0.2947    0.1164    0.1462    0.0001   -1.8276    0.2324      -11.2548
    0.2378    0.3848    0.3000    0.3009    0.1189    0.1493    0.0001   -1.8754    0.2222      -13.4807
    0.2380    0.4684    0.2866    0.2123    0.1190    0.0303    0.0001   -3.9982    0.2572      -42.0898
    0.2399    0.4825    0.2864    0.2215    0.1200    0.0310    0.0001   -4.0295    0.2592      -43.7060
    0.0651    0.4815    0.3000    0.0020    0.0326    0.0300    0.0001   -4.8083    2.0536       -4.3052
    0.0858    0.4785    0.3000    0.0002    0.0429    0.0300    0.0001   -4.7795  -50.2993       -4.3862
    0.0862    0.5646    0.3000    0.1790    0.0431    0.0327    0.0001   -1.7376    0.3179       -4.0839
    0.0650    0.5667    0.3000    0.0002    0.0325    0.0300    0.0001   -2.7944    2.4392       -5.1548
    0.0650    0.4928    0.3000    0.0002    0.0325    0.0300    0.0001   -0.9387    0.0848       -4.1470
    0.0650    0.5009    0.3000    0.1335    0.0325    0.0300    0.0001   -0.8572 -108.6972       -4.9035
    0.2384    0.4672    0.2995    0.1349    0.1192    0.1234    0.0001   -1.7502    0.3908       -1.9521
    0.1846    0.4814    0.2988    0.0903    0.0923    0.0307    0.0001   -5.1462    0.9427      -19.4665
    0.2377    0.5127    0.0569    0.1906    0.1189    0.0304    0.0001   -3.0892    0.0516      -15.2847
    0.2368    0.5106    0.0567    0.1899    0.1184    0.0303    0.0001   -3.2295    0.0514      -17.3926
    0.2400    0.6400    0.3000    0.5614    0.1200    0.1455    0.0001   -0.7209    0.0902       -0.8129
    0.2395    0.6388    0.2991    0.5567    0.1198    0.1496    0.0001   -0.7222    0.0894       -0.7374
    0.2400    0.4844    0.2945    0.1155    0.1200    0.1262    0.0001   -3.2718    0.1100      -21.2585
    0.2385    0.4841    0.2934    0.1150    0.1193    0.1256    0.0001   -3.4315    0.1095      -22.2258
    0.1116    0.3900    0.2895    0.2335    0.0558    0.0901    0.0001   -1.4526    0.3721       -3.7570
    0.1049    0.3974    0.2868    0.2190    0.0524    0.0795    0.0001   -1.1171    0.3538       -3.9518
    0.2231    0.6400    0.3000    0.0002    0.1116    0.0315    0.0001   -7.5018  -27.8224      -52.8694
    0.2260    0.6400    0.2932    0.0002    0.1130    0.0318    0.0001   -7.5440  -28.0013      -55.1549
    0.2399    0.3704    0.2742    0.0006    0.1199    0.0300    0.0001   -5.5092    0.9316      -31.3521
    0.2372    0.3717    0.2718    0.0006    0.1186    0.0300    0.0001   -5.6587    0.9315      -34.4876
    0.2397    0.6400    0.2907    0.3055    0.1198    0.3267    0.0001   -2.7185   -3.2938      -23.7619
    0.2390    0.6245    0.2871    0.3069    0.1195    0.3282    0.0001   -2.6807   -3.3089      -27.9344
    0.0658    0.6199    0.3000    0.1350    0.0329    0.0301    0.0001   -0.8974  -28.0048       -4.6994
    0.0650    0.6400    0.2431    0.1336    0.0325    0.0300    0.0001   -2.1565   49.2713       -5.2882
    0.2020    0.5385    0.0654    0.1646    0.1010    0.0301    0.0001    4.3045    1.2694      -17.5182
    0.1983    0.5473    0.0667    0.1646    0.0992    0.0308    0.0001    4.4492    1.2682      -25.9714
    0.2380    0.5302    0.2860    0.1742    0.1190    0.0300    0.0001   -3.9811    0.2787      -37.5125
    0.2349    0.5503    0.2852    0.1735    0.1174    0.0300    0.0001   -3.9685    0.2783      -36.0633
    0.0789    0.4257    0.2693    0.1747    0.0394    0.0878    0.0001   -0.7308   -0.0437       -3.5545
    0.1688    0.4272    0.0415    0.3674    0.0844    0.1113    0.0001   -1.3278    0.1083       -4.0523
    0.2368    0.6392    0.2269    0.0693    0.1184    0.4497    0.0001   -2.6073   -1.3985       -0.6216
    0.2354    0.6397    0.2258    0.0692    0.1177    0.4455    0.0001   -2.6754   -1.3901       -1.9399
    0.0683    0.5234    0.3000    0.1642    0.0342    0.0309    0.0001   -0.8018    0.2441       -4.4001
    0.0682    0.5218    0.3000    0.1637    0.0341    0.0300    0.0001   -0.9883    0.2763       -4.4468
    0.2317    0.5121    0.3000    0.0002    0.1159    0.0393    0.0001   -3.8881   -1.2026       -6.3107
    0.2289    0.5218    0.2984    0.0002    0.1145    0.0386    0.0001   -3.8473   -1.1944      -16.5469
    0.0676    0.4258    0.2829    0.1387    0.0338    0.0300    0.0001   -0.1107    0.0490       -3.9566
    0.0650    0.4205    0.3000    0.1336    0.0325    0.0300    0.0001   -0.1137    0.0480       -4.1283
    0.1232    0.4086    0.2993    0.0002    0.0616    0.0300    0.0001    4.7884   -1.6643       -3.8922
    0.1256    0.4081    0.2999    0.0002    0.0628    0.0300    0.0001    4.7868   -1.6840       -3.8924
    0.2399    0.4884    0.2835    0.0002    0.1200    0.0419    0.0001   -4.0703    0.5097      -20.1606
    0.2371    0.4969    0.2927    0.0002    0.1186    0.0422    0.0001   -4.1554    0.5265      -21.5606
    0.2104    0.3733    0.0990    0.5531    0.1052    0.2106    0.0001   -1.7631   -0.2667       -5.7495
    0.2137    0.3790    0.1004    0.5614    0.1068    0.2022    0.0001   -1.7869   -0.2702       -8.1865
    0.2400    0.6395    0.3000    0.0196    0.1200    0.0667    0.0001   -2.6382    0.3862       -4.7655
    0.2394    0.6375    0.2989    0.0196    0.1197    0.0684    0.0001   -2.6239    0.3825       -3.5041
    0.2398    0.3367    0.1231    0.7105    0.1199    0.1823    0.0001   -1.6007   -0.3451      -13.9491
    0.2280    0.3480    0.1273    0.7342    0.1140    0.1837    0.0001   -1.6543   -0.3456      -15.8038
    0.2400    0.5381    0.0100    0.0002    0.1200    0.0300    0.0001    0.8378    1.3764       -1.2426
    0.2400    0.6400    0.0774    0.0003    0.1200    0.0300    0.0001    5.5842   -4.0789      -19.9254
    0.2393    0.4480    0.3000    0.3589    0.1197    0.1851    0.0001   -2.2656    0.3311      -25.7983
    0.2392    0.4483    0.2905    0.3590    0.1196    0.1852    0.0001   -2.3268    0.3313      -26.1997
    0.2400    0.4019    0.2964    0.4392    0.1200    0.1682    0.0001   -1.3369   -0.9828      -10.7343
    0.2393    0.4016    0.2944    0.4593    0.1196    0.1678    0.0001   -1.3363   -0.9781      -11.5429
    0.2394    0.5383    0.2834    0.1216    0.1197    0.1082    0.0001   -3.6923    0.3485      -27.1954
    0.2395    0.5292    0.2853    0.1223    0.1197    0.1024    0.0001   -3.7139    0.3525      -27.7654
    0.0705    0.4602    0.3000    0.1455    0.0353    0.0490    0.0001   -1.0601    0.0263       -4.4035
    0.1978    0.4439    0.0909    0.4183    0.0989    0.0382    0.0001   -2.7270    0.1053       -4.7477
    0.2299    0.5629    0.2970    0.3312    0.1150    0.2688    0.0001   -1.5238   -1.8986       -6.3074
    0.2355    0.5636    0.2935    0.3320    0.1178    0.2689    0.0001   -1.5178   -1.8870       -7.4367
    0.2041    0.6400    0.2649    0.6262    0.1020    0.4479    0.0001   -3.7396   -4.1163      -57.0831
    0.2067    0.6400    0.2682    0.6425    0.1034    0.4438    0.0001   -3.7344   -4.1151      -60.4696
    0.2145    0.5174    0.1406    0.0002    0.1072    0.0304    0.0001    2.3988    0.2292       -1.6965
    0.2400    0.5174    0.1618    0.0002    0.1200    0.0300    0.0001    2.6748    0.2480       -1.7886
    0.0650    0.5055    0.2960    0.2337    0.0325    0.1335    0.0001   -1.1579    0.2467       -4.6510
    0.0677    0.4877    0.2968    0.2438    0.0339    0.1335    0.0001   -1.1846    0.2376       -4.7042
    0.0650    0.6367    0.3000    0.0002    0.0325    0.0520    0.0001   -1.1521    0.2924       -3.7891
    0.0650    0.6367    0.3000    0.0002    0.0325    0.0520    0.0001   -1.1521    0.2899       -3.7891
    0.2088    0.3998    0.2401    0.4442    0.1044    0.0348    0.0001   -1.9398    0.4206      -15.2113
    0.2134    0.3982    0.2391    0.4424    0.1067    0.0347    0.0001   -1.9832    0.4189      -17.2615
    0.0651    0.4694    0.2924    0.0228    0.0326    0.0308    0.0001   -4.5815    0.4728       -5.0995
    0.0650    0.4706    0.3000    0.0002    0.0325    0.0300    0.0001   -4.7843    7.6505       -5.1545
    0.0877    0.5057    0.3000    0.1825    0.0438    0.0310    0.0001   -0.3783   -0.1428       -1.0498
    0.1740    0.4936    0.1122    0.3659    0.0870    0.0302    0.0001   -0.2938   -0.0155       -1.9389
    0.0925    0.4244    0.2939    0.2246    0.0462    0.0319    0.0001    0.0869    0.3912       -2.1201
    0.0934    0.4289    0.1435    0.2269    0.0467    0.0308    0.0001    0.0911    0.3763       -2.2199
    0.0657    0.5124    0.2973    0.1576    0.0329    0.0300    0.0001   -0.2161    0.0969       -3.2617
    0.0688    0.5103    0.3000    0.1653    0.0344    0.0302    0.0001   -0.6071    0.1068       -3.5472
    0.0650    0.4456    0.2791    0.1337    0.0325    0.0301    0.0001   -0.4312    0.1959       -3.0359
    0.0887    0.4444    0.0166    0.1845    0.0443    0.0395    0.0001   -0.5018    0.2490       -3.6597
    0.2067    0.4208    0.2912    0.3050    0.1033    0.2556    0.0001   -3.8972    0.3514      -43.6545
    0.2124    0.4206    0.2908    0.3075    0.1062    0.2531    0.0001   -3.9338    0.3508      -46.0136
    0.0664    0.4657    0.2839    0.1482    0.0332    0.1440    0.0001   -0.9896    0.1489       -4.6110
    0.0650    0.4700    0.2773    0.1453    0.0325    0.1600    0.0001   -0.9382    0.1520       -4.5727
    0.0650    0.5794    0.3000    0.0002    0.0325    0.0300    0.0001    4.7912   -9.4289       -4.8473
    0.0650    0.5793    0.3000    0.0002    0.0325    0.0300    0.0001    4.7984   -9.6264       -4.8477
    0.0666    0.4348    0.3000    0.1734    0.0333    0.3042    0.0001   -0.7579    0.4708       -4.1646
    0.0673    0.4348    0.2987    0.1749    0.0337    0.3042    0.0001   -0.7774    0.4697       -4.2023
    0.0650    0.4925    0.3000    0.0010    0.0325    0.0300    0.0001   -4.7934   -0.4692       -4.7284
    0.0670    0.4923    0.3000    0.0005    0.0335    0.0300    0.0001   -4.8031   -0.5047       -4.7296
    0.0654    0.5231    0.3000    0.1344    0.0327    0.0301    0.0001   -0.3869    0.1370       -2.6690
    0.1337    0.5232    0.0100    0.2807    0.0668    0.0420    0.0001   -0.7972    0.5839       -4.0543
    0.2400    0.6399    0.2380    0.0083    0.1200    0.4499    0.0001   -3.5623    1.9888       -5.7565
    0.2395    0.6390    0.2444    0.0092    0.1198    0.4355    0.0001   -3.9471    2.2044      -13.7426
    0.2400    0.6400    0.0113    0.0009    0.1200    0.0300    0.0001    0.3450   -0.1436        0.4391
    0.2400    0.6400    0.0113    0.0002    0.1200    0.0300    0.0001    0.3451   -0.1611        0.4391
    0.2397    0.4510    0.2939    0.4852    0.1198    0.0523    0.0001    3.7841    0.8159      -67.2718
    0.2386    0.4561    0.2974    0.4736    0.1193    0.0528    0.0001    3.8081    0.8199      -69.3165
    0.0650    0.4882    0.3000    0.1337    0.0325    0.0301    0.0001   -0.3322    0.1219       -3.5679
    0.0650    0.4899    0.2672    0.1336    0.0325    0.0310    0.0001   -0.6085    0.0493       -3.7375
    0.2396    0.6400    0.3000    0.7852    0.1198    0.0300    0.0001   -4.3936   -3.0329      -98.7518
    0.2371    0.6390    0.2992    0.8120    0.1186    0.0301    0.0001   -4.3636   -3.0569      -99.1608
    0.2400    0.6400    0.2970    1.3211    0.1200    0.0300    0.0001   -1.5657    0.2051      -43.3560
    0.2384    0.6385    0.2927    1.3735    0.1192    0.0301    0.0001   -1.5502    0.2029      -45.2464
    0.2397    0.3597    0.3000    0.3098    0.1199    0.1403    0.0001   -1.9273    0.2277      -15.5872
    0.2381    0.3603    0.2983    0.3067    0.1191    0.1390    0.0001   -2.0129    0.2292      -16.5315
    0.0697    0.5197    0.3000    0.1438    0.0349    0.0439    0.0001   -0.2809    0.0636       -3.1282
    0.0993    0.4908    0.1138    0.2071    0.0497    0.1016    0.0001   -0.5792    0.0827       -3.2726
    0.1911    0.5293    0.3000    0.0295    0.0955    0.0305    0.0001    5.1202   -1.4558      -22.5808
    0.1985    0.5293    0.2984    0.0295    0.0986    0.0304    0.0001    5.0656   -1.4512      -24.3588
    0.1037    0.4840    0.3000    0.0002    0.0519    0.0300    0.0001   -0.1464    0.6810       -0.0547
    0.0899    0.5472    0.0100    0.2039    0.0450    0.0301    0.0001   -0.2504-1847.4022       -1.5758
    0.0659    0.4561    0.2880    0.1355    0.0329    0.0300    0.0001   -0.2465    0.2367       -0.8066
    0.0890    0.4572    0.0100    0.1840    0.0445    0.0326    0.0001   -0.2923    0.3032       -1.9198
    0.0650    0.4126    0.2992    0.1335    0.0325    0.0920    0.0001    0.5715    0.2268       -3.5324
    0.0791    0.4106    0.0530    0.1639    0.0395    0.1327    0.0001    0.7227    0.1710       -3.7105
    0.0698    0.5723    0.3000    0.2267    0.0349    0.0322    0.0001   -5.7810    1.8999      -18.4970
    0.0696    0.5682    0.2999    0.2274    0.0348    0.0320    0.0001   -6.0278    1.8897      -23.3818
    0.0650    0.4882    0.3000    0.1336    0.0325    0.0300    0.0001   -0.7243    0.3421       -4.3256
    0.0761    0.4982    0.0796    0.1573    0.0380    0.0306    0.0001   -1.2403    0.1580       -4.7141
    0.0650    0.5542    0.1502    0.1327    0.0325    0.0687    0.0001    0.3906    0.2606       -4.7149
    0.0650    0.5588    0.1497    0.1335    0.0325    0.0687    0.0001    0.3898    0.2600       -4.7143
    0.0651    0.6198    0.3000    0.0002    0.0325    0.0301    0.0001   -0.6054    0.4062       -3.6741
    0.0650    0.6314    0.3000    0.1336    0.0325    0.0301    0.0001   -1.2541   72.4879       -4.7600
    0.0742    0.4095    0.0293    0.0151    0.0371    0.0357    0.0001   -2.3200    1.1642       -4.5864
    0.0818    0.4257    0.1036    0.0390    0.0409    0.0300    0.0001   -8.0784    0.2428       -7.4807
    0.0652    0.4818    0.2999    0.1339    0.0326    0.0317    0.0001   -3.4436    0.3140       -5.8064
    0.0666    0.4826    0.2957    0.1371    0.0333    0.0300    0.0001   -3.5959    0.3139       -5.8652
    0.2028    0.6366    0.1560    0.3219    0.1014    0.0368    0.0001   -2.9524   -6.8678      -19.3058
    0.2211    0.6387    0.1475    0.3531    0.1105    0.0372    0.0001   -3.0325   -7.0220      -25.5592
    0.0663    0.4429    0.3000    0.1363    0.0331    0.0354    0.0001   -1.5702    0.1557       -4.8537
    0.0694    0.4365    0.3000    0.1431    0.0347    0.0300    0.0001   -1.5129    0.1553       -4.7091
    0.0810    0.5491    0.0700    0.1680    0.0405    0.0300    0.0001    0.1130    0.1773       -2.0844
    0.1323    0.5551    0.0202    0.2777    0.0661    0.0300    0.0001    0.1737    0.2618       -2.2566
    0.1002    0.6400    0.2820    0.3084    0.0501    0.2051    0.0001   -0.4693    0.1805       -1.7028
    0.1005    0.6400    0.3000    0.3094    0.0503    0.2051    0.0001   -1.0087   -0.3158       -1.7665
    0.0650    0.3818    0.1491    0.1331    0.0325    0.0765    0.0001    0.2808    0.2426       -1.9882
    0.0660    0.3830    0.0100    0.1355    0.0330    0.0671    0.0001    0.3067    0.1721       -2.4530
    0.2332    0.5090    0.3000    0.5561    0.1166    0.0300    0.0001   -2.6077   -0.3595      -48.0007
    0.2318    0.5075    0.2997    0.5505    0.1159    0.0300    0.0001   -2.7175   -0.3594      -50.2506
    0.0697    0.4113    0.2950    0.1675    0.0349    0.0577    0.0001   -0.3783    0.1647       -2.4767
    0.1907    0.3832    0.0845    0.4702    0.0954    0.1242    0.0001   -0.7383    0.4008       -3.0937
    0.0684    0.4938    0.3000    0.1409    0.0342    0.0321    0.0001   -2.7470    0.2683       -5.6663
    0.0658    0.5044    0.2994    0.1352    0.0329    0.0315    0.0001   -2.8368    0.2678       -5.7361
    0.2020    0.3935    0.2593    0.3667    0.1010    0.0325    0.0001   -1.4619    0.3966       -2.3862
    0.2000    0.3943    0.2615    0.3879    0.1000    0.0323    0.0001   -1.5080    0.3968       -4.6180
    0.0730    0.5098    0.2966    0.1512    0.0365    0.0385    0.0001   -0.3051    0.2538       -1.9448
    0.0935    0.5045    0.0126    0.1947    0.0467    0.0389    0.0001   -0.3875    0.3176       -2.9094
    0.1707    0.4843    0.3000    0.0960    0.0854    0.0300    0.0001   -6.3930   -0.9840      -37.4990
    0.1693    0.4786    0.2998    0.0957    0.0847    0.0301    0.0001   -6.6859   -0.9906      -41.3572
    0.2388    0.6320    0.2937    0.3028    0.1194    0.4500    0.0001   -2.8518   -2.0297      -31.7803
    0.2385    0.6316    0.2933    0.3017    0.1192    0.4482    0.0001   -2.9605   -2.0315      -33.7555
    0.2228    0.6400    0.2807    0.4875    0.1114    0.2243    0.0001   -3.2691   -3.6140      -50.6153
    0.2355    0.6397    0.2916    0.4909    0.1177    0.2368    0.0001   -3.4505   -3.7304      -54.1870
    0.1224    0.3121    0.0111    0.0665    0.0612    0.0429    0.0001   -0.0953    0.1853        1.0190
    0.1927    0.4316    0.0100    0.4883    0.0963    0.0335    0.0001   -0.1302    0.1059       -1.4173
    0.0651    0.3725    0.2735    0.1337    0.0325    0.0349    0.0001   -0.2234    0.1519       -1.8607
    0.0925    0.3652    0.0145    0.1925    0.0462    0.0506    0.0001   -0.2245    0.2501       -2.5523
    0.2399    0.4500    0.0363    0.2906    0.1199    0.1952    0.0001    2.3823    0.2527       -8.2864
    0.2400    0.4490    0.0361    0.2891    0.1200    0.2027    0.0001    2.3874    0.2515       -8.3369
    0.0650    0.4298    0.0104    0.8895    0.0325    0.0301    0.0001   -2.9164   -0.5072      -32.8454
    0.0651    0.4285    0.0102    0.8741    0.0325    0.0300    0.0001   -3.0107   -0.5112      -34.6664
    0.2400    0.5566    0.2864    0.6158    0.1200    0.3325    0.0001   -1.3151    0.6488      -20.0171
    0.2400    0.5580    0.2875    0.6112    0.1200    0.3288    0.0001   -1.3111    0.6442      -20.1234
    0.2180    0.3868    0.3000    0.0044    0.1090    0.0301    0.0001    5.8219    2.2913      -18.7169
    0.2156    0.3936    0.3000    0.0044    0.1078    0.0301    0.0001    5.8337    2.2881      -34.8529
    0.1109    0.3250    0.0121    0.0002    0.0555    0.0302    0.0001   -0.1067    0.8085        0.4570
    0.1108    0.3251    0.0122    0.0002    0.0554    0.0300    0.0001   -0.1075    0.8051        0.4569
    0.2110    0.5582    0.2943    0.0063    0.1055    0.0314    0.0001   -5.7021   -0.6887      -31.8902
    0.2136    0.5560    0.2936    0.0063    0.1068    0.0313    0.0001   -5.9108   -0.6842      -34.7947
    0.0650    0.5445    0.3000    0.1336    0.0325    0.0300    0.0001   -0.4030    0.3903       -2.8569
    0.1891    0.5405    0.3000    0.3996    0.0946    0.0798    0.0001   -0.8199    1.3297       -3.3089
    0.0650    0.4607    0.0193    0.0924    0.0325    0.1597    0.0001    0.5898   -0.2497       -2.4495
    0.0651    0.4673    0.0182    0.1337    0.0325    0.1637    0.0001    0.5624   -0.2409       -4.8448
    0.2389    0.6317    0.2875    0.3108    0.1195    0.4407    0.0001   -2.9946   -5.0488      -34.8047
    0.2382    0.6306    0.2871    0.3121    0.1191    0.4365    0.0001   -3.1023   -5.0290      -36.7168
    0.0810    0.4447    0.3000    0.1673    0.0405    0.0300    0.0001   -2.3611    0.1205       -4.2451
    0.0650    0.4602    0.3000    0.0002    0.0325    0.0300    0.0001   -4.7233    0.1781       -5.1742
    0.2392    0.6246    0.0131    0.5068    0.1196    0.4017    0.0001    1.0395   -0.0592       -0.0094
    0.2341    0.6261    0.0132    0.4958    0.1171    0.3788    0.0001    1.0324   -0.0640       -0.0256
    0.2365    0.5845    0.3000    0.0032    0.1183    0.3340    0.0001   -3.2609    2.3550      -10.3593
    0.2400    0.5847    0.2989    0.0032    0.1200    0.3361    0.0001   -3.2479    2.3458      -10.2260
    0.0677    0.5529    0.2981    0.1949    0.0338    0.0301    0.0001    0.7188    0.7036       -3.6207
    0.0650    0.5584    0.2998    0.1868    0.0325    0.0413    0.0001    0.7077    0.5192       -4.7830
    0.2149    0.6399    0.2888    0.3203    0.1074    0.3795    0.0001   -2.9727   -7.4862      -21.6839
    0.2174    0.6400    0.2903    0.3233    0.1087    0.3710    0.0001   -3.0065   -7.5525      -25.5038
    0.0650    0.4456    0.0100    0.1336    0.0325    0.0441    0.0001    0.3213    1.9322       -3.5255
    0.0651    0.4440    0.0100    0.1334    0.0325    0.0403    0.0001    0.3176    2.5528       -3.5399
    0.1195    0.6397    0.2997    0.2613    0.0597    0.2365    0.0001   -0.5114    0.3263       -1.9254
    0.1096    0.6400    0.2921    0.2404    0.0548    0.2357    0.0001   -0.7717    0.6342       -1.9601
    0.2392    0.3740    0.3000    0.0055    0.1196    0.0301    0.0001   -4.9809    1.4823      -31.6828
    0.2346    0.3741    0.2997    0.0052    0.1173    0.0303    0.0001   -5.0063    1.4844      -31.0826
    0.0872    0.6362    0.0398    0.0203    0.0436    0.0306    0.0001    1.2309    0.0802       -3.4725
    0.1113    0.6400    0.0790    0.0002    0.0556    0.0300    0.0001    2.4187    0.0030       -3.8530
    0.0651    0.6277    0.3000    0.3119    0.0326    0.0300    0.0001   -1.0747   -0.1874       -3.6851
    0.0745    0.6243    0.3000    0.3595    0.0372    0.0343    0.0001   -2.8688   -0.2008       -7.2550
    0.2400    0.5381    0.0857    0.0002    0.1200    0.0300    0.0001    2.6861    1.2516       -1.2035
    0.2400    0.5382    0.0858    0.0002    0.1200    0.0300    0.0001    2.6879    1.2168       -1.2035
    0.2107    0.5212    0.2978    0.3162    0.1054    0.0321    0.0001   -2.1654   -5.5095       -9.3610
    0.2167    0.5310    0.2914    0.3219    0.1084    0.0328    0.0001   -2.2093   -5.5934      -16.4240
    0.2400    0.5923    0.2978    0.5080    0.1200    0.2321    0.0001   -0.4128    0.3886       -1.3160
    0.1178    0.5880    0.3000    0.2581    0.0589    0.1419    0.0001   -0.3557    0.2361       -1.6881
    0.1494    0.3441    0.0100    0.1493    0.0747    0.1397    0.0001    0.1518    0.2263        0.9299
    0.1855    0.4448    0.0107    0.3919    0.0928    0.0314    0.0001    0.1668   -0.7779       -1.7202
    0.1044    0.5944    0.2995    0.2292    0.0522    0.1662    0.0001   -0.6341   -0.7805       -0.5112
    0.1865    0.5444    0.3000    0.4596    0.0933    0.2918    0.0001   -0.2684   -0.6782       -0.8019
    0.0806    0.4379    0.2998    0.1670    0.0403    0.0300    0.0001   -0.4928    0.0727       -3.1209
    0.0854    0.4299    0.2650    0.1774    0.0427    0.0300    0.0001   -0.3748    0.0523       -3.1348
    0.1742    0.4271    0.2048    0.3652    0.0871    0.1367    0.0001    0.5435    1.4435       -1.4763
    0.2194    0.4435    0.2337    0.4644    0.1097    0.0300    0.0001    0.5312    1.6369       -2.3402
    0.0650    0.4990    0.2479    0.1330    0.0325    0.0324    0.0001   -1.6243    0.2777       -5.1978
    0.0658    0.4968    0.2428    0.1353    0.0329    0.0342    0.0001   -1.9319    0.2550       -5.2016
    0.2400    0.2755    0.0180    0.2915    0.1200    0.1900    0.0001    0.5014   -0.3803        0.9107
    0.2400    0.4204    0.0936    0.0002    0.1200    0.0300    0.0001    2.9147   -4.7925       -1.8366
    0.0732    0.5009    0.3000    0.1514    0.0366    0.0300    0.0001   -0.2964    0.1642       -2.5930
    0.1230    0.4980    0.0108    0.2578    0.0615    0.0362    0.0001   -0.3316    0.2190       -3.2692
    0.0674    0.4910    0.2998    0.0002    0.0337    0.0300    0.0001   -1.8431    0.4339       -4.9961
    0.0650    0.5011    0.3000    0.0002    0.0325    0.0300    0.0001   -2.8978   -0.5920       -5.1477
    0.0650    0.6132    0.3000    0.0002    0.0325    0.0300    0.0001   -4.7819    1.2571       -5.0118
    0.0650    0.6132    0.3000    0.0002    0.0325    0.0300    0.0001   -4.7962    1.2798       -5.0118
