    0.0851    0.3627    0.2932    0.0868    0.0425    0.1066    0.0001    0.6715    0.6196        0.3001   -0.0095 -743.6267
    0.0774    0.3489    0.0486    0.0140    0.0387    0.0939    0.0001    0.4272    0.3720        0.1509    0.0181 -758.8632
    0.0756    0.3516    0.0184    0.0662    0.0378    0.1025    0.0001    0.5483    0.3070        0.1135   -0.0060 -786.3206
    0.0705    0.3590    0.0171    0.0297    0.0352    0.1205    0.0001    0.5129    0.2675        0.1608    0.0523 -823.5846
    0.0850    0.3367    0.1062    0.0062    0.0425    0.0882    0.0001    0.4647    0.3431        0.1868   -0.0136 -750.5999
    0.0846    0.3464    0.1674    0.0033    0.0423    0.1114    0.0001    0.5125    0.4224        0.2201    0.0860 -769.9778
    0.0769    0.3716    0.2641    0.1014    0.0384    0.1167    0.0001    0.7155    0.5758        0.1402   -0.0211 -737.5687
    0.0826    0.3522    0.1987    0.0252    0.0413    0.1144    0.0001    0.5617    0.4489        0.2331    0.1176 -775.7471
    0.0772    0.3553    0.1792    0.0388    0.0386    0.1026    0.0001    0.4360    0.4271        0.2046   -0.0136 -715.2764
    0.0781    0.3503    0.1471    0.0126    0.0390    0.0967    0.0001    0.4328    0.3724        0.1866    0.0836 -728.6749
    0.0840    0.3508    0.1968    0.0333    0.0420    0.1070    0.0001    0.5534    0.4483        0.1144    0.0004 -711.8055
    0.0826    0.3471    0.1491    0.0040    0.0413    0.1030    0.0001    0.5017    0.3904        0.1402    0.0039 -716.4519
    0.0760    0.3495    0.1047    0.0599    0.0380    0.0854    0.0001    0.3765    0.3742        0.0600    0.0099 -734.3886
    0.0790    0.3424    0.0489    0.0091    0.0395    0.0833    0.0001    0.4201    0.3323        0.1650    0.0663 -769.6754
    0.0906    0.3508    0.1665    0.1054    0.0453    0.0892    0.0001    0.5011    0.5347        0.1669   -0.0190 -756.5042
    0.0830    0.3545    0.2098    0.0310    0.0415    0.1146    0.0001    0.5701    0.4961        0.2558    0.1001 -806.4999
    0.0869    0.3442    0.2581    0.0024    0.0434    0.0900    0.0001    0.5248    0.4712        0.0673    0.0336 -700.6080
    0.0824    0.3375    0.0252    0.0007    0.0412    0.0709    0.0001    0.4071    0.3721        0.1678    0.0282 -747.1368
    0.0789    0.3592    0.2222    0.0557    0.0394    0.1051    0.0001    0.5085    0.4753        0.1838   -0.0456 -778.3143
    0.0782    0.3506    0.1110    0.0254    0.0391    0.0967    0.0001    0.4512    0.4027        0.1822    0.0946 -813.1845
    0.0748    0.3579    0.1902    0.0523    0.0374    0.1196    0.0001    0.4827    0.3552        0.3226    0.0079 -773.9360
    0.0763    0.3466    0.0829    0.0070    0.0381    0.1063    0.0001    0.4490    0.3510        0.1868    0.0374 -794.4136
    0.0769    0.3502    0.1235    0.0012    0.0385    0.1003    0.0001    0.4756    0.3583        0.1122    0.0029 -763.2182
    0.0744    0.3515    0.0164    0.0087    0.0372    0.0993    0.0001    0.4970    0.2607        0.1434    0.0747 -850.9738
    0.0722    0.3624    0.0295    0.0813    0.0361    0.1238    0.0001    0.3115    0.4455        0.1487    0.0065 -740.8615
    0.0771    0.3474    0.0267    0.0028    0.0386    0.1036    0.0001    0.4272    0.4045        0.1699    0.0131 -815.0942
    0.0813    0.3525    0.1620    0.0972    0.0406    0.0909    0.0001    0.2968    0.5180        0.2062    0.0062 -753.7836
    0.0807    0.3474    0.1440    0.0187    0.0403    0.0966    0.0001    0.4274    0.4623        0.2078    0.0783 -808.8118
    0.0720    0.3472    0.0350    0.0296    0.0360    0.0949    0.0001    0.2180    0.2987        0.1074    0.0166 -769.9340
    0.0761    0.3482    0.0319    0.0105    0.0380    0.1007    0.0001    0.4877    0.3069        0.1785    0.0132 -839.9669
    0.0650    0.3754    0.0121    0.0926    0.0325    0.1223    0.0001    0.4006    0.3278        0.1931    0.0110 -770.9315
    0.0778    0.3445    0.0112    0.0024    0.0389    0.0937    0.0001    0.3447    0.3411        0.1736    0.0563 -846.2889
    0.0794    0.3484    0.1616    0.0063    0.0397    0.1124    0.0001    0.4249    0.4257        0.1991   -0.0097 -755.6116
    0.0795    0.3470    0.1344    0.0045    0.0398    0.1097    0.0001    0.4494    0.3771        0.1998    0.0782 -767.7672
    0.0848    0.3376    0.1240    0.0519    0.0424    0.0795    0.0001    0.3357    0.3748        0.1372    0.0165 -731.3160
    0.0830    0.3453    0.1796    0.0016    0.0415    0.1030    0.0001    0.4716    0.4438        0.2157    0.0874 -761.7227
    0.0772    0.3555    0.1624    0.0013    0.0386    0.1113    0.0001    0.5170    0.4085        0.1915   -0.0002 -794.0408
    0.0778    0.3538    0.1772    0.0021    0.0389    0.1061    0.0001    0.5125    0.4008        0.2439    0.0009 -797.3414
    0.0744    0.3552    0.0701    0.0399    0.0372    0.1062    0.0001    0.5360    0.3703        0.1352    0.0051 -730.7353
    0.0805    0.3541    0.1943    0.0402    0.0402    0.1056    0.0001    0.5706    0.4202        0.1956    0.0220 -739.6342
    0.0803    0.3597    0.2143    0.0652    0.0401    0.1023    0.0001    0.5146    0.4512        0.1853   -0.0227 -731.8742
    0.0784    0.3507    0.1276    0.0191    0.0392    0.0930    0.0001    0.4562    0.3853        0.1782    0.0874 -750.7170
    0.0705    0.3591    0.0819    0.0470    0.0353    0.1059    0.0001    0.4111    0.4601        0.1571    0.0174 -830.7859
    0.0745    0.3572    0.1750    0.0264    0.0372    0.1064    0.0001    0.5411    0.4429        0.2128    0.0921 -849.0488
    0.0758    0.3534    0.0619    0.0747    0.0379    0.1096    0.0001    0.4792    0.3306        0.1402    0.0004 -742.7578
    0.0738    0.3483    0.0435    0.0105    0.0369    0.1060    0.0001    0.3947    0.3303        0.1623    0.0004 -759.6204
    0.0825    0.3577    0.2984    0.0053    0.0412    0.1198    0.0001    0.7101    0.5364        0.2074    0.0184 -795.8409
    0.0794    0.3500    0.1586    0.0086    0.0397    0.1061    0.0001    0.5335    0.4033        0.2035    0.1103 -812.5682
    0.0726    0.3597    0.1584    0.0485    0.0363    0.1252    0.0001    0.3015    0.4728        0.1178    0.0138 -719.3746
    0.0816    0.3511    0.2214    0.0148    0.0408    0.1106    0.0001    0.5340    0.4543        0.2243    0.0833 -764.5383
    0.0739    0.3621    0.0110    0.1024    0.0370    0.0958    0.0001    0.3324    0.3478        0.1631    0.0034 -847.1307
    0.0797    0.3404    0.0117    0.0002    0.0399    0.0797    0.0001    0.3621    0.3590        0.1791    0.0731 -908.7322
    0.0775    0.3515    0.1164    0.0328    0.0387    0.1097    0.0001    0.4590    0.3478        0.1528    0.0054 -694.6079
    0.0771    0.3467    0.0445    0.0002    0.0386    0.1033    0.0001    0.3942    0.3098        0.1468    0.0523 -699.5138
    0.0838    0.3554    0.3000    0.0514    0.0419    0.1210    0.0001    0.5194    0.5477        0.2272   -0.0336 -742.0705
    0.0738    0.3583    0.1549    0.0396    0.0369    0.1136    0.0001    0.5242    0.3933        0.1574    0.0731 -770.9198
    0.0836    0.3525    0.2575    0.0628    0.0418    0.1088    0.0001    0.6769    0.4938        0.1559   -0.0051 -766.7881
    0.0800    0.3496    0.1650    0.0473    0.0400    0.1067    0.0001    0.5485    0.4335        0.2229    0.0349 -784.5618
    0.0808    0.3524    0.1482    0.0252    0.0404    0.1071    0.0001    0.5138    0.4230        0.1875    0.0038 -782.5667
    0.0811    0.3519    0.1490    0.0179    0.0405    0.1075    0.0001    0.5182    0.4123        0.1906    0.1079 -796.2087
    0.0843    0.3531    0.2972    0.0027    0.0422    0.1126    0.0001    0.6275    0.4760        0.1805   -0.0083 -730.6970
    0.0762    0.3487    0.0297    0.0156    0.0381    0.1042    0.0001    0.4594    0.2774        0.1133    0.0468 -755.2868
    0.0810    0.3459    0.1761    0.0703    0.0405    0.0813    0.0001    0.4161    0.3403        0.0348    0.0061 -692.1096
    0.0712    0.3488    0.0152    0.0219    0.0356    0.0962    0.0001    0.4627    0.2433        0.0964    0.0075 -807.5540
    0.0788    0.3533    0.1542    0.0415    0.0394    0.1021    0.0001    0.5353    0.3998        0.1192    0.0133 -754.4722
    0.0823    0.3488    0.1787    0.0004    0.0412    0.0998    0.0001    0.5367    0.3867        0.1889    0.1124 -771.3815
    0.0652    0.3761    0.0112    0.0951    0.0326    0.1417    0.0001    0.3476    0.3496        0.1600    0.0123 -841.7992
    0.0771    0.3456    0.0120    0.0134    0.0385    0.1001    0.0001    0.3721    0.3655        0.1866    0.0742 -914.2384
    0.0791    0.3559    0.2065    0.0533    0.0395    0.1150    0.0001    0.5321    0.5291        0.1676    0.0067 -743.5432
    0.0800    0.3448    0.1279    0.0216    0.0400    0.1004    0.0001    0.4335    0.4613        0.1732    0.0527 -755.3601
    0.0785    0.3457    0.1270    0.0092    0.0393    0.0928    0.0001    0.3787    0.3511        0.1540   -0.0383 -706.5807
    0.0803    0.3484    0.1542    0.0255    0.0401    0.0914    0.0001    0.4782    0.3743        0.1854    0.0932 -733.6824
    0.0777    0.3598    0.1965    0.0151    0.0388    0.1265    0.0001    0.6261    0.3734        0.1722   -0.0053 -756.1891
    0.0744    0.3579    0.0333    0.0427    0.0372    0.1102    0.0001    0.5132    0.3118        0.1725    0.0560 -780.7505
    0.0739    0.3544    0.0111    0.0893    0.0370    0.1104    0.0001    0.3303    0.3532        0.0698    0.0025 -813.5121
    0.0762    0.3456    0.0126    0.0244    0.0381    0.1039    0.0001    0.3934    0.3817        0.1172    0.0104 -877.0859
    0.0771    0.3542    0.1666    0.0309    0.0385    0.1080    0.0001    0.5328    0.3825        0.1377    0.0009 -749.8722
    0.0779    0.3510    0.1591    0.0232    0.0390    0.1039    0.0001    0.4969    0.3866        0.1896    0.0055 -755.0553
    0.0724    0.3641    0.0100    0.1027    0.0362    0.1460    0.0001    0.2984    0.3047        0.1605   -0.0040 -786.7161
    0.0765    0.3439    0.0114    0.0002    0.0382    0.0949    0.0001    0.3527    0.3488        0.1762   -0.0028 -881.7961
    0.0898    0.3399    0.1689    0.0139    0.0449    0.0952    0.0001    0.4849    0.4217        0.2547   -0.0088 -738.9851
    0.0844    0.3477    0.1566    0.0425    0.0422    0.1068    0.0001    0.5111    0.3965        0.2343    0.1321 -766.5686
    0.0785    0.3409    0.0100    0.0002    0.0393    0.1058    0.0001    0.2717    0.2843        0.0807    0.0049 -813.8239
    0.0737    0.3507    0.0123    0.0004    0.0368    0.1071    0.0001    0.3790    0.3738        0.1168    0.0073 -878.2737
    0.0794    0.3490    0.0167    0.0306    0.0397    0.1190    0.0001    0.4963    0.2739        0.1594    0.0028 -873.2366
    0.0718    0.3579    0.0178    0.0004    0.0359    0.1174    0.0001    0.5376    0.2868        0.1599    0.0055 -891.5023
    0.0766    0.3481    0.0677    0.0180    0.0383    0.1039    0.0001    0.4280    0.3464        0.1255    0.0071 -752.9569
    0.0758    0.3535    0.1186    0.0167    0.0379    0.1109    0.0001    0.4712    0.3293        0.1893    0.0169 -763.7677
    0.0840    0.3489    0.2176    0.0142    0.0420    0.1108    0.0001    0.4672    0.3935        0.2594   -0.0181 -694.3937
    0.0856    0.3561    0.2826    0.0375    0.0428    0.1194    0.0001    0.5707    0.5153        0.2779    0.1389 -713.7118
    0.0802    0.3534    0.1968    0.0194    0.0401    0.1027    0.0001    0.5545    0.4514        0.1690   -0.0093 -793.8975
    0.0803    0.3612    0.2601    0.0002    0.0401    0.1189    0.0001    0.6470    0.4776        0.1912    0.1336 -811.3375
    0.0741    0.3585    0.0267    0.0670    0.0370    0.1126    0.0001    0.3476    0.4160        0.1781    0.0098 -779.6428
    0.0788    0.3460    0.0253    0.0041    0.0394    0.1002    0.0001    0.4050    0.3956        0.1443    0.0458 -824.1532
    0.0732    0.3597    0.0117    0.0980    0.0366    0.1241    0.0001    0.3195    0.4040        0.1583   -0.0023 -766.5726
    0.0765    0.3421    0.0114    0.0047    0.0383    0.0987    0.0001    0.3519    0.3487        0.1773    0.0986 -906.1767
    0.0692    0.3587    0.0100    0.0656    0.0346    0.0952    0.0001    0.3058    0.2995        0.1033    0.0091 -855.0694
    0.0746    0.3495    0.0119    0.0045    0.0373    0.0938    0.0001    0.3678    0.3622        0.1141    0.1010 -896.2326
    0.0869    0.3581    0.3000    0.0835    0.0434    0.0961    0.0001    0.5770    0.4641        0.2168    0.0117 -735.5607
    0.0783    0.3462    0.1276    0.0018    0.0391    0.0974    0.0001    0.4291    0.3518        0.2077    0.0920 -773.1813
    0.0723    0.3597    0.0813    0.0838    0.0361    0.0951    0.0001    0.2769    0.4159        0.1086   -0.0009 -726.2246
    0.0739    0.3551    0.1257    0.0299    0.0369    0.1040    0.0001    0.4505    0.4024        0.1751   -0.0007 -771.9971
    0.0804    0.3630    0.2376    0.0906    0.0402    0.1254    0.0001    0.4922    0.5327        0.2401   -0.0117 -729.8406
    0.0839    0.3500    0.1910    0.0290    0.0420    0.1079    0.0001    0.5245    0.4502        0.2618    0.0381 -759.3794
    0.0858    0.3470    0.1240    0.0881    0.0429    0.0874    0.0001    0.4405    0.4057        0.2130   -0.0193 -682.7646
    0.0820    0.3451    0.1042    0.0292    0.0410    0.0972    0.0001    0.4369    0.3725        0.1593    0.0890 -720.9857
    0.0771    0.3535    0.1816    0.0337    0.0385    0.1066    0.0001    0.4857    0.3921        0.2038   -0.0007 -725.5673
    0.0789    0.3467    0.1596    0.0012    0.0395    0.0971    0.0001    0.4436    0.3782        0.1703    0.0014 -727.2465
    0.0730    0.3474    0.0119    0.0733    0.0365    0.0745    0.0001    0.3845    0.3369        0.1261    0.0056 -872.2307
    0.0762    0.3442    0.0129    0.0060    0.0381    0.0875    0.0001    0.3927    0.3923        0.1212    0.0082 -928.8593
    0.0846    0.3643    0.2940    0.1219    0.0423    0.0966    0.0001    0.6895    0.4375       -0.0096   -0.0033 -708.8585
    0.0731    0.3510    0.0124    0.0009    0.0366    0.0968    0.0001    0.3835    0.3791        0.0495   -0.0165 -873.6144
    0.0727    0.3532    0.0538    0.0044    0.0363    0.1249    0.0001    0.4072    0.2442        0.2238    0.0178 -699.8539
    0.0754    0.3562    0.1351    0.0130    0.0377    0.1234    0.0001    0.4654    0.3463        0.2042    0.0847 -715.2054
    0.0780    0.3480    0.0295    0.0418    0.0390    0.0833    0.0001    0.4530    0.2896        0.1901    0.0153 -763.5989
    0.0746    0.3516    0.0315    0.0049    0.0373    0.1066    0.0001    0.4829    0.3093        0.1576    0.0823 -783.8293
    0.0771    0.3496    0.1144    0.0135    0.0385    0.1031    0.0001    0.4437    0.3408        0.1332    0.0059 -718.6869
    0.0767    0.3491    0.0775    0.0157    0.0384    0.1037    0.0001    0.3711    0.3457        0.1813    0.0070 -726.8504
    0.0720    0.3653    0.1079    0.0989    0.0360    0.1124    0.0001    0.3940    0.4634        0.1850    0.0029 -752.5743
    0.0805    0.3473    0.1238    0.0163    0.0402    0.0995    0.0001    0.4943    0.3727        0.1867    0.0856 -807.1736
    0.0734    0.3542    0.0920    0.0150    0.0367    0.1049    0.0001    0.3724    0.3975        0.1528   -0.0035 -782.6992
    0.0778    0.3605    0.2232    0.0456    0.0389    0.1130    0.0001    0.5757    0.4848        0.2177    0.0053 -794.1876
    0.0743    0.3495    0.0100    0.0305    0.0371    0.1215    0.0001    0.3167    0.3110        0.0870    0.0150 -870.5893
    0.0776    0.3456    0.0125    0.0291    0.0388    0.1091    0.0001    0.3851    0.3790        0.1934    0.1064 -933.9099
    0.0706    0.3667    0.0126    0.0998    0.0353    0.1156    0.0001    0.4011    0.3687        0.1366   -0.0016 -798.2276
    0.0775    0.3443    0.0113    0.0026    0.0387    0.0929    0.0001    0.3508    0.3450        0.1750   -0.0027 -861.5965
    0.0795    0.3708    0.3000    0.0685    0.0398    0.1270    0.0001    0.6600    0.6169        0.2312   -0.0056 -786.1979
    0.0781    0.3515    0.1069    0.0041    0.0391    0.0985    0.0001    0.4779    0.3711        0.1906   -0.0065 -812.9230
    0.0737    0.3587    0.1204    0.0813    0.0368    0.1032    0.0001    0.3050    0.4095        0.0710    0.0122 -732.1539
    0.0808    0.3535    0.2098    0.0220    0.0404    0.1090    0.0001    0.5621    0.4528        0.2644    0.0619 -809.0222
    0.0755    0.3491    0.0100    0.0221    0.0378    0.1048    0.0001    0.3015    0.3074        0.1180    0.0061 -875.2191
    0.0771    0.3480    0.0121    0.0191    0.0386    0.0999    0.0001    0.3735    0.3701        0.1874    0.1055 -928.2692
    0.0746    0.3477    0.0220    0.0257    0.0373    0.0971    0.0001    0.3495    0.3365        0.0787    0.0179 -734.1147
    0.0771    0.3523    0.0240    0.0002    0.0385    0.1093    0.0001    0.3732    0.3779        0.1715    0.0816 -760.5941
    0.0853    0.3508    0.2114    0.0275    0.0427    0.1062    0.0001    0.5593    0.4212        0.2297    0.0000 -716.1295
    0.0816    0.3541    0.1833    0.0422    0.0408    0.1109    0.0001    0.5518    0.4172        0.2036    0.0000 -717.4969
    0.0823    0.3525    0.2189    0.0279    0.0411    0.1112    0.0001    0.5931    0.4721        0.1799    0.0191 -760.2646
    0.0816    0.3544    0.2037    0.0070    0.0408    0.1136    0.0001    0.5981    0.4239        0.2079    0.1205 -773.6089
    0.0784    0.3500    0.1467    0.0120    0.0392    0.1058    0.0001    0.4228    0.3871        0.1375    0.0100 -701.6852
    0.0792    0.3507    0.1500    0.0367    0.0396    0.1021    0.0001    0.4754    0.3863        0.1801    0.0690 -711.6357
    0.0771    0.3563    0.1309    0.0307    0.0386    0.1122    0.0001    0.3025    0.3733        0.2282    0.0112 -754.5719
    0.0833    0.3584    0.2686    0.0368    0.0416    0.1219    0.0001    0.6090    0.5353        0.2830    0.0683 -791.7137
    0.0766    0.3550    0.1216    0.0319    0.0383    0.1046    0.0001    0.5018    0.4208        0.1264    0.0200 -798.2763
    0.0817    0.3537    0.1883    0.0285    0.0409    0.1015    0.0001    0.5921    0.4200        0.2158    0.1496 -823.1462
    0.0804    0.3672    0.2974    0.0921    0.0402    0.1108    0.0001    0.6751    0.4727        0.0999    0.0021 -686.0935
    0.0813    0.3524    0.2183    0.0325    0.0407    0.1090    0.0001    0.5259    0.4067        0.1880    0.0020 -704.3200
    0.0802    0.3471    0.0141    0.0587    0.0401    0.0950    0.0001    0.2150    0.4442        0.2003    0.0046 -817.4532
    0.0770    0.3461    0.0142    0.0148    0.0385    0.1049    0.0001    0.2307    0.4319        0.2170    0.0829 -856.3518
    0.0774    0.3592    0.2306    0.0030    0.0387    0.1240    0.0001    0.6709    0.4119        0.1187    0.0039 -766.6824
    0.0763    0.3551    0.1265    0.0022    0.0382    0.1142    0.0001    0.5394    0.3540        0.2217    0.0078 -787.0896
    0.0717    0.3580    0.1035    0.0613    0.0359    0.0988    0.0001    0.4517    0.2313        0.2386   -0.0013 -782.1754
    0.0767    0.3588    0.2203    0.0341    0.0383    0.1081    0.0001    0.6197    0.4187        0.2302    0.0010 -812.8457
    0.0815    0.3311    0.0152    0.0010    0.0407    0.0558    0.0001    0.2626    0.4515        0.1155    0.0205 -815.8989
    0.0747    0.3497    0.0142    0.0002    0.0373    0.1039    0.0001    0.2307    0.4323        0.2173    0.0761 -854.2410
    0.0822    0.3404    0.1028    0.0051    0.0411    0.0925    0.0001    0.4614    0.4189        0.1649    0.0067 -797.5308
    0.0815    0.3480    0.1855    0.0253    0.0408    0.1141    0.0001    0.5797    0.4593        0.2179    0.1030 -820.5947
    0.0776    0.3621    0.2552    0.0040    0.0388    0.1395    0.0001    0.4069    0.5879        0.2536    0.0094 -777.3705
    0.0770    0.3540    0.1159    0.0019    0.0385    0.1201    0.0001    0.4535    0.4063        0.2420    0.0987 -810.1532
    0.0922    0.3524    0.2828    0.0718    0.0461    0.0973    0.0001    0.7188    0.4963        0.2150   -0.0189 -787.6022
    0.0815    0.3506    0.1308    0.0002    0.0408    0.1068    0.0001    0.4902    0.4440        0.2153    0.1047 -831.9282
    0.0847    0.3542    0.2802    0.0325    0.0424    0.1124    0.0001    0.6192    0.4893        0.0729   -0.0021 -724.0427
    0.0823    0.3470    0.1505    0.0254    0.0411    0.0981    0.0001    0.5308    0.3920        0.2056   -0.0017 -755.4794
    0.0785    0.3445    0.0672    0.0011    0.0392    0.0938    0.0001    0.3489    0.3874        0.1421    0.0056 -728.8202
    0.0805    0.3498    0.1405    0.0031    0.0403    0.1025    0.0001    0.4420    0.3703        0.2097    0.1019 -752.2686
    0.0799    0.3383    0.0113    0.0171    0.0400    0.0696    0.0001    0.3481    0.3415        0.1189    0.0071 -866.0052
    0.0776    0.3473    0.0128    0.0022    0.0388    0.0948    0.0001    0.3970    0.3915        0.1223    0.1054 -898.1628
    0.0818    0.3523    0.1621    0.0383    0.0409    0.1123    0.0001    0.5930    0.4079        0.1876   -0.0003 -740.9427
    0.0833    0.3551    0.2144    0.0368    0.0417    0.1199    0.0001    0.6161    0.4850        0.2255   -0.0001 -743.3538
    0.0776    0.3487    0.1167    0.0079    0.0388    0.1036    0.0001    0.5046    0.3582        0.1114   -0.0088 -764.1674
    0.0804    0.3566    0.2178    0.0536    0.0402    0.1110    0.0001    0.6450    0.4576        0.2138    0.0497 -776.7198
    0.0753    0.3678    0.2598    0.0529    0.0376    0.1284    0.0001    0.6335    0.5209        0.1211    0.0517 -771.1054
    0.0759    0.3586    0.1769    0.0011    0.0379    0.1175    0.0001    0.5380    0.4147        0.1738    0.1163 -785.9618
    0.0847    0.3465    0.2055    0.0418    0.0424    0.1012    0.0001    0.5026    0.4513        0.2770    0.0017 -722.7389
    0.0814    0.3453    0.1230    0.0464    0.0407    0.0989    0.0001    0.4630    0.3910        0.1923    0.0336 -735.4820
    0.0724    0.3527    0.0271    0.0013    0.0362    0.1299    0.0001    0.4259    0.3433        0.0703    0.0032 -789.4715
    0.0702    0.3537    0.0261    0.0013    0.0351    0.0956    0.0001    0.4167    0.3884        0.0754    0.0033 -815.7794
    0.0809    0.3381    0.0117    0.0003    0.0404    0.0909    0.0001    0.3618    0.3538        0.1300    0.0045 -839.2172
    0.0838    0.3323    0.0104    0.0004    0.0419    0.0859    0.0001    0.3208    0.3174        0.1650    0.0505 -871.9124
    0.0738    0.3515    0.0180    0.0094    0.0369    0.1054    0.0001    0.5339    0.2969        0.0251    0.0060 -804.4017
    0.0765    0.3488    0.0165    0.0006    0.0383    0.0987    0.0001    0.5001    0.2632        0.1458    0.0236 -834.5557
    0.0833    0.3616    0.2661    0.0729    0.0416    0.1061    0.0001    0.6322    0.5591        0.2701   -0.0237 -736.5995
    0.0784    0.3508    0.1239    0.0234    0.0392    0.1065    0.0001    0.4526    0.3932        0.1716    0.0141 -754.2629
    0.0745    0.3413    0.0100    0.0618    0.0373    0.0741    0.0001    0.2840    0.3086        0.1456    0.0091 -884.3205
    0.0779    0.3424    0.0126    0.0046    0.0389    0.0964    0.0001    0.3898    0.3835        0.1927    0.0802 -942.8788
    0.0868    0.3513    0.2578    0.0480    0.0434    0.1025    0.0001    0.5802    0.5172        0.2238   -0.0114 -720.8005
    0.0851    0.3352    0.0120    0.0002    0.0425    0.1017    0.0001    0.3779    0.3627        0.1820    0.0544 -868.3313
    0.0738    0.3648    0.0108    0.0762    0.0369    0.1402    0.0001    0.3300    0.3280        0.1693   -0.0000 -837.3380
    0.0765    0.3460    0.0120    0.0003    0.0383    0.0949    0.0001    0.3695    0.3664        0.1851   -0.0000 -900.0538
    0.0742    0.3551    0.0866    0.0722    0.0371    0.0998    0.0001    0.3536    0.4474        0.1070   -0.0085 -739.2627
    0.0817    0.3470    0.1736    0.0012    0.0409    0.0983    0.0001    0.4931    0.4242        0.2266   -0.0036 -774.9743
    0.0749    0.3559    0.1709    0.0383    0.0375    0.1233    0.0001    0.5688    0.4430        0.2024    0.0168 -831.7514
    0.0772    0.3480    0.1489    0.0019    0.0386    0.1094    0.0001    0.4843    0.4112        0.2372    0.0892 -842.4846
    0.0728    0.3623    0.1954    0.0721    0.0364    0.1123    0.0001    0.6065    0.4936        0.1569    0.0129 -785.5730
    0.0743    0.3466    0.0273    0.0173    0.0371    0.0950    0.0001    0.4317    0.3434        0.1215    0.0433 -803.1131
    0.0879    0.3164    0.0554    0.0031    0.0439    0.0311    0.0001    0.3097    0.2726        0.1250    0.0026 -664.7359
    0.0867    0.3192    0.0541    0.0031    0.0433    0.0323    0.0001    0.3210    0.3021        0.1364    0.0025 -669.3831
    0.0724    0.3616    0.1313    0.0322    0.0362    0.1184    0.0001    0.5857    0.3230        0.1561    0.0248 -804.7077
    0.0743    0.3593    0.1484    0.0044    0.0371    0.1161    0.0001    0.5349    0.3925        0.2144    0.1176 -822.7971
