    0.0791    0.3504    0.1654    0.1445    0.0396    0.1075    0.0001    0.6446    0.3311        0.1241    0.0073 -420.1376
    0.0775    0.3484    0.0920    0.1399    0.0388    0.0912    0.0001    0.4846    0.3505        0.1685    0.0074 -443.9736
    0.0708    0.3531    0.0245    0.1151    0.0354    0.1089    0.0001    0.3708    0.2321        0.1204    0.0119 -412.5041
    0.0747    0.3526    0.0284    0.1261    0.0373    0.1072    0.0001    0.4389    0.2548        0.1701    0.0380 -421.7665
    0.0776    0.3514    0.0766    0.1267    0.0388    0.1084    0.0001    0.4368    0.2970        0.0973    0.0098 -406.4464
    0.0826    0.3536    0.1661    0.1530    0.0413    0.1030    0.0001    0.5062    0.4396        0.1764    0.0072 -420.9423
    0.0880    0.3381    0.1482    0.1488    0.0440    0.0763    0.0001    0.4158    0.4064        0.1264    0.0072 -394.1592
    0.0857    0.3387    0.1214    0.1485    0.0429    0.0776    0.0001    0.4479    0.3575        0.1969    0.0371 -405.8032
    0.0804    0.3467    0.2721    0.1457    0.0402    0.0913    0.0001    0.4261    0.4901        0.1691    0.0141 -436.1591
    0.0760    0.3474    0.1542    0.1447    0.0380    0.0918    0.0001    0.4867    0.3916        0.1709    0.0181 -451.5800
    0.0709    0.3424    0.0132    0.1210    0.0355    0.0897    0.0001    0.3860    0.2316        0.1080    0.0050 -458.8220
    0.0816    0.3372    0.0152    0.1214    0.0408    0.0844    0.0001    0.4614    0.2419        0.1415    0.0060 -487.9823
    0.0726    0.3572    0.0239    0.1345    0.0363    0.1216    0.0001    0.3627    0.2449        0.1412    0.0082 -367.3558
    0.0751    0.3505    0.0285    0.1412    0.0375    0.0975    0.0001    0.4379    0.2795        0.1101    0.0101 -398.1089
    0.0774    0.3488    0.2247    0.1206    0.0387    0.1155    0.0001    0.5088    0.2929        0.0947    0.0089 -389.0020
    0.0821    0.3448    0.1633    0.1513    0.0411    0.0932    0.0001    0.5191    0.3687        0.2045    0.0185 -419.5293
    0.0727    0.3409    0.0111    0.1234    0.0364    0.0703    0.0001    0.3307    0.1812        0.1130    0.0150 -455.8470
    0.0721    0.3465    0.0132    0.1236    0.0360    0.0860    0.0001    0.4013    0.2095        0.1194    0.0148 -479.7396
    0.0820    0.3217    0.0100    0.0672    0.0410    0.0701    0.0001    0.3149    0.2911        0.0875    0.0134 -610.9987
    0.0727    0.3483    0.0120    0.1108    0.0363    0.0979    0.0001    0.3669    0.3641        0.1070    0.0699 -637.3841
    0.0764    0.3418    0.0448    0.0993    0.0382    0.0979    0.0001    0.3932    0.2806        0.1253    0.0061 -470.4137
    0.0761    0.3458    0.0458    0.1175    0.0381    0.0954    0.0001    0.4044    0.3552        0.1539    0.0187 -476.8095
    0.0733    0.3485    0.2481    0.1319    0.0367    0.0978    0.0001    0.4723    0.3422        0.0515    0.0107 -460.8024
    0.0674    0.3488    0.0107    0.1258    0.0337    0.0959    0.0001    0.3298    0.3286        0.0903    0.0184 -616.4170
    0.0828    0.3331    0.0251    0.0973    0.0414    0.0883    0.0001    0.3836    0.2494        0.1295    0.0100 -422.2005
    0.0821    0.3354    0.0246    0.1039    0.0410    0.0906    0.0001    0.3766    0.2454        0.1764    0.0597 -430.1616
    0.0764    0.3467    0.0859    0.1229    0.0382    0.0973    0.0001    0.2966    0.3139        0.1377    0.0051 -405.9313
    0.0759    0.3485    0.0112    0.1105    0.0379    0.1168    0.0001    0.3484    0.3448        0.1683    0.0046 -557.1250
    0.0727    0.3509    0.1072    0.1209    0.0364    0.0991    0.0001    0.3646    0.3307        0.0924    0.0038 -403.7160
    0.0806    0.3484    0.1640    0.1374    0.0403    0.0959    0.0001    0.4554    0.3840        0.2185    0.0027 -417.5014
    0.0828    0.3327    0.0100    0.1131    0.0414    0.0832    0.0001    0.3100    0.3065        0.1544    0.0025 -523.8614
    0.0797    0.3432    0.0109    0.1299    0.0398    0.0927    0.0001    0.3393    0.3338        0.1699    0.0065 -528.9641
    0.0856    0.3264    0.2127    0.1287    0.0428    0.0585    0.0001    0.3834    0.1962        0.1968    0.0051 -422.2407
    0.0778    0.3317    0.1365    0.1244    0.0389    0.0693    0.0001    0.4103    0.3319        0.1469    0.0064 -453.4288
    0.0812    0.3393    0.0617    0.1260    0.0406    0.0901    0.0001    0.3721    0.3010        0.0991    0.0094 -381.3011
    0.0818    0.3393    0.0411    0.1219    0.0409    0.0898    0.0001    0.3666    0.3523        0.1684    0.0241 -393.2215
    0.0833    0.3505    0.0911    0.1349    0.0416    0.1085    0.0001    0.3895    0.3385        0.1128    0.0051 -333.4063
    0.0880    0.3459    0.1100    0.1433    0.0440    0.1011    0.0001    0.4320    0.3411        0.1679    0.0131 -338.7992
    0.0836    0.3367    0.0698    0.1065    0.0418    0.0859    0.0001    0.3784    0.2831        0.1545    0.0027 -432.1098
    0.0863    0.3434    0.1399    0.1371    0.0431    0.0907    0.0001    0.4562    0.3678        0.2288    0.0032 -439.2055
    0.0754    0.3458    0.0805    0.1272    0.0377    0.0933    0.0001    0.3712    0.3104        0.1574    0.0088 -432.6566
    0.0769    0.3459    0.1136    0.1336    0.0384    0.0937    0.0001    0.4104    0.3630        0.1620    0.0092 -434.6273
    0.0807    0.3333    0.0103    0.1013    0.0404    0.0815    0.0001    0.3183    0.3149        0.0969    0.0245 -563.0424
    0.0800    0.3401    0.0114    0.1151    0.0400    0.0908    0.0001    0.3530    0.3481        0.1113    0.0960 -572.6126
    0.0874    0.3457    0.2876    0.1657    0.0437    0.0958    0.0001    0.6169    0.3750        0.1687    0.0060 -422.5523
    0.0806    0.3456    0.1697    0.1498    0.0403    0.0958    0.0001    0.4939    0.3300        0.1975    0.0153 -433.4525
    0.0816    0.3508    0.2239    0.1547    0.0408    0.1099    0.0001    0.4776    0.3717        0.2531   -0.0061 -454.8822
    0.0781    0.3502    0.1520    0.1469    0.0391    0.1039    0.0001    0.5454    0.3995        0.1836   -0.0065 -471.4729
    0.0773    0.3465    0.1168    0.1311    0.0387    0.1135    0.0001    0.3873    0.3646        0.1289   -0.0002 -399.7524
    0.0810    0.3462    0.1423    0.1456    0.0405    0.0978    0.0001    0.4921    0.4014        0.1553   -0.0000 -414.6161
    0.0924    0.3522    0.2632    0.1768    0.0462    0.1064    0.0001    0.6264    0.3554        0.1821   -0.0069 -406.1572
    0.0794    0.3468    0.1170    0.1363    0.0397    0.0974    0.0001    0.4753    0.3459        0.1763   -0.0049 -425.1744
    0.0833    0.3388    0.0927    0.1097    0.0417    0.0944    0.0001    0.4548    0.2770        0.1793    0.0097 -410.9642
    0.0837    0.3466    0.1431    0.1377    0.0419    0.0981    0.0001    0.4869    0.3560        0.2021    0.0259 -417.3783
    0.0715    0.3512    0.2292    0.1015    0.0358    0.1149    0.0001    0.3981    0.3786        0.1630    0.0066 -525.9751
    0.0713    0.3528    0.1449    0.1232    0.0357    0.1075    0.0001    0.5032    0.3962        0.1979    0.0076 -549.9549
    0.0860    0.3318    0.0111    0.1201    0.0430    0.0729    0.0001    0.3532    0.3250        0.1043    0.0065 -490.7983
    0.0797    0.3449    0.0118    0.1195    0.0398    0.1031    0.0001    0.3637    0.3589        0.1089    0.0115 -506.4448
    0.0833    0.3501    0.2609    0.1372    0.0416    0.1074    0.0001    0.5620    0.4769        0.0817    0.0031 -430.2902
    0.0796    0.3497    0.1694    0.1395    0.0398    0.0931    0.0001    0.4878    0.3905        0.1870    0.0062 -449.5348
    0.0808    0.3391    0.1336    0.1174    0.0404    0.0897    0.0001    0.3837    0.3264        0.1736    0.0015 -426.6098
    0.0853    0.3403    0.1975    0.1351    0.0427    0.0898    0.0001    0.4867    0.4062        0.1808    0.0018 -430.6599
    0.0711    0.3532    0.2081    0.1108    0.0355    0.1120    0.0001    0.5322    0.3159        0.0381    0.0099 -473.1401
    0.0714    0.3460    0.0496    0.1028    0.0357    0.0958    0.0001    0.4382    0.3090        0.0529    0.0177 -495.2757
    0.0835    0.3367    0.0438    0.1151    0.0417    0.0913    0.0001    0.3932    0.3430        0.1720    0.0048 -417.5927
    0.0847    0.3346    0.0431    0.1169    0.0424    0.0833    0.0001    0.3873    0.3388        0.1511    0.0668 -426.7635
    0.0827    0.3538    0.2417    0.1582    0.0414    0.1226    0.0001    0.5684    0.5065        0.2204    0.0216 -436.0129
    0.0782    0.3537    0.1930    0.1459    0.0391    0.1224    0.0001    0.5101    0.4401        0.2710    0.0269 -440.8830
    0.0842    0.3249    0.0130    0.0687    0.0421    0.0895    0.0001    0.3956    0.2034        0.1446    0.0087 -470.3938
    0.0804    0.3424    0.0152    0.1154    0.0402    0.0980    0.0001    0.4637    0.2382        0.1342    0.0871 -503.9440
    0.0828    0.3472    0.2017    0.1441    0.0414    0.1024    0.0001    0.5432    0.4002        0.2558   -0.0027 -419.9626
    0.0852    0.3473    0.2049    0.1537    0.0426    0.1023    0.0001    0.5567    0.4480        0.2374   -0.0016 -422.0075
    0.0825    0.3377    0.1202    0.1357    0.0413    0.0772    0.0001    0.3696    0.3584        0.1362    0.0116 -373.9942
    0.0784    0.3406    0.0657    0.1224    0.0392    0.0870    0.0001    0.3190    0.3045        0.1376    0.0279 -378.0484
    0.0827    0.3474    0.2610    0.1406    0.0413    0.1133    0.0001    0.5446    0.3904        0.1555    0.0019 -356.8246
    0.0797    0.3501    0.1735    0.1480    0.0398    0.1025    0.0001    0.4917    0.4179        0.1839    0.0007 -377.4991
    0.0782    0.3599    0.1710    0.1508    0.0391    0.1127    0.0001    0.5135    0.3657        0.1674    0.0127 -446.5585
    0.0812    0.3495    0.1644    0.1500    0.0406    0.0893    0.0001    0.5247    0.4657        0.1683    0.0143 -465.7084
    0.0827    0.3493    0.2792    0.1597    0.0414    0.1162    0.0001    0.4478    0.4169        0.1151    0.0014 -393.1062
    0.0781    0.3566    0.2208    0.1467    0.0390    0.1154    0.0001    0.5900    0.4483        0.0986    0.0017 -413.5522
    0.0737    0.3498    0.1112    0.1319    0.0369    0.1011    0.0001    0.4565    0.3143        0.1584    0.0060 -405.3790
    0.0757    0.3498    0.1244    0.1363    0.0379    0.1010    0.0001    0.4813    0.3340        0.1673    0.0061 -405.7920
    0.0799    0.3511    0.0853    0.1288    0.0400    0.1058    0.0001    0.4352    0.3960        0.1210    0.0142 -449.6955
    0.0824    0.3517    0.1468    0.1435    0.0412    0.1063    0.0001    0.5002    0.4091        0.2213    0.0936 -464.5082
    0.0739    0.3565    0.2245    0.1089    0.0369    0.1145    0.0001    0.3617    0.4185        0.1591    0.0046 -461.4455
    0.0749    0.3588    0.1694    0.1375    0.0375    0.1136    0.0001    0.5322    0.4445        0.1793    0.0140 -486.6679
    0.0745    0.3468    0.0693    0.1262    0.0372    0.0881    0.0001    0.3805    0.2441        0.0784    0.0068 -390.4775
    0.0734    0.3526    0.0435    0.1284    0.0367    0.1006    0.0001    0.3863    0.2955        0.1890    0.0097 -411.6562
    0.0804    0.3516    0.2252    0.1507    0.0402    0.1090    0.0001    0.5126    0.4038        0.2195    0.0100 -438.7485
    0.0820    0.3516    0.2250    0.1462    0.0410    0.1049    0.0001    0.5292    0.4633        0.2517    0.0603 -445.0698
    0.0839    0.3523    0.1825    0.1440    0.0420    0.1130    0.0001    0.5604    0.3871        0.0127    0.0097 -396.9942
    0.0765    0.3431    0.0100    0.0988    0.0382    0.1123    0.0001    0.3085    0.3073        0.0463    0.0613 -540.2778
    0.0761    0.3478    0.0289    0.1290    0.0380    0.0951    0.0001    0.4414    0.3104        0.1071    0.0095 -446.5319
    0.0760    0.3476    0.0239    0.1254    0.0380    0.0953    0.0001    0.3730    0.3736        0.1695    0.0128 -475.7263
    0.0753    0.3483    0.1061    0.1276    0.0376    0.1036    0.0001    0.4914    0.3605        0.0644    0.0084 -419.7449
    0.0731    0.3408    0.0100    0.1089    0.0366    0.0925    0.0001    0.3092    0.3065        0.1545    0.0084 -577.1431
    0.0755    0.3474    0.1223    0.1157    0.0378    0.0873    0.0001    0.3927    0.2316        0.1170    0.0120 -415.4411
    0.0807    0.3457    0.1448    0.1325    0.0404    0.0943    0.0001    0.4726    0.3149        0.1734    0.0486 -425.9937
    0.0793    0.3383    0.0446    0.1150    0.0397    0.0891    0.0001    0.4060    0.3271        0.1171    0.0077 -445.7587
    0.0774    0.3451    0.0463    0.1319    0.0387    0.0955    0.0001    0.4214    0.3809        0.1642    0.0503 -455.8325
    0.0739    0.3477    0.0807    0.1262    0.0370    0.0998    0.0001    0.4323    0.3303        0.1134    0.0037 -448.4990
    0.0762    0.3479    0.1234    0.1341    0.0381    0.0998    0.0001    0.4351    0.3709        0.1637    0.0056 -450.4615
    0.0821    0.3406    0.1665    0.1326    0.0410    0.0909    0.0001    0.5541    0.3156        0.0814    0.0080 -438.9803
    0.0854    0.3411    0.1672    0.1499    0.0427    0.0904    0.0001    0.5204    0.4000        0.2428    0.0180 -467.3230
    0.0758    0.3456    0.1789    0.1420    0.0379    0.0948    0.0001    0.5045    0.2985        0.1411    0.0048 -491.2950
    0.0801    0.3449    0.1690    0.1394    0.0400    0.0932    0.0001    0.5146    0.4406        0.1950    0.0163 -512.0353
    0.0807    0.3328    0.0391    0.0933    0.0403    0.0789    0.0001    0.3385    0.2565        0.1360    0.0103 -464.7814
    0.0829    0.3511    0.1881    0.1568    0.0414    0.1035    0.0001    0.5552    0.4252        0.2908    0.0585 -488.6816
    0.0827    0.3514    0.1061    0.1262    0.0413    0.1073    0.0001    0.4438    0.3255        0.1247    0.0047 -373.1363
    0.0882    0.3522    0.1622    0.1512    0.0441    0.1075    0.0001    0.5334    0.3834        0.1915    0.0187 -380.0019
    0.0787    0.3414    0.0157    0.1359    0.0394    0.0851    0.0001    0.4664    0.2610        0.0417    0.0089 -469.4521
    0.0805    0.3400    0.0152    0.1189    0.0402    0.0850    0.0001    0.4613    0.2419        0.1319    0.0282 -491.7829
    0.0772    0.3480    0.1197    0.1280    0.0386    0.0975    0.0001    0.4314    0.3379        0.2435    0.0218 -453.7688
    0.0766    0.3488    0.0489    0.1363    0.0383    0.0961    0.0001    0.4377    0.3443        0.1850    0.0354 -462.3554
    0.0779    0.3555    0.1985    0.1510    0.0390    0.1175    0.0001    0.5476    0.4581        0.1625    0.0068 -440.6344
    0.0785    0.3556    0.1633    0.1533    0.0393    0.1175    0.0001    0.5732    0.4232        0.1924    0.0066 -444.4809
    0.0835    0.3432    0.1587    0.1491    0.0418    0.0867    0.0001    0.4033    0.3447        0.0422    0.0091 -419.8699
    0.0796    0.3377    0.0208    0.1163    0.0398    0.0826    0.0001    0.3264    0.3228        0.1007    0.0125 -469.9250
    0.0831    0.3463    0.2538    0.1529    0.0415    0.0955    0.0001    0.4137    0.2331        0.1159    0.0080 -383.4563
    0.0745    0.3421    0.0184    0.1298    0.0372    0.0988    0.0001    0.5476    0.3109        0.1304    0.0087 -463.7563
    0.0711    0.3457    0.0992    0.1229    0.0356    0.0924    0.0001    0.4565    0.3244        0.0489    0.0133 -495.0074
    0.0728    0.3460    0.0600    0.1328    0.0364    0.0916    0.0001    0.5009    0.3563        0.1251   -0.0026 -507.1341
    0.0756    0.3482    0.0279    0.1268    0.0378    0.1063    0.0001    0.4261    0.2810        0.1261    0.0061 -417.2656
    0.0778    0.3479    0.0283    0.1290    0.0389    0.1054    0.0001    0.4404    0.3006        0.1550    0.0168 -420.6369
    0.0797    0.3360    0.1683    0.0694    0.0398    0.1178    0.0001    0.4320    0.3119        0.1361    0.0222 -490.9626
    0.0744    0.3424    0.0127    0.1003    0.0372    0.0864    0.0001    0.3952    0.3934        0.1707    0.0269 -654.2685
    0.0826    0.3301    0.0251    0.1050    0.0413    0.0671    0.0001    0.3983    0.3428        0.1152    0.0030 -481.5867
    0.0775    0.3412    0.0239    0.1212    0.0387    0.0819    0.0001    0.3698    0.3758        0.1142    0.0140 -497.6853
    0.0841    0.3454    0.1910    0.1534    0.0421    0.0945    0.0001    0.4964    0.4240        0.1561    0.0021 -408.9384
    0.0771    0.3445    0.0808    0.1281    0.0385    0.0940    0.0001    0.4021    0.3355        0.1450    0.0024 -413.8328
    0.0760    0.3487    0.1013    0.1064    0.0380    0.1177    0.0001    0.4405    0.3083        0.1164    0.0171 -391.2532
    0.0785    0.3514    0.0984    0.1206    0.0392    0.1179    0.0001    0.4680    0.2901        0.1380    0.1035 -406.6463
    0.0792    0.3348    0.0280    0.1029    0.0396    0.0809    0.0001    0.4279    0.1568        0.1110    0.0061 -458.0236
    0.0766    0.3459    0.0287    0.1098    0.0383    0.1004    0.0001    0.4428    0.2703        0.1362    0.0063 -482.7054
    0.0761    0.3479    0.0233    0.1284    0.0381    0.1003    0.0001    0.3547    0.3763        0.1886    0.0115 -417.4948
    0.0795    0.3499    0.0240    0.1398    0.0397    0.1006    0.0001    0.3810    0.3721        0.1574    0.0580 -430.8733
    0.0761    0.3400    0.0131    0.1138    0.0380    0.0837    0.0001    0.3984    0.2073        0.1256    0.0046 -482.0027
    0.0758    0.3461    0.0138    0.1162    0.0379    0.0954    0.0001    0.4219    0.2180        0.1289    0.0071 -486.0833
    0.0856    0.3367    0.1173    0.1101    0.0428    0.0858    0.0001    0.4314    0.3225        0.1126   -0.0018 -397.4555
    0.0856    0.3516    0.1902    0.1541    0.0428    0.0976    0.0001    0.5225    0.4152        0.1986   -0.0007 -406.8770
    0.0763    0.3497    0.2910    0.1370    0.0381    0.1008    0.0001    0.3501    0.4957        0.1251    0.0064 -480.8448
    0.0714    0.3507    0.1323    0.1337    0.0357    0.1018    0.0001    0.3956    0.3553        0.2102    0.0054 -507.5412
    0.0707    0.3572    0.2023    0.1228    0.0353    0.1243    0.0001    0.4646    0.4005        0.1208    0.0185 -465.5844
    0.0746    0.3542    0.1353    0.1328    0.0373    0.1096    0.0001    0.4473    0.3710        0.1925    0.0826 -494.4570
    0.0705    0.3537    0.1307    0.1284    0.0353    0.1133    0.0001    0.4379    0.3890        0.0578   -0.0111 -481.2082
    0.0715    0.3565    0.0867    0.1285    0.0358    0.1040    0.0001    0.4782    0.4117        0.0707   -0.0096 -493.7856
    0.0814    0.3481    0.1055    0.1279    0.0407    0.1068    0.0001    0.4508    0.3682        0.1278    0.0073 -401.5714
    0.0814    0.3481    0.0779    0.1281    0.0407    0.1067    0.0001    0.4284    0.3761        0.1179    0.0815 -411.0459
    0.0738    0.3514    0.1523    0.1295    0.0369    0.1092    0.0001    0.5158    0.3653        0.1267    0.0062 -486.2855
    0.0757    0.3516    0.1729    0.1373    0.0379    0.1092    0.0001    0.5240    0.3836        0.2231    0.0111 -493.0818
    0.0763    0.3539    0.1575    0.1442    0.0382    0.1134    0.0001    0.4546    0.3094        0.1764    0.0037 -375.1326
    0.0772    0.3512    0.1530    0.1436    0.0386    0.1065    0.0001    0.5065    0.3592        0.1737    0.0034 -381.2502
    0.0826    0.3303    0.0102    0.0965    0.0413    0.0786    0.0001    0.3126    0.3122        0.1647    0.0064 -608.0812
    0.0759    0.3428    0.0116    0.1193    0.0380    0.0892    0.0001    0.3564    0.3563        0.1795    0.0072 -617.7011
    0.0780    0.3381    0.1210    0.1085    0.0390    0.0879    0.0001    0.3753    0.3325        0.1885   -0.0068 -500.2409
    0.0837    0.3297    0.0108    0.1043    0.0418    0.0725    0.0001    0.3423    0.3138        0.1695    0.0608 -643.0575
    0.0685    0.3484    0.2030    0.1220    0.0342    0.1098    0.0001    0.5155    0.3057        0.1344   -0.0024 -469.1039
    0.0677    0.3556    0.1274    0.1255    0.0339    0.1089    0.0001    0.4397    0.3807        0.1932   -0.0025 -491.3760
    0.0798    0.3427    0.0478    0.1172    0.0399    0.0972    0.0001    0.3990    0.2956        0.1450    0.0035 -380.2387
    0.0821    0.3478    0.1003    0.1392    0.0410    0.1040    0.0001    0.4414    0.3511        0.1805    0.0767 -390.7795
    0.0740    0.3522    0.1627    0.1262    0.0370    0.1140    0.0001    0.4871    0.3625        0.1909    0.0214 -455.9226
    0.0764    0.3456    0.1013    0.1288    0.0382    0.0931    0.0001    0.4207    0.3585        0.1742    0.0280 -469.0278
    0.0787    0.3432    0.0451    0.1155    0.0394    0.0996    0.0001    0.3915    0.2652        0.1262    0.0068 -377.0043
    0.0847    0.3442    0.1466    0.1474    0.0423    0.0912    0.0001    0.4820    0.3797        0.1756    0.0135 -387.6492
    0.0783    0.3457    0.1137    0.1349    0.0392    0.0934    0.0001    0.4548    0.3366        0.1658    0.0055 -415.0587
    0.0789    0.3458    0.1352    0.1375    0.0395    0.0935    0.0001    0.4761    0.3630        0.1904    0.0188 -416.4613
    0.0836    0.3389    0.0214    0.1023    0.0418    0.1049    0.0001    0.3439    0.3154        0.0798    0.0107 -384.8546
    0.0780    0.3460    0.0230    0.1217    0.0390    0.0973    0.0001    0.3649    0.3512        0.1320    0.0299 -396.7662
    0.0748    0.3481    0.1141    0.1359    0.0374    0.0960    0.0001    0.4076    0.3787        0.1617    0.0115 -459.2480
    0.0774    0.3482    0.1656    0.1388    0.0387    0.0966    0.0001    0.4329    0.3685        0.2233    0.0893 -468.4098
    0.0880    0.3397    0.1097    0.1252    0.0440    0.0884    0.0001    0.4012    0.3622        0.1743    0.0079 -398.8160
    0.0856    0.3375    0.0100    0.1116    0.0428    0.0871    0.0001    0.3094    0.3030        0.1563    0.0139 -544.0033
    0.0772    0.3491    0.1797    0.1076    0.0386    0.1076    0.0001    0.4425    0.2664        0.0802    0.0037 -454.5094
    0.0797    0.3462    0.1366    0.1414    0.0399    0.0908    0.0001    0.4809    0.3683        0.2107    0.0005 -492.5023
    0.0787    0.3468    0.0154    0.1161    0.0393    0.1094    0.0001    0.4682    0.2491        0.1105    0.0071 -434.4379
    0.0781    0.3504    0.0158    0.1284    0.0391    0.1000    0.0001    0.4800    0.2474        0.1222    0.0072 -439.4665
    0.0767    0.3537    0.3000    0.1414    0.0384    0.1080    0.0001    0.4452    0.4823        0.1252    0.0180 -464.8253
    0.0711    0.3521    0.0967    0.1285    0.0356    0.0973    0.0001    0.4341    0.3492        0.1945    0.0286 -503.9635
    0.0834    0.3396    0.2801    0.1428    0.0417    0.0747    0.0001    0.4458    0.3295        0.1160    0.0118 -412.5478
    0.0768    0.3395    0.1410    0.1307    0.0384    0.0778    0.0001    0.3808    0.3227        0.1804    0.0164 -432.3849
    0.0754    0.3464    0.0894    0.1228    0.0377    0.1026    0.0001    0.4181    0.3297        0.1061    0.0152 -451.5921
    0.0790    0.3500    0.1707    0.1387    0.0395    0.1084    0.0001    0.4825    0.4100        0.2081    0.0726 -461.5459
    0.0788    0.3500    0.2836    0.1470    0.0394    0.0999    0.0001    0.3567    0.3975        0.0791    0.0060 -385.5734
    0.0726    0.3502    0.1560    0.1364    0.0363    0.1000    0.0001    0.4576    0.3683        0.1240    0.0018 -419.9657
    0.0746    0.3529    0.1803    0.1432    0.0373    0.1040    0.0001    0.4510    0.2433        0.1502    0.0119 -437.7952
    0.0743    0.3528    0.1698    0.1360    0.0372    0.1037    0.0001    0.5009    0.3619        0.1681    0.0114 -452.0890
    0.0843    0.3453    0.1718    0.1527    0.0421    0.0950    0.0001    0.4460    0.2537        0.2684    0.0034 -392.2106
    0.0835    0.3437    0.1486    0.1441    0.0417    0.0920    0.0001    0.4659    0.3453        0.1995    0.0084 -406.9859
    0.0735    0.3549    0.1042    0.1385    0.0367    0.1047    0.0001    0.4055    0.3889        0.1231    0.0030 -461.9544
    0.0724    0.3548    0.0957    0.1345    0.0362    0.1047    0.0001    0.4384    0.3835        0.1362    0.0027 -465.2134
    0.0791    0.3582    0.1203    0.1472    0.0395    0.1240    0.0001    0.4363    0.4166        0.1541    0.0051 -382.8126
    0.0765    0.3550    0.1297    0.1417    0.0382    0.1150    0.0001    0.4717    0.4154        0.1602    0.0054 -392.6169
    0.0809    0.3386    0.0963    0.1260    0.0405    0.0849    0.0001    0.3557    0.3687        0.1116    0.0190 -443.2959
    0.0803    0.3449    0.1315    0.1417    0.0402    0.0924    0.0001    0.4437    0.4184        0.1894    0.0309 -454.3403
    0.0858    0.3317    0.1953    0.1095    0.0429    0.0741    0.0001    0.4635    0.3035        0.2258    0.0094 -459.4947
    0.0819    0.3454    0.1884    0.1543    0.0410    0.0868    0.0001    0.5747    0.4137        0.1992    0.0117 -481.7567
    0.0800    0.3308    0.0117    0.0923    0.0400    0.0772    0.0001    0.3527    0.1844        0.1103    0.0121 -514.8925
    0.0758    0.3427    0.0145    0.1133    0.0379    0.0883    0.0001    0.4416    0.2343        0.1334    0.0360 -525.9602
