    0.0857    0.3400    0.1019    0.1486    0.0429    0.0831    0.0001    0.3761    0.2911        0.1065    0.0011 -189.4431
    0.0832    0.3401    0.0749    0.1407    0.0416    0.0868    0.0001    0.3426    0.2480        0.0773    0.0013 -191.6772
    0.0796    0.3648    0.0307    0.1491    0.0398    0.1375    0.0001    0.4413    0.2714        0.1073    0.0128 -235.0145
    0.0765    0.3615    0.0265    0.1322    0.0383    0.1325    0.0001    0.4123    0.2356        0.1062    0.0117 -249.9844
    0.0825    0.3481    0.0437    0.1449    0.0413    0.0981    0.0001    0.3873    0.2317        0.1022    0.0037 -212.9915
    0.0824    0.3481    0.0439    0.1425    0.0412    0.0976    0.0001    0.3814    0.2370        0.0988   -0.0018 -213.3452
    0.0775    0.3526    0.0910    0.1413    0.0387    0.1072    0.0001    0.3842    0.1381        0.1406    0.0109 -162.5505
    0.0779    0.3526    0.0868    0.1440    0.0390    0.1072    0.0001    0.4019    0.1930        0.0824    0.0145 -171.5190
    0.0798    0.3467    0.0252    0.1229    0.0399    0.1043    0.0001    0.3872    0.2428        0.0911    0.0199 -244.2943
    0.0776    0.3483    0.0249    0.1331    0.0388    0.1023    0.0001    0.3876    0.2155        0.0758    0.0209 -249.5656
    0.0912    0.3519    0.1699    0.1735    0.0456    0.1019    0.0001    0.5134    0.2973        0.1343    0.0090 -220.8476
    0.0841    0.3512    0.0912    0.1566    0.0420    0.1034    0.0001    0.4414    0.2724        0.0958    0.0136 -225.5960
    0.0812    0.3470    0.0101    0.1566    0.0406    0.1032    0.0001    0.3005    0.2546        0.0309    0.0124 -291.0341
    0.0809    0.3432    0.0100    0.1302    0.0405    0.0921    0.0001    0.3069    0.3008        0.0900    0.0072 -365.5866
    0.0860    0.3449    0.0913    0.1303    0.0430    0.0953    0.0001    0.3784    0.2407        0.0788    0.0174 -182.6549
    0.0883    0.3461    0.1121    0.1399    0.0442    0.0979    0.0001    0.4282    0.2200        0.1087    0.0249 -186.7606
    0.0814    0.3375    0.0114    0.1313    0.0407    0.0803    0.0001    0.3367    0.1849        0.1024    0.0119 -266.5791
    0.0840    0.3379    0.0124    0.1346    0.0420    0.0856    0.0001    0.3776    0.1944        0.1089   -0.0127 -276.0157
    0.0862    0.3409    0.0673    0.1144    0.0431    0.1058    0.0001    0.3234    0.2044        0.1106    0.0022 -169.8971
    0.0863    0.3497    0.1107    0.1446    0.0432    0.1082    0.0001    0.3858    0.2858        0.0743    0.0017 -181.3606
    0.0808    0.3544    0.2697    0.1456    0.0404    0.1107    0.0001    0.4543    0.2946        0.1490    0.0092 -283.8510
    0.0721    0.3538    0.0126    0.1243    0.0360    0.1129    0.0001    0.3866    0.1976        0.1109    0.0071 -382.1262
    0.0839    0.3302    0.0240    0.1057    0.0420    0.0849    0.0001    0.3493    0.2025        0.0614    0.0064 -232.0132
    0.0807    0.3393    0.0235    0.1291    0.0403    0.0885    0.0001    0.3667    0.2023        0.0930    0.0067 -241.0023
    0.0829    0.3500    0.0108    0.1442    0.0414    0.1718    0.0001    0.3544    0.3090        0.1606   -0.0026 -224.9300
    0.0801    0.3576    0.0100    0.1459    0.0401    0.1250    0.0001    0.3093    0.3043        0.1513   -0.0027 -288.6183
    0.0797    0.3439    0.1356    0.1337    0.0399    0.0921    0.0001    0.4274    0.3367        0.0947    0.0014 -284.1420
    0.0819    0.3451    0.1449    0.1495    0.0409    0.0941    0.0001    0.4492    0.3009        0.1051    0.0014 -288.7184
    0.0835    0.3453    0.1303    0.1384    0.0417    0.0936    0.0001    0.3821    0.3913        0.1120    0.0194 -219.7997
    0.0832    0.3462    0.1210    0.1526    0.0416    0.0931    0.0001    0.4070    0.3237        0.0963    0.0191 -228.1187
    0.0821    0.3446    0.2211    0.1508    0.0410    0.0883    0.0001    0.4666    0.3071        0.1222    0.0118 -227.1269
    0.0747    0.3433    0.0198    0.1234    0.0373    0.0882    0.0001    0.3095    0.1709        0.0867    0.0154 -252.0659
    0.0826    0.3460    0.1049    0.1334    0.0413    0.0882    0.0001    0.4105    0.2497        0.0298   -0.0055 -222.2255
    0.0787    0.3485    0.0240    0.1265    0.0393    0.0988    0.0001    0.3743    0.2034        0.0450   -0.0099 -244.2658
    0.0880    0.3495    0.1694    0.1518    0.0440    0.1018    0.0001    0.4735    0.2879        0.1699   -0.0001 -264.1617
    0.0816    0.3489    0.0767    0.1284    0.0408    0.1006    0.0001    0.3873    0.2406        0.1079   -0.0000 -269.6303
    0.0834    0.3477    0.1313    0.1511    0.0417    0.0928    0.0001    0.4779    0.3937        0.0839    0.0122 -240.5919
    0.0814    0.3482    0.1209    0.1538    0.0407    0.0940    0.0001    0.4810    0.2768        0.1174    0.0099 -255.8768
    0.0825    0.3500    0.1428    0.1527    0.0412    0.1031    0.0001    0.4328    0.2672        0.0297    0.0117 -180.8968
    0.0795    0.3501    0.0120    0.1483    0.0398    0.1031    0.0001    0.3669    0.1878        0.0346    0.0133 -269.2665
    0.0791    0.3556    0.1658    0.1481    0.0396    0.1102    0.0001    0.5295    0.2408        0.0917    0.0076 -214.3611
    0.0792    0.3556    0.1091    0.1484    0.0396    0.1098    0.0001    0.4744    0.2639        0.1006    0.0084 -221.5321
    0.0864    0.3405    0.0243    0.1366    0.0432    0.0796    0.0001    0.3788    0.2147        0.1001    0.0041 -215.7459
    0.0846    0.3436    0.0242    0.1317    0.0423    0.0879    0.0001    0.3750    0.2171        0.0935    0.0044 -218.2668
    0.0855    0.3510    0.1040    0.1549    0.0427    0.0898    0.0001    0.3808    0.2869        0.0954    0.0055 -166.7088
    0.0828    0.3509    0.0626    0.1476    0.0414    0.0898    0.0001    0.3441    0.2454        0.0846    0.0042 -168.4577
    0.0881    0.3383    0.0772    0.1472    0.0441    0.0745    0.0001    0.3992    0.2162        0.1079    0.0039 -184.3161
    0.0866    0.3379    0.0423    0.1413    0.0433    0.0737    0.0001    0.3715    0.2152        0.0769    0.0051 -187.4500
    0.0868    0.3306    0.0718    0.1251    0.0434    0.0733    0.0001    0.3522    0.2186        0.1116    0.0142 -278.0612
    0.0791    0.3468    0.0486    0.1365    0.0396    0.0960    0.0001    0.4187    0.2323        0.1288    0.0151 -288.5289
    0.0794    0.3364    0.0102    0.1191    0.0397    0.0848    0.0001    0.3160    0.3097        0.0705   -0.0144 -309.6865
    0.0809    0.3456    0.0101    0.1519    0.0404    0.0865    0.0001    0.3127    0.3070        0.0860   -0.0130 -325.7000
    0.0851    0.3389    0.1000    0.1503    0.0426    0.0788    0.0001    0.3801    0.2385        0.1153    0.0090 -199.8669
    0.0838    0.3387    0.0679    0.1442    0.0419    0.0789    0.0001    0.3523    0.2232        0.1157    0.0100 -200.8326
    0.0833    0.3417    0.0113    0.1282    0.0417    0.0832    0.0001    0.3485    0.1800        0.1056    0.0133 -275.4939
    0.0828    0.3438    0.0120    0.1314    0.0414    0.0887    0.0001    0.3675    0.1878        0.1043   -0.0097 -278.0352
    0.0782    0.3538    0.0251    0.1439    0.0391    0.1205    0.0001    0.3867    0.2127        0.0888    0.0055 -235.8658
    0.0794    0.3520    0.0246    0.1306    0.0397    0.1177    0.0001    0.3774    0.2337        0.1079    0.0039 -241.4703
    0.0924    0.3263    0.0100    0.1280    0.0462    0.0448    0.0001    0.3086    0.2994        0.0935    0.0028 -301.1584
    0.0833    0.3429    0.0100    0.1357    0.0416    0.0831    0.0001    0.3079    0.3022        0.0863    0.0030 -317.1626
    0.0877    0.3320    0.1311    0.1274    0.0439    0.0676    0.0001    0.3891    0.2239        0.0757    0.0116 -235.0565
    0.0811    0.3400    0.0856    0.1236    0.0406    0.0849    0.0001    0.3553    0.2229        0.0751   -0.0096 -238.8544
    0.0888    0.3269    0.0126    0.1119    0.0444    0.0860    0.0001    0.3796    0.2070        0.1079    0.0089 -249.7270
    0.0813    0.3488    0.0125    0.1467    0.0407    0.0969    0.0001    0.3824    0.1958        0.1094    0.0091 -269.0415
    0.0893    0.3520    0.0100    0.1597    0.0446    0.1022    0.0001    0.3079    0.3018        0.1575    0.0078 -323.2461
    0.0864    0.3521    0.0102    0.1517    0.0432    0.1031    0.0001    0.3161    0.3131        0.1550   -0.0059 -327.1961
    0.0757    0.3512    0.1433    0.1445    0.0379    0.1047    0.0001    0.4576    0.2571        0.1139    0.0077 -248.3283
    0.0760    0.3512    0.1268    0.1464    0.0380    0.1047    0.0001    0.4080    0.2335        0.1191    0.0083 -250.7797
    0.0906    0.3231    0.0124    0.1100    0.0453    0.0988    0.0001    0.3740    0.2060        0.1903    0.0126 -271.7536
    0.0792    0.3493    0.0114    0.1387    0.0396    0.0995    0.0001    0.3512    0.1806        0.1738    0.0123 -301.4279
    0.0805    0.3487    0.0685    0.1406    0.0403    0.0971    0.0001    0.4050    0.2750        0.1347    0.0122 -252.4104
    0.0829    0.3494    0.1139    0.1567    0.0414    0.0967    0.0001    0.4352    0.2874        0.1159    0.0001 -257.0247
    0.0885    0.3442    0.2048    0.1725    0.0442    0.0891    0.0001    0.4679    0.2772        0.0893    0.0089 -202.1652
    0.0883    0.3442    0.1671    0.1735    0.0441    0.0891    0.0001    0.4804    0.2607        0.0872    0.0098 -204.0328
    0.0854    0.3339    0.1298    0.1501    0.0427    0.0644    0.0001    0.3053    0.1704        0.0820    0.0037 -168.4384
    0.0838    0.3378    0.0979    0.1602    0.0419    0.0736    0.0001    0.3872    0.2361        0.0976    0.0036 -185.6350
    0.0850    0.3431    0.0992    0.1280    0.0425    0.0947    0.0001    0.4295    0.2582        0.1040    0.0156 -247.2306
    0.0848    0.3435    0.0866    0.1322    0.0424    0.0943    0.0001    0.4120    0.2417        0.0933    0.0181 -248.3045
    0.0905    0.3354    0.0109    0.1365    0.0452    0.0756    0.0001    0.3261    0.3118        0.1368    0.0105 -247.8387
    0.0868    0.3395    0.0100    0.1377    0.0434    0.0959    0.0001    0.3079    0.3020        0.1523   -0.0140 -282.7792
    0.0800    0.3416    0.0527    0.1360    0.0400    0.0888    0.0001    0.3256    0.2459        0.0864    0.0084 -248.4605
    0.0824    0.3427    0.1169    0.1535    0.0412    0.0897    0.0001    0.3587    0.2963        0.1300   -0.0317 -253.4741
    0.0878    0.3466    0.0460    0.1594    0.0439    0.0929    0.0001    0.3990    0.2449        0.1123    0.0083 -143.8489
    0.0860    0.3471    0.0459    0.1571    0.0430    0.0914    0.0001    0.4034    0.2423        0.0840    0.0085 -146.2369
    0.0777    0.3502    0.0141    0.1398    0.0389    0.1095    0.0001    0.4243    0.2286        0.1222    0.0186 -329.6253
    0.0779    0.3498    0.0128    0.1299    0.0390    0.1085    0.0001    0.3919    0.2023        0.1116    0.0121 -333.3419
    0.0876    0.3259    0.0139    0.1257    0.0438    0.0581    0.0001    0.4330    0.2062        0.1121    0.0156 -203.0933
    0.0906    0.3358    0.0127    0.1429    0.0453    0.0817    0.0001    0.3866    0.1990        0.1085    0.0167 -230.6871
    0.0870    0.3414    0.1089    0.1512    0.0435    0.0818    0.0001    0.3691    0.2196        0.1378    0.0056 -196.3243
    0.0815    0.3440    0.0666    0.1364    0.0407    0.0909    0.0001    0.3640    0.2399        0.0912   -0.0215 -206.1278
    0.0893    0.3380    0.0882    0.1383    0.0446    0.0871    0.0001    0.3694    0.2739        0.0914    0.0040 -165.3588
    0.0904    0.3405    0.1090    0.1526    0.0452    0.0819    0.0001    0.3859    0.2904        0.0966    0.0035 -166.4994
    0.0888    0.3494    0.2138    0.1549    0.0444    0.1077    0.0001    0.5436    0.2059        0.1154    0.0045 -165.6375
    0.0811    0.3468    0.0123    0.1356    0.0405    0.0993    0.0001    0.3757    0.1927        0.1001    0.0087 -268.7487
    0.0955    0.3111    0.0100    0.0977    0.0477    0.0481    0.0001    0.3055    0.1581        0.0858    0.0086 -202.5089
    0.0855    0.3407    0.0113    0.1361    0.0428    0.0851    0.0001    0.3460    0.1788        0.0977    0.0150 -214.1295
    0.0762    0.3555    0.1462    0.1441    0.0381    0.1062    0.0001    0.4419    0.3055        0.0819    0.0104 -317.1240
    0.0744    0.3527    0.1006    0.1344    0.0372    0.1020    0.0001    0.4287    0.2612        0.1094    0.0120 -321.9790
    0.0808    0.3383    0.0123    0.1194    0.0404    0.0856    0.0001    0.3764    0.1920        0.1134   -0.0005 -321.1176
    0.0806    0.3396    0.0115    0.1229    0.0403    0.0868    0.0001    0.3505    0.1800        0.0970   -0.0005 -323.9524
    0.0863    0.3440    0.1081    0.1538    0.0431    0.0897    0.0001    0.4372    0.2580        0.0598    0.0134 -218.8483
    0.0848    0.3404    0.0437    0.1300    0.0424    0.0983    0.0001    0.3851    0.2680        0.0628    0.0149 -224.6970
    0.0885    0.3458    0.1359    0.1637    0.0443    0.0989    0.0001    0.4727    0.2899        0.1395   -0.0029 -222.7973
    0.0827    0.3456    0.0461    0.1463    0.0414    0.0987    0.0001    0.4022    0.2510        0.0938   -0.0025 -227.8677
    0.0807    0.3545    0.0462    0.1418    0.0404    0.1107    0.0001    0.4073    0.3015        0.1016    0.0051 -188.3024
    0.0828    0.3502    0.0472    0.1557    0.0414    0.0980    0.0001    0.4131    0.2561        0.0915    0.0044 -197.1067
    0.0916    0.3456    0.1637    0.1661    0.0458    0.0896    0.0001    0.4581    0.2937        0.1150    0.0020 -161.8303
    0.0854    0.3453    0.0848    0.1463    0.0427    0.0896    0.0001    0.3796    0.2483        0.0792    0.0030 -165.0230
    0.0871    0.3453    0.0423    0.1327    0.0436    0.1003    0.0001    0.3656    0.2492        0.1042    0.0123 -168.9272
    0.0874    0.3456    0.0424    0.1369    0.0437    0.0998    0.0001    0.3670    0.2413        0.0972   -0.0203 -171.9490
    0.0807    0.3519    0.1105    0.1333    0.0404    0.1077    0.0001    0.4186    0.2691        0.1172    0.0166 -272.1881
    0.0782    0.3509    0.0127    0.1153    0.0391    0.1080    0.0001    0.3863    0.2008        0.0635    0.0240 -351.1483
    0.0910    0.3326    0.0125    0.1245    0.0455    0.0760    0.0001    0.3785    0.1982        0.1140   -0.0022 -236.4906
    0.0827    0.3483    0.0123    0.1381    0.0414    0.1020    0.0001    0.3749    0.1935        0.1029   -0.0021 -249.0406
    0.0890    0.3216    0.0100    0.1126    0.0445    0.0557    0.0001    0.3063    0.1607        0.0657    0.0095 -318.6972
    0.0812    0.3426    0.0125    0.1357    0.0406    0.0881    0.0001    0.3825    0.1986        0.1039    0.0104 -335.8607
    0.0779    0.3405    0.0139    0.1247    0.0389    0.0736    0.0001    0.4250    0.2147        0.0884    0.0082 -202.6892
    0.0864    0.3369    0.0124    0.1353    0.0432    0.0811    0.0001    0.3801    0.1939        0.0814    0.0102 -243.8890
    0.0840    0.3307    0.0100    0.0990    0.0420    0.0766    0.0001    0.3089    0.2989        0.1523    0.0153 -334.7432
    0.0808    0.3439    0.0100    0.1341    0.0404    0.0920    0.0001    0.3091    0.3031        0.1489    0.0121 -348.0834
    0.0880    0.3270    0.0846    0.1141    0.0440    0.0612    0.0001    0.3679    0.2004        0.0994    0.0018 -179.4025
    0.0784    0.3476    0.0239    0.1352    0.0392    0.0999    0.0001    0.3740    0.1902        0.0732    0.0020 -208.7790
    0.0898    0.3375    0.0294    0.1346    0.0449    0.0864    0.0001    0.4577    0.2532        0.1283    0.0098 -241.1828
    0.0818    0.3451    0.0269    0.1399    0.0409    0.0921    0.0001    0.4204    0.2231        0.1057    0.0118 -251.7191
    0.0787    0.3511    0.1547    0.1372    0.0393    0.1086    0.0001    0.4346    0.2588        0.1377    0.0129 -186.7611
    0.0799    0.3497    0.0850    0.1452    0.0399    0.1010    0.0001    0.4118    0.1941        0.1107    0.0106 -198.7512
    0.0842    0.3583    0.1282    0.1584    0.0421    0.1188    0.0001    0.4560    0.2994        0.1157    0.0036 -125.3604
    0.0852    0.3583    0.1294    0.1619    0.0426    0.1189    0.0001    0.4387    0.2606        0.0832    0.0042 -129.1556
    0.0789    0.3587    0.0649    0.1413    0.0394    0.1294    0.0001    0.3909    0.2525        0.0883    0.0137 -197.0176
    0.0775    0.3603    0.0434    0.1400    0.0388    0.1202    0.0001    0.3841    0.2293        0.0966    0.0135 -205.3468
    0.0840    0.3400    0.0811    0.1071    0.0420    0.1057    0.0001    0.3759    0.2615        0.0702    0.0103 -244.5000
    0.0852    0.3389    0.0772    0.1185    0.0426    0.0937    0.0001    0.3894    0.2327        0.0982    0.0011 -250.2816
    0.0803    0.3453    0.0127    0.0982    0.0402    0.1235    0.0001    0.3906    0.1929        0.1367    0.0109 -315.8093
    0.0814    0.3426    0.0124    0.1215    0.0407    0.0957    0.0001    0.3804    0.1949        0.1047   -0.0017 -337.3181
    0.0857    0.3520    0.1033    0.1548    0.0429    0.1123    0.0001    0.5160    0.2488        0.0826    0.0063 -188.6974
    0.0855    0.3483    0.0808    0.1599    0.0428    0.0967    0.0001    0.4432    0.2870        0.0753    0.0071 -198.8079
    0.0789    0.3491    0.0137    0.1166    0.0395    0.1092    0.0001    0.4176    0.2210        0.1050    0.0082 -269.5563
    0.0816    0.3425    0.0131    0.1354    0.0408    0.0924    0.0001    0.3996    0.2060        0.0689    0.0083 -282.0412
    0.0815    0.3237    0.0100    0.0898    0.0407    0.0947    0.0001    0.2722    0.2916        0.0943    0.0253 -291.1827
    0.0771    0.3477    0.0101    0.1327    0.0386    0.1003    0.0001    0.3073    0.3024        0.0832    0.0190 -346.5102
    0.0825    0.3414    0.0715    0.1399    0.0412    0.0883    0.0001    0.3694    0.2692        0.0763    0.0008 -205.1054
    0.0820    0.3412    0.0392    0.1388    0.0410    0.0879    0.0001    0.3436    0.2286        0.0913    0.0009 -209.0127
    0.0872    0.3412    0.1318    0.1512    0.0436    0.0830    0.0001    0.4624    0.2517        0.1334    0.0082 -235.9852
    0.0841    0.3409    0.0883    0.1427    0.0420    0.0843    0.0001    0.4268    0.2400        0.0926    0.0128 -238.1803
    0.0741    0.3577    0.0100    0.1128    0.0370    0.1335    0.0001    0.3119    0.3280        0.2724    0.0159 -363.3775
    0.0753    0.3588    0.0100    0.1429    0.0376    0.1133    0.0001    0.3088    0.3056        0.2947    0.0043 -415.4165
    0.0787    0.3500    0.0691    0.1453    0.0394    0.1048    0.0001    0.3885    0.1966        0.0846    0.0096 -222.6894
    0.0797    0.3499    0.0471    0.1429    0.0398    0.1048    0.0001    0.4162    0.2171        0.1002    0.0057 -227.3680
    0.0768    0.3506    0.0138    0.1423    0.0384    0.0985    0.0001    0.4171    0.2225        0.0679    0.0037 -241.8894
    0.0765    0.3519    0.0120    0.1486    0.0382    0.0940    0.0001    0.3648    0.1877        0.0716    0.0034 -255.6517
    0.0972    0.3325    0.0144    0.1403    0.0486    0.0761    0.0001    0.4282    0.2403        0.0759    0.0074 -305.1542
    0.0793    0.3506    0.0144    0.1454    0.0396    0.0987    0.0001    0.4393    0.2252        0.0789    0.0081 -333.8880
    0.0810    0.3469    0.0120    0.1209    0.0405    0.1150    0.0001    0.3681    0.1870        0.0952    0.0001 -250.7197
    0.0834    0.3456    0.0133    0.1388    0.0417    0.0948    0.0001    0.4060    0.2086        0.0747    0.0001 -257.2940
    0.0837    0.3475    0.1045    0.1561    0.0419    0.1000    0.0001    0.4342    0.2623        0.1509    0.0037 -197.5363
    0.0844    0.3477    0.1030    0.1602    0.0422    0.1001    0.0001    0.4380    0.2511        0.1523    0.0042 -198.5934
    0.0851    0.3480    0.0150    0.1511    0.0425    0.1037    0.0001    0.4616    0.2370        0.0991    0.0189 -263.8851
    0.0780    0.3501    0.0133    0.1383    0.0390    0.1082    0.0001    0.4064    0.2080        0.0814    0.0079 -272.8150
    0.0730    0.3587    0.1253    0.1371    0.0365    0.1088    0.0001    0.4886    0.2421        0.1272    0.0155 -229.4484
    0.0783    0.3583    0.0687    0.1477    0.0391    0.1079    0.0001    0.4199    0.2661        0.1092    0.0182 -243.2301
    0.0802    0.3452    0.0562    0.1375    0.0401    0.0938    0.0001    0.3387    0.1447        0.1450    0.0088 -229.4474
    0.0801    0.3453    0.0394    0.1329    0.0401    0.0960    0.0001    0.3549    0.2110        0.1153    0.0013 -240.4990
    0.0855    0.3500    0.1352    0.1512    0.0428    0.1027    0.0001    0.4485    0.2414        0.1529    0.0114 -227.0146
    0.0820    0.3498    0.0831    0.1395    0.0410    0.1030    0.0001    0.4192    0.2404        0.1045    0.0157 -230.5241
    0.0862    0.3407    0.1124    0.1421    0.0431    0.0870    0.0001    0.3679    0.2094        0.1411    0.0031 -179.0257
    0.0830    0.3451    0.0868    0.1425    0.0415    0.0926    0.0001    0.3671    0.2201        0.0970    0.0018 -182.8335
    0.0813    0.3528    0.0270    0.1306    0.0407    0.1129    0.0001    0.4199    0.2409        0.1274   -0.0009 -210.0725
    0.0802    0.3514    0.0243    0.1291    0.0401    0.1089    0.0001    0.3798    0.2070        0.0928   -0.0010 -215.6864
    0.0890    0.3392    0.0231    0.1180    0.0445    0.0907    0.0001    0.3560    0.2190        0.1252    0.0105 -194.9218
    0.0864    0.3451    0.0260    0.1395    0.0432    0.0972    0.0001    0.4011    0.2462        0.0821   -0.0071 -206.9845
    0.0734    0.3492    0.0100    0.1431    0.0367    0.1178    0.0001    0.3019    0.2643        0.1188    0.0069 -292.8959
    0.0737    0.3548    0.0100    0.1320    0.0368    0.1146    0.0001    0.3099    0.3013        0.0867    0.0079 -345.8302
    0.0906    0.3410    0.1114    0.1614    0.0453    0.0901    0.0001    0.3931    0.2547        0.1457    0.0101 -228.8298
    0.0846    0.3368    0.0177    0.1355    0.0423    0.0880    0.0001    0.2882    0.2581        0.1242    0.0165 -248.7030
    0.0813    0.3506    0.0967    0.1474    0.0406    0.1031    0.0001    0.3844    0.3186        0.0974    0.0070 -210.8168
    0.0824    0.3513    0.1080    0.1567    0.0412    0.1041    0.0001    0.3973    0.2993        0.1111    0.0049 -212.7603
    0.0797    0.3423    0.0751    0.1359    0.0399    0.0920    0.0001    0.3838    0.1918        0.1310    0.0176 -241.6964
    0.0788    0.3420    0.0416    0.1314    0.0394    0.0923    0.0001    0.3713    0.2120        0.0979    0.0123 -246.9568
    0.0827    0.3497    0.0923    0.1476    0.0414    0.1069    0.0001    0.3904    0.2168        0.1184    0.0041 -150.7606
    0.0832    0.3503    0.0917    0.1496    0.0416    0.1003    0.0001    0.3841    0.2634        0.0745    0.0047 -156.7683
    0.0792    0.3530    0.0479    0.1463    0.0396    0.1096    0.0001    0.4327    0.2286        0.0898    0.0214 -205.2925
    0.0797    0.3531    0.0475    0.1443    0.0398    0.1073    0.0001    0.4214    0.2327        0.0946    0.0134 -204.2661
    0.0805    0.3490    0.0709    0.1415    0.0402    0.1056    0.0001    0.3841    0.2543        0.1171    0.0054 -225.4216
    0.0810    0.3502    0.0613    0.1447    0.0405    0.0998    0.0001    0.4148    0.2476        0.0819    0.0054 -232.4516
    0.0802    0.3435    0.0461    0.1339    0.0401    0.0939    0.0001    0.4017    0.2858        0.0987    0.0093 -162.4220
    0.0796    0.3484    0.0467    0.1527    0.0398    0.1022    0.0001    0.3862    0.2315        0.1050    0.0099 -176.2403
    0.0863    0.3347    0.0149    0.1439    0.0431    0.0704    0.0001    0.2381    0.2245        0.0804    0.0002 -180.3765
    0.0837    0.3412    0.0185    0.1423    0.0418    0.0851    0.0001    0.2970    0.2785        0.0851    0.0002 -191.9083
    0.0838    0.3512    0.0880    0.1465    0.0419    0.0968    0.0001    0.3960    0.2362        0.1181    0.0049 -196.1923
    0.0835    0.3525    0.0921    0.1534    0.0417    0.0975    0.0001    0.4049    0.2677        0.0877    0.0052 -198.9350
    0.0915    0.3206    0.0894    0.1041    0.0458    0.0560    0.0001    0.3730    0.2384        0.1302    0.0111 -278.1805
    0.0814    0.3426    0.0464    0.1343    0.0407    0.0832    0.0001    0.4042    0.2361        0.1012    0.0127 -294.1908
    0.0829    0.3402    0.0100    0.1286    0.0414    0.0851    0.0001    0.3081    0.3031        0.0525   -0.0088 -318.6709
    0.0797    0.3479    0.0102    0.1428    0.0398    0.0906    0.0001    0.3134    0.3074        0.0869   -0.0158 -326.0433
    0.0731    0.3463    0.0431    0.1328    0.0365    0.0957    0.0001    0.3310    0.1987        0.1000    0.0270 -226.0559
    0.0757    0.3462    0.0471    0.1373    0.0379    0.0954    0.0001    0.4192    0.2111        0.0566    0.0228 -236.9645
    0.0834    0.3483    0.0269    0.1420    0.0417    0.0954    0.0001    0.4211    0.2168        0.1010    0.0273 -227.5690
    0.0811    0.3481    0.0252    0.1384    0.0405    0.0955    0.0001    0.3941    0.2100        0.0972    0.0229 -228.8071
