    0.0828    0.3323    0.0826    0.1019    0.0414    0.0803    0.0001    0.3075    0.1849        0.0850   -0.0006 -221.6023
    0.0806    0.3436    0.1279    0.1260    0.0403    0.0975    0.0001    0.3501    0.2148        0.0696   -0.0002 -226.9137
    0.0873    0.3417    0.1782    0.1537    0.0436    0.0823    0.0001    0.3523    0.2587        0.1076    0.0162 -182.7193
    0.0850    0.3416    0.1493    0.1464    0.0425    0.0823    0.0001    0.3634    0.2332        0.1049    0.0159 -184.0833
    0.0976    0.3465    0.2993    0.1858    0.0488    0.0965    0.0001    0.4199    0.2744        0.0928    0.0114 -121.6687
    0.0847    0.3457    0.1408    0.1408    0.0423    0.0964    0.0001    0.3130    0.2326        0.1233    0.0095 -134.5892
    0.0958    0.3509    0.2852    0.1784    0.0479    0.1036    0.0001    0.4618    0.3486        0.1500   -0.0123 -159.7169
    0.0845    0.3510    0.1349    0.1493    0.0422    0.1044    0.0001    0.3566    0.2803        0.1113    0.0243 -168.0914
    0.0903    0.3413    0.2996    0.1661    0.0451    0.0898    0.0001    0.3755    0.3173        0.1704    0.0112 -224.1369
    0.0790    0.3408    0.1336    0.1318    0.0395    0.0898    0.0001    0.3251    0.2482        0.1108    0.0176 -232.3379
    0.0861    0.3426    0.3000    0.1610    0.0431    0.0873    0.0001    0.4415    0.2242        0.1337    0.0069 -283.7324
    0.0772    0.3424    0.1604    0.1346    0.0386    0.0878    0.0001    0.4010    0.2607        0.0749    0.0103 -297.0287
    0.0852    0.3522    0.2561    0.1405    0.0426    0.1062    0.0001    0.4588    0.3138        0.1553    0.0084 -257.4433
    0.0794    0.3529    0.1788    0.1376    0.0397    0.1058    0.0001    0.3868    0.2527        0.1371    0.0063 -261.6078
    0.0799    0.3521    0.1804    0.1416    0.0400    0.1049    0.0001    0.3125    0.0955        0.1370    0.0074 -117.7769
    0.0761    0.3522    0.0603    0.1339    0.0380    0.1052    0.0001    0.3252    0.1638        0.0704    0.0073 -139.2346
    0.0902    0.3478    0.3000    0.1726    0.0451    0.1002    0.0001    0.4180    0.2968        0.1332    0.0115 -227.6626
    0.0791    0.3476    0.1567    0.1443    0.0395    0.1003    0.0001    0.4037    0.2346        0.1018    0.0090 -236.9543
    0.0825    0.3506    0.1813    0.1501    0.0413    0.1078    0.0001    0.4209    0.2507        0.1373    0.0148 -221.1869
    0.0849    0.3507    0.1966    0.1568    0.0425    0.1078    0.0001    0.4489    0.2869        0.1408    0.0157 -221.9629
    0.0848    0.3435    0.1558    0.1560    0.0424    0.0914    0.0001    0.4273    0.2490        0.1074    0.0082 -174.5045
    0.0881    0.3436    0.1825    0.1647    0.0440    0.0913    0.0001    0.4514    0.2601        0.1203    0.0080 -175.0050
    0.0942    0.3202    0.1388    0.1144    0.0471    0.0587    0.0001    0.3202    0.2132        0.0971    0.0136 -135.7356
    0.0910    0.3366    0.1794    0.1506    0.0455    0.0741    0.0001    0.3679    0.2358        0.1138    0.0224 -140.0234
    0.0723    0.3479    0.1768    0.1323    0.0362    0.1032    0.0001    0.3736    0.2226        0.0791    0.0107 -288.7738
    0.0720    0.3478    0.1607    0.1301    0.0360    0.1032    0.0001    0.3574    0.2657        0.0613    0.0091 -291.0249
    0.0818    0.3500    0.2499    0.1552    0.0409    0.0944    0.0001    0.4846    0.3373        0.0507    0.0003 -316.7112
    0.0762    0.3499    0.1449    0.1416    0.0381    0.0946    0.0001    0.4732    0.2583        0.1039    0.0002 -325.5801
    0.0966    0.3365    0.2010    0.1631    0.0483    0.0767    0.0001    0.3755    0.2898        0.1155    0.0080 -138.6674
    0.0892    0.3381    0.1335    0.1417    0.0446    0.0829    0.0001    0.3487    0.2378        0.0933   -0.0001 -142.3576
    0.0791    0.3517    0.1126    0.1395    0.0395    0.1049    0.0001    0.4017    0.2245        0.1234    0.0147 -217.6307
    0.0789    0.3518    0.0948    0.1409    0.0395    0.1048    0.0001    0.3862    0.2444        0.0645    0.0242 -223.4567
    0.0931    0.3442    0.3000    0.1761    0.0466    0.0893    0.0001    0.4548    0.3131        0.1294    0.0094 -162.2757
    0.0791    0.3445    0.1159    0.1465    0.0395    0.0890    0.0001    0.3218    0.2129        0.0896    0.0082 -176.0796
    0.0872    0.3484    0.1962    0.1644    0.0436    0.0952    0.0001    0.3948    0.1940        0.1372    0.0084 -149.3151
    0.0846    0.3480    0.1489    0.1502    0.0423    0.0954    0.0001    0.3832    0.2177        0.1309    0.0088 -152.7654
    0.0791    0.3497    0.1098    0.1276    0.0396    0.1079    0.0001    0.3917    0.2371        0.0939    0.0018 -245.1901
    0.0784    0.3516    0.1194    0.1392    0.0392    0.0996    0.0001    0.4122    0.2297        0.0976    0.0017 -248.2166
    0.0890    0.3499    0.2995    0.1715    0.0445    0.0950    0.0001    0.4253    0.3242        0.1549    0.0126 -244.9320
    0.0887    0.3435    0.2548    0.1673    0.0444    0.0949    0.0001    0.4566    0.3541        0.1763    0.0144 -243.9434
    0.0823    0.3433    0.1938    0.1369    0.0412    0.0905    0.0001    0.4230    0.1692        0.1434    0.0108 -207.0529
    0.0774    0.3426    0.0677    0.1252    0.0387    0.0920    0.0001    0.3257    0.1820        0.0690    0.0028 -215.4829
    0.0895    0.3488    0.2987    0.1645    0.0448    0.1111    0.0001    0.5047    0.2907        0.0887    0.0092 -225.9598
    0.0821    0.3522    0.2205    0.1567    0.0411    0.0994    0.0001    0.5212    0.3305        0.0986    0.0097 -245.2567
    0.0849    0.3483    0.1412    0.1535    0.0424    0.0981    0.0001    0.4552    0.2534        0.1186   -0.0012 -217.1962
    0.0846    0.3482    0.1308    0.1514    0.0423    0.0980    0.0001    0.4400    0.2434        0.1166   -0.0013 -217.3248
    0.0828    0.3399    0.1255    0.1291    0.0414    0.0830    0.0001    0.3307    0.1973        0.1006    0.0209 -156.0912
    0.0831    0.3500    0.1737    0.1586    0.0415    0.0988    0.0001    0.4066    0.2597        0.0911   -0.0024 -170.4227
    0.0919    0.3533    0.2625    0.1712    0.0460    0.1115    0.0001    0.4435    0.2851        0.1209    0.0134 -110.2615
    0.0823    0.3523    0.1334    0.1446    0.0412    0.1100    0.0001    0.3284    0.2282        0.1031    0.0153 -116.3881
    0.0753    0.3492    0.1383    0.1328    0.0377    0.1018    0.0001    0.3908    0.1748        0.1190    0.0082 -272.9056
    0.0758    0.3487    0.1388    0.1322    0.0379    0.0999    0.0001    0.3889    0.1872        0.1235    0.0075 -273.1145
    0.0826    0.3490    0.1120    0.1403    0.0413    0.0974    0.0001    0.3730    0.1985        0.0932   -0.0016 -173.6090
    0.0848    0.3492    0.1410    0.1480    0.0424    0.0971    0.0001    0.4047    0.2417        0.0780   -0.0018 -175.5490
    0.0759    0.3476    0.1197    0.1287    0.0379    0.0986    0.0001    0.3325    0.2439        0.1090    0.0102 -230.0634
    0.0797    0.3478    0.1641    0.1425    0.0398    0.0984    0.0001    0.4109    0.2336        0.0952    0.0065 -234.7538
    0.0872    0.3427    0.2261    0.1498    0.0436    0.0916    0.0001    0.4218    0.2495        0.0861    0.0164 -197.9681
    0.0825    0.3425    0.1564    0.1361    0.0413    0.0920    0.0001    0.3706    0.2122        0.0860    0.0256 -199.6259
    0.0842    0.3518    0.2992    0.1559    0.0421    0.1082    0.0001    0.4964    0.3008        0.1024    0.0137 -268.9016
    0.0776    0.3490    0.1772    0.1473    0.0388    0.0993    0.0001    0.4269    0.2865        0.0963    0.0230 -282.0241
    0.0881    0.3442    0.2801    0.1589    0.0441    0.0939    0.0001    0.4365    0.3322        0.1160    0.0072 -228.5251
    0.0793    0.3442    0.1468    0.1426    0.0396    0.0950    0.0001    0.3799    0.2511        0.1124    0.0149 -237.4886
    0.0845    0.3483    0.1528    0.1375    0.0422    0.1059    0.0001    0.4296    0.2366        0.0986    0.0106 -210.4144
    0.0852    0.3459    0.1504    0.1372    0.0426    0.0991    0.0001    0.4170    0.2216        0.1092    0.0100 -211.4636
    0.0772    0.3484    0.0107    0.1385    0.0386    0.0910    0.0001    0.3011    0.1957        0.1064    0.0114 -308.2447
    0.0770    0.3446    0.0111    0.1078    0.0385    0.0991    0.0001    0.3399    0.1745        0.0969    0.0120 -363.2604
    0.0821    0.3357    0.0938    0.1063    0.0410    0.0856    0.0001    0.3101    0.1771        0.0827   -0.0007 -191.4828
    0.0780    0.3471    0.1022    0.1353    0.0390    0.0867    0.0001    0.3783    0.1915        0.0366   -0.0007 -201.6020
    0.0785    0.3478    0.1237    0.1358    0.0392    0.1057    0.0001    0.3562    0.2387        0.0982    0.0036 -227.5352
    0.0822    0.3475    0.1762    0.1442    0.0411    0.1026    0.0001    0.3873    0.2753        0.1163    0.0032 -229.3403
    0.0858    0.3263    0.1124    0.0959    0.0429    0.0754    0.0001    0.3270    0.1887        0.0603    0.0212 -167.3202
    0.0882    0.3412    0.2083    0.1461    0.0441    0.0838    0.0001    0.4104    0.2444        0.0728    0.0148 -174.8140
    0.0825    0.3415    0.0786    0.1369    0.0413    0.0945    0.0001    0.3964    0.2301        0.0801    0.0150 -221.5994
    0.0846    0.3410    0.1324    0.1442    0.0423    0.0936    0.0001    0.4227    0.2645        0.0941   -0.0171 -226.2530
    0.0852    0.3391    0.2270    0.1440    0.0426    0.0836    0.0001    0.4568    0.2600        0.0972    0.0125 -232.0500
    0.0798    0.3389    0.1359    0.1275    0.0399    0.0839    0.0001    0.3594    0.1984        0.0936   -0.0050 -235.2705
    0.0819    0.3397    0.0906    0.1211    0.0409    0.0868    0.0001    0.3118    0.1866        0.1194   -0.0013 -180.4848
    0.0833    0.3472    0.1594    0.1452    0.0416    0.0984    0.0001    0.3765    0.2298        0.1500   -0.0020 -185.6392
    0.0748    0.3571    0.1069    0.1330    0.0374    0.1193    0.0001    0.3806    0.2042        0.1130    0.0019 -243.0838
    0.0798    0.3573    0.1736    0.1465    0.0399    0.1193    0.0001    0.4598    0.2863        0.1267    0.0013 -246.9465
    0.0811    0.3403    0.0657    0.1260    0.0405    0.0887    0.0001    0.3387    0.1953        0.0709    0.0183 -234.5981
    0.0818    0.3406    0.0931    0.1304    0.0409    0.0889    0.0001    0.3648    0.2313        0.0691    0.0164 -235.9156
    0.0832    0.3462    0.1087    0.1271    0.0416    0.0963    0.0001    0.4148    0.2226        0.0925   -0.0242 -248.8089
    0.0834    0.3445    0.1454    0.1324    0.0417    0.0962    0.0001    0.4070    0.2402        0.1110   -0.0340 -248.1858
    0.0815    0.3453    0.1918    0.1390    0.0407    0.0909    0.0001    0.4393    0.2537        0.0889    0.0113 -264.7241
    0.0791    0.3446    0.1520    0.1293    0.0395    0.0930    0.0001    0.3982    0.2173        0.0874    0.0116 -265.7092
    0.0889    0.3485    0.2670    0.1694    0.0444    0.1027    0.0001    0.4767    0.2830        0.1428    0.0059 -264.2876
    0.0779    0.3482    0.1525    0.1384    0.0389    0.1024    0.0001    0.4014    0.2323        0.1215    0.0016 -269.8885
    0.0839    0.3427    0.1074    0.1199    0.0419    0.0960    0.0001    0.3437    0.1926        0.0839    0.0071 -195.5815
    0.0852    0.3492    0.1541    0.1407    0.0426    0.1050    0.0001    0.4073    0.2608        0.0960    0.0052 -199.9637
    0.0900    0.3474    0.2977    0.1758    0.0450    0.0967    0.0001    0.3627    0.2792        0.1417    0.0165 -183.6693
    0.0813    0.3474    0.1788    0.1571    0.0407    0.0966    0.0001    0.4278    0.2638        0.1116    0.0233 -197.3221
    0.0813    0.3474    0.2189    0.1489    0.0406    0.1007    0.0001    0.4130    0.2939        0.1232    0.0130 -262.7558
    0.0747    0.3473    0.1300    0.1301    0.0374    0.1006    0.0001    0.3428    0.2510        0.0871    0.0150 -265.7258
    0.0794    0.3424    0.1249    0.1260    0.0397    0.0929    0.0001    0.3715    0.2036        0.1556    0.0111 -261.3456
    0.0767    0.3416    0.0392    0.1124    0.0384    0.0927    0.0001    0.3439    0.1805        0.1069    0.0142 -264.7355
    0.0797    0.3538    0.1935    0.1489    0.0399    0.1160    0.0001    0.4011    0.2407        0.0962    0.0049 -223.0898
    0.0743    0.3535    0.1017    0.1271    0.0372    0.1089    0.0001    0.3483    0.1841        0.1024    0.0026 -229.4946
    0.0827    0.3499    0.2580    0.1566    0.0414    0.1204    0.0001    0.4010    0.3373        0.1109    0.0122 -212.1297
    0.0776    0.3577    0.1600    0.1459    0.0388    0.1197    0.0001    0.4448    0.3067        0.0704    0.0069 -222.8947
    0.0836    0.3461    0.2899    0.1506    0.0418    0.0975    0.0001    0.4283    0.2888        0.1801    0.0108 -281.1862
    0.0745    0.3474    0.1501    0.1289    0.0373    0.1010    0.0001    0.3306    0.2476        0.1044    0.0050 -286.6312
    0.0821    0.3390    0.0994    0.1164    0.0410    0.0898    0.0001    0.2972    0.1582        0.0429   -0.0049 -179.9784
    0.0828    0.3450    0.1236    0.1416    0.0414    0.0979    0.0001    0.3723    0.2191        0.1004   -0.0033 -189.8978
    0.0788    0.3470    0.2194    0.1200    0.0394    0.0976    0.0001    0.4030    0.2281        0.1243    0.0135 -328.8137
    0.0807    0.3487    0.2232    0.1452    0.0403    0.0896    0.0001    0.4764    0.3295        0.1152   -0.0032 -341.4301
    0.0848    0.3480    0.2341    0.1510    0.0424    0.0999    0.0001    0.4059    0.2106        0.1289    0.0141 -243.0717
    0.0782    0.3475    0.1592    0.1298    0.0391    0.1000    0.0001    0.3769    0.2226        0.0895    0.0045 -248.3536
    0.0850    0.3454    0.1870    0.1497    0.0425    0.0911    0.0001    0.4595    0.2810        0.1013    0.0101 -209.1720
    0.0810    0.3452    0.1222    0.1382    0.0405    0.0912    0.0001    0.3953    0.2135        0.0939    0.0000 -212.1769
    0.0786    0.3470    0.1486    0.1352    0.0393    0.0997    0.0001    0.3587    0.1455        0.1506    0.0141 -166.3734
    0.0793    0.3482    0.1110    0.1441    0.0397    0.1016    0.0001    0.3270    0.2315        0.1205    0.0217 -180.8619
    0.0767    0.3503    0.1229    0.1342    0.0383    0.1088    0.0001    0.4342    0.2067        0.1106    0.0135 -239.4239
    0.0755    0.3503    0.0981    0.1310    0.0377    0.1088    0.0001    0.3805    0.2125        0.1138   -0.0199 -242.4342
    0.0828    0.3423    0.1010    0.1283    0.0414    0.0909    0.0001    0.3561    0.2033        0.0782    0.0070 -196.2794
    0.0839    0.3438    0.1402    0.1374    0.0419    0.0889    0.0001    0.3937    0.2261        0.1191   -0.0087 -198.5377
    0.0801    0.3380    0.0675    0.1236    0.0401    0.0771    0.0001    0.3242    0.1798        0.0877    0.0074 -197.1471
    0.0816    0.3386    0.1051    0.1334    0.0408    0.0768    0.0001    0.3483    0.1839        0.0935   -0.0021 -198.2289
    0.0803    0.3501    0.1626    0.1492    0.0401    0.1047    0.0001    0.4708    0.2833        0.1114    0.0117 -273.4551
    0.0794    0.3501    0.1628    0.1472    0.0397    0.1049    0.0001    0.4445    0.2873        0.1247    0.0120 -274.2060
    0.0803    0.3471    0.1247    0.1236    0.0402    0.1038    0.0001    0.3779    0.1844        0.0960    0.0029 -233.6218
    0.0809    0.3474    0.1374    0.1268    0.0405    0.1032    0.0001    0.3932    0.2001        0.0860    0.0026 -234.0381
    0.0822    0.3490    0.1867    0.1482    0.0411    0.1043    0.0001    0.3933    0.3045        0.0641   -0.0011 -203.7923
    0.0818    0.3507    0.1712    0.1531    0.0409    0.1017    0.0001    0.3812    0.3116        0.1100   -0.0009 -209.0340
    0.0978    0.3515    0.2912    0.1854    0.0489    0.1034    0.0001    0.4968    0.2924        0.1094    0.0063  -77.9428
    0.0889    0.3515    0.1844    0.1672    0.0444    0.1034    0.0001    0.4160    0.2458        0.1065    0.0092  -82.5559
    0.0813    0.3501    0.2800    0.1494    0.0407    0.1118    0.0001    0.4201    0.2129        0.1310    0.0091 -240.4169
    0.0738    0.3510    0.1234    0.1328    0.0369    0.1055    0.0001    0.3548    0.2545        0.0967    0.0093 -259.9758
    0.0969    0.3428    0.2743    0.1787    0.0485    0.0904    0.0001    0.4435    0.2735        0.0614    0.0070 -114.3073
    0.0869    0.3424    0.1623    0.1478    0.0434    0.0912    0.0001    0.3600    0.2217        0.0702    0.0086 -119.1686
    0.0768    0.3541    0.1055    0.1294    0.0384    0.1126    0.0001    0.3446    0.1697        0.1282    0.0086 -173.6940
    0.0802    0.3476    0.0951    0.1345    0.0401    0.0978    0.0001    0.3411    0.2078        0.0963    0.0076 -179.9925
    0.0844    0.3468    0.2385    0.1568    0.0422    0.0951    0.0001    0.4548    0.2538        0.1583    0.0130 -202.7247
    0.0758    0.3467    0.1098    0.1361    0.0379    0.0953    0.0001    0.3420    0.1946        0.1026    0.0087 -210.2118
    0.0785    0.3405    0.1231    0.1240    0.0392    0.0867    0.0001    0.3871    0.1827        0.0571    0.0100 -219.2113
    0.0821    0.3413    0.1878    0.1451    0.0411    0.0849    0.0001    0.4291    0.2124        0.0786   -0.0049 -220.9313
    0.0927    0.3450    0.2255    0.1644    0.0463    0.0882    0.0001    0.4034    0.3041        0.1202    0.0123 -135.0162
    0.0889    0.3449    0.1877    0.1558    0.0444    0.0882    0.0001    0.3846    0.2770        0.0894    0.0105 -136.0625
    0.0906    0.3173    0.0856    0.1027    0.0453    0.0479    0.0001    0.2862    0.1836        0.0885    0.0085 -190.7679
    0.0865    0.3282    0.0724    0.1149    0.0433    0.0660    0.0001    0.3040    0.2042        0.0542   -0.0144 -195.8987
    0.0823    0.3443    0.1382    0.1360    0.0411    0.0932    0.0001    0.3613    0.2331        0.1280    0.0096 -234.6811
    0.0817    0.3441    0.1300    0.1313    0.0409    0.0935    0.0001    0.3638    0.2505        0.1120   -0.0039 -235.8626
    0.0851    0.3448    0.0992    0.1234    0.0425    0.0981    0.0001    0.3610    0.2056        0.1021    0.0020 -159.6941
    0.0881    0.3468    0.1437    0.1391    0.0440    0.0982    0.0001    0.3970    0.2402        0.1165    0.0019 -160.8515
    0.0713    0.3594    0.1744    0.1257    0.0357    0.1224    0.0001    0.4199    0.1784        0.1041    0.0109 -252.8801
    0.0723    0.3595    0.1365    0.1314    0.0361    0.1223    0.0001    0.3858    0.2222        0.1042    0.0129 -258.2930
    0.0774    0.3484    0.0801    0.1089    0.0387    0.1070    0.0001    0.3213    0.2174        0.1279    0.0087 -251.0145
    0.0780    0.3497    0.0899    0.1198    0.0390    0.1062    0.0001    0.3474    0.2258        0.0965    0.0062 -253.9824
    0.0857    0.3506    0.1917    0.1484    0.0428    0.1045    0.0001    0.4701    0.2954        0.1294    0.0018 -231.2288
    0.0816    0.3504    0.1361    0.1372    0.0408    0.1043    0.0001    0.4112    0.2447        0.1091    0.0023 -232.7641
    0.0801    0.3435    0.0787    0.1438    0.0400    0.0857    0.0001    0.3203    0.2761        0.0797    0.0076 -194.2126
    0.0793    0.3440    0.0595    0.1442    0.0396    0.0871    0.0001    0.3267    0.2523        0.0753    0.0084 -195.6992
    0.0785    0.3487    0.1684    0.1350    0.0392    0.0969    0.0001    0.3385    0.2683        0.0750    0.0030 -243.5824
    0.0794    0.3490    0.1506    0.1380    0.0397    0.0972    0.0001    0.3548    0.2521        0.1161    0.0028 -246.5785
    0.0805    0.3454    0.1345    0.1362    0.0402    0.1060    0.0001    0.3242    0.2279        0.0718    0.0197 -156.6946
    0.0802    0.3473    0.1353    0.1440    0.0401    0.0982    0.0001    0.3280    0.2375        0.0923    0.0196 -160.6523
    0.0777    0.3428    0.0100    0.1231    0.0388    0.0837    0.0001    0.3084    0.1618        0.0853    0.0105 -337.5608
    0.0793    0.3430    0.0124    0.1273    0.0396    0.0841    0.0001    0.3801    0.1957        0.1032   -0.0001 -345.1745
    0.0843    0.3374    0.1371    0.1385    0.0422    0.0825    0.0001    0.3638    0.2701        0.1184    0.0125 -215.6082
    0.0831    0.3377    0.1212    0.1361    0.0415    0.0836    0.0001    0.3597    0.2281        0.1082    0.0183 -217.1210
    0.0836    0.3281    0.0943    0.1105    0.0418    0.0711    0.0001    0.2900    0.1906        0.0773    0.0057 -191.2413
    0.0853    0.3390    0.1858    0.1426    0.0426    0.0830    0.0001    0.3806    0.2560        0.1037    0.0185 -196.6150
    0.0869    0.3441    0.2939    0.1595    0.0435    0.0918    0.0001    0.4693    0.3544        0.1454    0.0080 -227.1683
    0.0796    0.3439    0.1783    0.1431    0.0398    0.0916    0.0001    0.3821    0.2562        0.0668    0.0092 -233.5685
    0.0824    0.3493    0.2854    0.1392    0.0412    0.1095    0.0001    0.4504    0.2585        0.0945    0.0147 -275.3914
    0.0736    0.3490    0.1026    0.1187    0.0368    0.1085    0.0001    0.3623    0.2007        0.1020    0.0132 -285.9822
    0.0811    0.3372    0.1387    0.1086    0.0405    0.0985    0.0001    0.3387    0.1898        0.1256    0.0146 -248.6622
    0.0812    0.3461    0.1937    0.1366    0.0406    0.1005    0.0001    0.4309    0.2532        0.1072    0.0037 -256.5746
    0.0828    0.3390    0.0857    0.1179    0.0414    0.0887    0.0001    0.3328    0.2270        0.0632    0.0076 -220.2000
    0.0842    0.3401    0.1166    0.1271    0.0421    0.0896    0.0001    0.3620    0.2458        0.0727    0.0049 -220.8937
    0.0796    0.3459    0.0909    0.1206    0.0398    0.0982    0.0001    0.3432    0.2098        0.0711    0.0096 -208.8009
    0.0824    0.3464    0.1397    0.1347    0.0412    0.0962    0.0001    0.3738    0.2622        0.0866   -0.0012 -211.2041
    0.0878    0.3320    0.1084    0.1210    0.0439    0.0751    0.0001    0.2864    0.2106        0.0913    0.0090 -133.8444
    0.0833    0.3465    0.1272    0.1413    0.0416    0.0932    0.0001    0.3380    0.2235        0.0827    0.0094 -138.4765
    0.0816    0.3512    0.2393    0.1544    0.0408    0.1028    0.0001    0.5240    0.1940        0.0838    0.0142 -244.8106
    0.0793    0.3512    0.1670    0.1489    0.0396    0.1028    0.0001    0.4564    0.2268        0.1148    0.0166 -250.9064
    0.0856    0.3451    0.2048    0.1413    0.0428    0.0931    0.0001    0.3774    0.2250        0.1272    0.0141 -215.3878
    0.0787    0.3493    0.1264    0.1442    0.0394    0.1001    0.0001    0.3988    0.2268        0.1033    0.0143 -225.2692
    0.0802    0.3445    0.1219    0.1298    0.0401    0.0965    0.0001    0.3901    0.2318        0.1043    0.0114 -235.2449
    0.0796    0.3426    0.0763    0.1256    0.0398    0.0926    0.0001    0.3435    0.2241        0.0734    0.0109 -237.6320
    0.0856    0.3465    0.1999    0.1591    0.0428    0.0936    0.0001    0.3754    0.3176        0.0057    0.0033 -177.2334
    0.0814    0.3465    0.1279    0.1502    0.0407    0.0935    0.0001    0.3577    0.2816        0.0085    0.0016 -180.4097
    0.0781    0.3468    0.2142    0.1238    0.0391    0.1137    0.0001    0.3741    0.2464        0.0950    0.0105 -233.3741
    0.0767    0.3443    0.0638    0.1161    0.0384    0.1007    0.0001    0.3365    0.1747        0.0758   -0.0152 -245.1665
    0.0870    0.3475    0.2724    0.1588    0.0435    0.0954    0.0001    0.4355    0.2655        0.0888    0.0196 -187.3185
    0.0807    0.3474    0.1701    0.1439    0.0403    0.0953    0.0001    0.3579    0.2239        0.1243    0.0236 -192.6011
    0.0822    0.3430    0.1436    0.1294    0.0411    0.0967    0.0001    0.3465    0.2252        0.0901    0.0085 -213.2964
    0.0822    0.3395    0.1184    0.1232    0.0411    0.0888    0.0001    0.3237    0.2090        0.0776   -0.0372 -216.4967
    0.0901    0.3413    0.2529    0.1603    0.0451    0.0880    0.0001    0.4207    0.2797        0.0404    0.0115 -185.6918
    0.0794    0.3407    0.0713    0.1271    0.0397    0.0884    0.0001    0.3366    0.1917        0.0481    0.0000 -195.7338
    0.0874    0.3436    0.1838    0.1357    0.0437    0.0934    0.0001    0.4415    0.2429        0.1259    0.0152 -228.8853
    0.0838    0.3433    0.1277    0.1248    0.0419    0.0939    0.0001    0.3954    0.2153        0.0937    0.0159 -229.9724
    0.0820    0.3446    0.1272    0.1443    0.0410    0.0873    0.0001    0.3229    0.1918        0.1271    0.0040 -169.5402
    0.0830    0.3451    0.1560    0.1549    0.0415    0.0870    0.0001    0.3805    0.2307        0.0865    0.0011 -174.7196
    0.0835    0.3447    0.1502    0.1302    0.0418    0.0897    0.0001    0.4152    0.2248        0.0896    0.0114 -243.0975
    0.0843    0.3452    0.1610    0.1352    0.0421    0.0888    0.0001    0.4287    0.2310        0.0956   -0.0020 -243.4524
    0.0955    0.3440    0.2154    0.1551    0.0478    0.0986    0.0001    0.4111    0.1790        0.0705    0.0109  -79.8240
    0.0915    0.3439    0.1593    0.1425    0.0457    0.0982    0.0001    0.3881    0.2016        0.0956    0.0037  -84.9368
