    0.0736    0.3677    0.1249    0.0671    0.0368    0.1139    0.0001    0.4903    0.2653        0.1076    0.0003 -586.1187
    0.0769    0.3566    0.1056    0.0371    0.0384    0.1034    0.0001    0.4254    0.2449        0.1232    0.0002 -588.6446
    0.0820    0.3367    0.0100    0.0015    0.0410    0.0965    0.0001    0.3104    0.1414        0.0775    0.0133 -660.3265
    0.0786    0.3520    0.0149    0.0035    0.0393    0.1074    0.0001    0.4553    0.2321        0.1308   -0.0080 -703.9539
    0.0786    0.3744    0.2387    0.1164    0.0393    0.1096    0.0001    0.6050    0.1916        0.1396    0.0037 -524.3047
    0.0764    0.3621    0.0969    0.0533    0.0382    0.1076    0.0001    0.4906    0.2558        0.1037    0.0049 -550.4482
    0.0796    0.3703    0.1321    0.0821    0.0398    0.1370    0.0001    0.5442    0.2903        0.1017    0.0182 -554.6443
    0.0825    0.3613    0.2005    0.0476    0.0413    0.1287    0.0001    0.5251    0.3250        0.1685   -0.0211 -571.2422
    0.0816    0.3659    0.2845    0.0592    0.0408    0.1474    0.0001    0.5342    0.2790        0.0606    0.0110 -548.3987
    0.0776    0.3553    0.0525    0.0362    0.0388    0.1188    0.0001    0.4606    0.2628        0.0902    0.0155 -581.9310
    0.0689    0.3765    0.0270    0.1058    0.0345    0.1126    0.0001    0.4214    0.1982        0.1001   -0.0093 -533.3770
    0.0763    0.3525    0.0237    0.0058    0.0381    0.1038    0.0001    0.3671    0.2158        0.0621   -0.0095 -564.7847
    0.0873    0.3660    0.2814    0.1096    0.0436    0.1061    0.0001    0.6223    0.1894        0.0836   -0.0009 -522.0890
    0.0807    0.3532    0.1117    0.0054    0.0404    0.1089    0.0001    0.4378    0.2552        0.1168   -0.0014 -566.8331
    0.0773    0.3638    0.1236    0.0745    0.0386    0.1138    0.0001    0.4877    0.3070        0.0842    0.0055 -552.0802
    0.0794    0.3472    0.0131    0.0204    0.0397    0.1078    0.0001    0.3978    0.2068        0.1110   -0.0034 -636.1051
    0.0800    0.3600    0.1433    0.1021    0.0400    0.0980    0.0001    0.4250    0.1972        0.0722   -0.0013 -503.3843
    0.0796    0.3485    0.0759    0.0036    0.0398    0.0985    0.0001    0.3885    0.2390        0.0542   -0.0022 -535.4285
    0.0700    0.3682    0.0283    0.0694    0.0350    0.1207    0.0001    0.4046    0.0965        0.0045    0.0074 -562.9783
    0.0772    0.3536    0.0275    0.0002    0.0386    0.1092    0.0001    0.4281    0.2389        0.0533   -0.0513 -623.4492
    0.0798    0.3633    0.1767    0.0611    0.0399    0.1142    0.0001    0.5147    0.3431        0.0372    0.0018 -563.8233
    0.0738    0.3666    0.0152    0.0334    0.0369    0.1304    0.0001    0.4642    0.2403        0.0652    0.0026 -652.6699
    0.0809    0.3520    0.1259    0.0177    0.0405    0.1061    0.0001    0.4009    0.2619        0.0918    0.0035 -532.9793
    0.0799    0.3506    0.0764    0.0226    0.0400    0.1016    0.0001    0.3731    0.2563        0.0804    0.0123 -534.0944
    0.0848    0.3574    0.2937    0.0320    0.0424    0.1323    0.0001    0.5125    0.2963        0.0922    0.0011 -565.8441
    0.0781    0.3486    0.0731    0.0144    0.0391    0.1137    0.0001    0.3939    0.2259        0.0942    0.0011 -583.0268
    0.0790    0.3510    0.0122    0.0481    0.0395    0.1199    0.0001    0.3583    0.2035        0.0848    0.0069 -596.4071
    0.0779    0.3517    0.0127    0.0264    0.0389    0.1099    0.0001    0.3875    0.2004        0.1037    0.0065 -610.6502
    0.0842    0.3566    0.2131    0.0357    0.0421    0.1132    0.0001    0.5100    0.3598        0.0738    0.0090 -573.0113
    0.0801    0.3490    0.0467    0.0151    0.0401    0.1133    0.0001    0.4094    0.2635        0.0855    0.0104 -584.6636
    0.0804    0.3575    0.1549    0.0595    0.0402    0.1063    0.0001    0.4580    0.1907        0.1690   -0.0043 -528.4256
    0.0822    0.3490    0.1268    0.0175    0.0411    0.0997    0.0001    0.4152    0.2407        0.1048   -0.0059 -539.1667
    0.0992    0.3423    0.2472    0.0996    0.0496    0.0677    0.0001    0.5265    0.3272        0.0754    0.0108 -557.3819
    0.0839    0.3519    0.1702    0.0271    0.0420    0.1049    0.0001    0.4723    0.3381        0.1235    0.0104 -594.7167
    0.0712    0.3716    0.1043    0.0627    0.0356    0.1303    0.0001    0.4496    0.1973        0.1315    0.0030 -578.7919
    0.0779    0.3536    0.0728    0.0276    0.0390    0.1022    0.0001    0.4246    0.2352        0.1042    0.0027 -591.9654
    0.0712    0.3738    0.1175    0.0662    0.0356    0.1328    0.0001    0.4140    0.1542        0.1419    0.0009 -533.6177
    0.0715    0.3675    0.1181    0.0655    0.0357    0.1334    0.0001    0.4153    0.1558        0.1422    0.0009 -539.7784
    0.0827    0.3538    0.2130    0.0369    0.0414    0.1106    0.0001    0.4649    0.1687        0.2111    0.0103 -551.2412
    0.0783    0.3503    0.0445    0.0155    0.0392    0.1063    0.0001    0.3902    0.2196        0.1033    0.0209 -572.6362
    0.0772    0.3641    0.2359    0.0603    0.0386    0.1134    0.0001    0.4939    0.3203        0.0847    0.0102 -559.1971
    0.0744    0.3532    0.0134    0.0357    0.0372    0.1029    0.0001    0.4135    0.2074        0.0901    0.0112 -648.5266
    0.0806    0.3587    0.1808    0.0527    0.0403    0.1134    0.0001    0.5103    0.3098        0.0567    0.0004 -603.3367
    0.0801    0.3493    0.0746    0.0002    0.0400    0.1011    0.0001    0.4017    0.2621        0.0985    0.0007 -615.7122
    0.0769    0.3550    0.0738    0.0449    0.0385    0.1143    0.0001    0.3682    0.1594        0.0854   -0.0062 -481.3480
    0.0818    0.3476    0.1076    0.0006    0.0409    0.1076    0.0001    0.3720    0.2497        0.1059   -0.0104 -494.2742
    0.0794    0.3567    0.1198    0.0003    0.0397    0.1082    0.0001    0.3914    0.2812        0.1169   -0.0047 -576.3416
    0.0780    0.3574    0.0873    0.0005    0.0390    0.1100    0.0001    0.3818    0.2584        0.1153   -0.0017 -576.8439
    0.0782    0.3424    0.0122    0.0109    0.0391    0.0949    0.0001    0.3713    0.0760        0.0784   -0.0003 -552.1883
    0.0796    0.3509    0.0132    0.0337    0.0398    0.1125    0.0001    0.4032    0.2059        0.1132   -0.0009 -601.3004
    0.0806    0.3636    0.1786    0.0792    0.0403    0.1118    0.0001    0.4794    0.2668        0.2324    0.0125 -532.8939
    0.0787    0.3581    0.0968    0.0522    0.0393    0.1097    0.0001    0.4173    0.2792        0.1185    0.0220 -545.2164
    0.0828    0.3506    0.1429    0.0201    0.0414    0.1046    0.0001    0.4149    0.2832        0.1342   -0.0055 -533.4662
    0.0802    0.3495    0.0235    0.0002    0.0401    0.1042    0.0001    0.3634    0.2183        0.0993    0.0002 -552.2234
    0.0822    0.3658    0.2791    0.0424    0.0411    0.1324    0.0001    0.5880    0.3627        0.1518    0.0059 -571.5710
    0.0784    0.3515    0.0876    0.0002    0.0392    0.1078    0.0001    0.4008    0.2519        0.0847    0.0117 -580.6257
    0.0779    0.3482    0.0237    0.0035    0.0389    0.0820    0.0001    0.3675    0.1893        0.0462    0.0024 -590.3176
    0.0778    0.3555    0.0252    0.0031    0.0389    0.1021    0.0001    0.3926    0.2239        0.0744    0.0016 -600.3110
    0.0780    0.3616    0.1465    0.0780    0.0390    0.1008    0.0001    0.4612    0.2510        0.0622    0.0153 -536.8918
    0.0769    0.3554    0.0734    0.0379    0.0385    0.1038    0.0001    0.4042    0.2166        0.1048    0.0166 -545.9982
    0.0728    0.3687    0.0149    0.0896    0.0364    0.1223    0.0001    0.4672    0.1955        0.0855    0.0101 -543.4321
    0.0801    0.3501    0.0122    0.0256    0.0400    0.1006    0.0001    0.3725    0.1911        0.1015   -0.0145 -583.2344
    0.0810    0.3557    0.1650    0.0634    0.0405    0.0917    0.0001    0.4756    0.3125        0.0725    0.0078 -563.6328
    0.0830    0.3464    0.1338    0.0013    0.0415    0.0897    0.0001    0.4319    0.2682        0.1146   -0.0017 -573.5716
    0.0808    0.3440    0.0132    0.0515    0.0404    0.0956    0.0001    0.4015    0.2114        0.0885    0.0065 -595.9474
    0.0800    0.3437    0.0123    0.0030    0.0400    0.1078    0.0001    0.3737    0.1949        0.1033    0.0096 -606.0601
    0.0849    0.3670    0.2271    0.1158    0.0425    0.1072    0.0001    0.5887    0.4040        0.0923    0.0201 -557.1171
    0.0793    0.3530    0.0709    0.0281    0.0396    0.0997    0.0001    0.3954    0.2925        0.0745    0.0083 -575.1036
    0.0684    0.3708    0.0150    0.0820    0.0342    0.1331    0.0001    0.4590    0.2344        0.1261    0.0052 -656.8823
    0.0754    0.3505    0.0129    0.0003    0.0377    0.1068    0.0001    0.3926    0.2043        0.0589    0.0068 -684.4350
    0.0837    0.3454    0.1069    0.0004    0.0419    0.0951    0.0001    0.4096    0.2625        0.0685   -0.0019 -559.9260
    0.0839    0.3457    0.1102    0.0004    0.0419    0.0962    0.0001    0.4287    0.2702        0.1039   -0.0017 -562.0872
    0.0862    0.3632    0.1444    0.1202    0.0431    0.0969    0.0001    0.4821    0.3384        0.1290    0.0104 -574.0645
    0.0796    0.3540    0.0466    0.0112    0.0398    0.1057    0.0001    0.4088    0.2680        0.1395    0.0113 -612.1352
    0.0880    0.3524    0.2450    0.0176    0.0440    0.1162    0.0001    0.4948    0.3621        0.0725    0.0150 -527.5278
    0.0806    0.3500    0.0444    0.0244    0.0403    0.1097    0.0001    0.3908    0.2498        0.0881   -0.0073 -538.4390
    0.0824    0.3599    0.2071    0.0489    0.0412    0.1067    0.0001    0.5086    0.3440        0.0156    0.0070 -581.5588
    0.0774    0.3582    0.0102    0.0002    0.0387    0.1197    0.0001    0.3170    0.3115        0.0863    0.0047 -718.0634
    0.0792    0.3540    0.1168    0.0220    0.0396    0.1062    0.0001    0.4634    0.1853        0.0893    0.0078 -549.0941
    0.0787    0.3496    0.0428    0.0216    0.0393    0.0970    0.0001    0.3796    0.2059        0.1113   -0.0002 -558.7212
    0.0814    0.3570    0.1697    0.0742    0.0407    0.0940    0.0001    0.4667    0.3631        0.1002    0.0138 -600.8569
    0.0770    0.3555    0.0480    0.0485    0.0385    0.1040    0.0001    0.4253    0.2831        0.1155   -0.0444 -616.2420
    0.0797    0.3516    0.0949    0.0002    0.0398    0.1182    0.0001    0.4157    0.1951        0.1313    0.0022 -549.6826
    0.0820    0.3457    0.0765    0.0002    0.0410    0.1000    0.0001    0.4079    0.2377        0.1202    0.0025 -555.5447
    0.0727    0.3630    0.0100    0.0699    0.0364    0.1129    0.0001    0.3129    0.3007        0.1559    0.0061 -696.0225
    0.0730    0.3649    0.0105    0.0674    0.0365    0.1211    0.0001    0.3272    0.3208        0.1619    0.0019 -698.5828
    0.0855    0.3532    0.2141    0.0409    0.0427    0.1142    0.0001    0.5005    0.2963        0.1804    0.0019 -536.7876
    0.0823    0.3475    0.1232    0.0006    0.0412    0.1071    0.0001    0.4168    0.2559        0.1047    0.0012 -542.8473
    0.1009    0.3422    0.2584    0.0962    0.0504    0.0742    0.0001    0.3525    0.1619        0.1256    0.0040 -453.3799
    0.0870    0.3591    0.2352    0.0010    0.0435    0.1135    0.0001    0.5745    0.2650        0.1583    0.0049 -509.7316
    0.0728    0.3652    0.0789    0.0445    0.0364    0.1339    0.0001    0.4580    0.2486        0.1348    0.0033 -600.7984
    0.0751    0.3587    0.0827    0.0306    0.0376    0.1234    0.0001    0.4213    0.2693        0.1071    0.0020 -603.8225
    0.0780    0.3570    0.1588    0.0354    0.0390    0.1232    0.0001    0.3924    0.3351        0.1269    0.0044 -579.1775
    0.0780    0.3489    0.0708    0.0003    0.0390    0.1101    0.0001    0.3556    0.2638        0.1133    0.0077 -583.7175
    0.0881    0.3633    0.2702    0.0728    0.0441    0.1064    0.0001    0.5456    0.4433        0.0521    0.0014 -547.5452
    0.0795    0.3564    0.1148    0.0002    0.0398    0.1066    0.0001    0.4132    0.2633        0.1008    0.0011 -572.1626
    0.0827    0.3467    0.0997    0.0308    0.0413    0.0881    0.0001    0.3977    0.2829        0.0890    0.0053 -544.5659
    0.0825    0.3423    0.0422    0.0073    0.0413    0.0823    0.0001    0.3700    0.2414        0.1020    0.0025 -548.8408
    0.0768    0.3744    0.0999    0.0934    0.0384    0.1340    0.0001    0.5112    0.2800        0.1665    0.0059 -529.6780
    0.0812    0.3545    0.0702    0.0002    0.0406    0.1225    0.0001    0.4022    0.2534        0.1453    0.0021 -544.2278
    0.0776    0.3720    0.2038    0.0889    0.0388    0.1179    0.0001    0.5672    0.3711        0.0948    0.0084 -578.4376
    0.0782    0.3562    0.0806    0.0408    0.0391    0.1012    0.0001    0.4271    0.2747        0.1008    0.0171 -586.1584
    0.0797    0.3565    0.1477    0.0411    0.0398    0.0997    0.0001    0.4549    0.2851        0.1102    0.0036 -562.4756
    0.0781    0.3553    0.0916    0.0333    0.0390    0.1012    0.0001    0.4227    0.2573        0.0766    0.0046 -564.2338
    0.0776    0.3598    0.1770    0.0535    0.0388    0.1174    0.0001    0.4896    0.3016        0.1531    0.0021 -605.6886
    0.0811    0.3502    0.1629    0.0003    0.0406    0.1069    0.0001    0.4578    0.2983        0.1344    0.0022 -609.3248
    0.0756    0.3710    0.0565    0.0697    0.0378    0.1388    0.0001    0.4693    0.3766        0.0951    0.0108 -536.4556
    0.0819    0.3521    0.0471    0.0046    0.0409    0.1264    0.0001    0.4125    0.2803        0.0935    0.0237 -543.7213
    0.0834    0.3540    0.1994    0.0289    0.0417    0.1170    0.0001    0.4601    0.3647        0.0751    0.0093 -567.5297
    0.0796    0.3500    0.0849    0.0009    0.0398    0.1086    0.0001    0.3918    0.2775        0.1048   -0.0045 -574.7961
    0.0919    0.3351    0.1605    0.0752    0.0459    0.0645    0.0001    0.4518    0.3146        0.0750    0.0166 -552.0371
    0.0835    0.3404    0.0263    0.0125    0.0417    0.0957    0.0001    0.4054    0.2457        0.1075    0.0175 -589.1330
    0.0696    0.3747    0.1028    0.0859    0.0348    0.1320    0.0001    0.4405    0.2020        0.1371   -0.0000 -525.3952
    0.0786    0.3480    0.0629    0.0004    0.0393    0.1163    0.0001    0.3732    0.2316        0.1136   -0.0000 -544.0482
    0.0794    0.3505    0.0272    0.0114    0.0397    0.1102    0.0001    0.4236    0.2345        0.0829    0.0025 -575.8242
    0.0802    0.3484    0.0266    0.0010    0.0401    0.1069    0.0001    0.4140    0.2325        0.0675    0.0088 -576.5347
    0.0770    0.3636    0.1181    0.0779    0.0385    0.1130    0.0001    0.3976    0.1920        0.1810    0.0061 -494.0032
    0.0837    0.3500    0.1312    0.0003    0.0418    0.1059    0.0001    0.4067    0.2753        0.1093    0.0129 -521.3480
    0.0826    0.3479    0.1324    0.0470    0.0413    0.0998    0.0001    0.4193    0.1993        0.0907    0.0133 -490.8388
    0.0825    0.3534    0.1382    0.0345    0.0413    0.1158    0.0001    0.4073    0.2547        0.1536    0.0066 -502.7573
    0.0902    0.3578    0.2451    0.0928    0.0451    0.1098    0.0001    0.5542    0.4121        0.0509    0.0100 -553.7681
    0.0799    0.3533    0.1033    0.0110    0.0400    0.1121    0.0001    0.4288    0.2700        0.0946    0.0384 -577.2041
    0.0758    0.3603    0.0870    0.0445    0.0379    0.1090    0.0001    0.3955    0.2246        0.1487   -0.0068 -575.3256
    0.0763    0.3566    0.0760    0.0258    0.0382    0.1058    0.0001    0.3824    0.2542        0.1070    0.0018 -580.3492
    0.0853    0.3540    0.1986    0.0565    0.0427    0.1150    0.0001    0.4970    0.2521        0.1934    0.0076 -548.3054
    0.0813    0.3443    0.0257    0.0119    0.0406    0.0924    0.0001    0.4014    0.2225        0.0834    0.0124 -577.5427
    0.0778    0.3591    0.0241    0.0270    0.0389    0.1233    0.0001    0.3838    0.2034        0.1721    0.0052 -531.5060
    0.0799    0.3524    0.0283    0.0049    0.0400    0.1190    0.0001    0.4412    0.2395        0.0898    0.0117 -553.8279
    0.0890    0.3520    0.1687    0.0635    0.0445    0.1209    0.0001    0.4796    0.3470        0.0627    0.0064 -476.9197
    0.0825    0.3474    0.0236    0.0084    0.0412    0.1198    0.0001    0.3648    0.2198        0.0725    0.0096 -507.4688
    0.0825    0.3618    0.2020    0.0095    0.0412    0.1282    0.0001    0.4905    0.3193        0.1359    0.0012 -536.0167
    0.0776    0.3571    0.0134    0.0193    0.0388    0.1181    0.0001    0.4103    0.2115        0.1158    0.0010 -624.7522
    0.0751    0.3605    0.0134    0.0845    0.0375    0.1222    0.0001    0.4147    0.1995        0.0635    0.0152 -591.6275
    0.0787    0.3529    0.0133    0.0119    0.0394    0.1147    0.0001    0.4083    0.2108        0.1083    0.0207 -626.4254
    0.0725    0.3641    0.0107    0.0307    0.0362    0.1335    0.0001    0.3268    0.1675        0.0971    0.0135 -659.1869
    0.0751    0.3558    0.0137    0.0013    0.0376    0.1196    0.0001    0.4188    0.2162        0.1164    0.0229 -678.2923
    0.0829    0.3487    0.1559    0.0153    0.0415    0.0912    0.0001    0.4908    0.2767        0.0806   -0.0103 -621.9639
    0.0758    0.3537    0.0277    0.0200    0.0379    0.1000    0.0001    0.4291    0.2507        0.1136   -0.0071 -640.1802
    0.0735    0.3804    0.2766    0.1137    0.0368    0.1290    0.0001    0.5309    0.2204        0.0963    0.0018 -524.8624
    0.0713    0.3757    0.1389    0.0812    0.0357    0.1304    0.0001    0.5248    0.3283        0.1076    0.0021 -552.9156
    0.0787    0.3546    0.1309    0.0431    0.0394    0.0976    0.0001    0.4000    0.1837        0.1561    0.0009 -548.6946
    0.0773    0.3539    0.0703    0.0325    0.0386    0.0993    0.0001    0.3676    0.2557        0.0720    0.0010 -567.7374
    0.0720    0.3702    0.0848    0.0739    0.0360    0.1346    0.0001    0.4058    0.1822        0.1689   -0.0028 -568.9300
    0.0773    0.3539    0.0495    0.0294    0.0386    0.1036    0.0001    0.4173    0.2492        0.1053   -0.0141 -600.6058
    0.0816    0.3475    0.1409    0.0064    0.0408    0.1055    0.0001    0.3985    0.2529        0.1095    0.0084 -523.3727
    0.0815    0.3427    0.0993    0.0113    0.0407    0.0895    0.0001    0.3739    0.2365        0.0991   -0.0266 -527.8796
    0.0787    0.3616    0.0180    0.0993    0.0393    0.0963    0.0001    0.5517    0.1539        0.1070    0.0016 -626.8878
    0.0757    0.3568    0.0138    0.0157    0.0379    0.1066    0.0001    0.4226    0.2159        0.1162   -0.0001 -696.2243
    0.0785    0.3666    0.1628    0.0909    0.0393    0.1339    0.0001    0.5558    0.2503        0.1433   -0.0241 -519.3036
    0.0798    0.3472    0.0131    0.0003    0.0399    0.1004    0.0001    0.3991    0.2062        0.0906   -0.0385 -619.1990
    0.0810    0.3517    0.1055    0.0025    0.0405    0.1171    0.0001    0.4299    0.2820        0.1060    0.0159 -601.4267
    0.0822    0.3471    0.0852    0.0031    0.0411    0.1082    0.0001    0.4260    0.2860        0.1117    0.0020 -603.2182
    0.0829    0.3480    0.1722    0.0141    0.0415    0.1077    0.0001    0.4388    0.2991        0.1102    0.0056 -576.5504
    0.0820    0.3469    0.1494    0.0044    0.0410    0.1054    0.0001    0.4156    0.2795        0.0978   -0.0075 -577.1763
    0.0823    0.3477    0.1164    0.0166    0.0411    0.0831    0.0001    0.3991    0.2941        0.0632    0.0116 -574.8289
    0.0783    0.3558    0.0946    0.0179    0.0391    0.0997    0.0001    0.4616    0.2638        0.0677    0.0121 -580.6073
    0.0848    0.3505    0.1274    0.0889    0.0424    0.0999    0.0001    0.4544    0.2394        0.0874    0.0104 -486.4831
    0.0854    0.3424    0.1189    0.0028    0.0427    0.1023    0.0001    0.4189    0.2412        0.1090   -0.0360 -506.0344
    0.0839    0.3459    0.1012    0.0360    0.0419    0.0875    0.0001    0.3677    0.2548        0.1172    0.0126 -524.3683
    0.0795    0.3585    0.1236    0.0490    0.0397    0.1135    0.0001    0.4074    0.2963        0.0906    0.0054 -528.9465
    0.0713    0.3655    0.0100    0.0923    0.0357    0.0956    0.0001    0.3215    0.2805        0.1260    0.0221 -600.2649
    0.0797    0.3517    0.0100    0.0401    0.0399    0.1114    0.0001    0.3108    0.3038        0.1536    0.0503 -661.4673
    0.0806    0.3544    0.1695    0.0559    0.0403    0.1034    0.0001    0.4438    0.3398        0.0488    0.0057 -553.9193
    0.0799    0.3473    0.0810    0.0004    0.0399    0.0992    0.0001    0.3717    0.2719        0.0904    0.0127 -564.1693
    0.0811    0.3711    0.2752    0.0718    0.0406    0.1363    0.0001    0.5274    0.3972        0.0484    0.0139 -500.4885
    0.0769    0.3556    0.0101    0.0358    0.0384    0.1210    0.0001    0.3101    0.3065        0.0941    0.0265 -652.4148
    0.0806    0.3489    0.0135    0.0576    0.0403    0.0889    0.0001    0.4116    0.2137        0.0487    0.0135 -622.7093
    0.0808    0.3446    0.0130    0.0160    0.0404    0.0958    0.0001    0.3958    0.2063        0.1050   -0.0017 -634.6761
    0.0688    0.3865    0.1762    0.1047    0.0344    0.1456    0.0001    0.5630    0.2663        0.1878    0.0024 -581.0832
    0.0755    0.3574    0.0107    0.0011    0.0378    0.1240    0.0001    0.3317    0.3241        0.1644    0.0035 -734.0265
    0.0788    0.3622    0.1893    0.0840    0.0394    0.1067    0.0001    0.4350    0.3132        0.0408    0.0024 -517.3028
    0.0791    0.3424    0.0100    0.0003    0.0396    0.0988    0.0001    0.3078    0.1592        0.0895    0.0049 -608.9283
    0.0752    0.3630    0.0877    0.0534    0.0376    0.1252    0.0001    0.4092    0.2492        0.0991    0.0117 -536.6539
    0.0795    0.3498    0.0694    0.0012    0.0398    0.1070    0.0001    0.3626    0.2370        0.0968    0.0166 -540.8478
    0.0849    0.3449    0.1501    0.0272    0.0425    0.0985    0.0001    0.4372    0.2535        0.1265    0.0046 -504.2015
    0.0806    0.3503    0.0901    0.0470    0.0403    0.1029    0.0001    0.4138    0.2501        0.0903   -0.0094 -508.0128
    0.0806    0.3489    0.0100    0.0674    0.0403    0.1095    0.0001    0.3019    0.1524        0.0748   -0.0025 -582.3506
    0.0802    0.3439    0.0109    0.0245    0.0401    0.1028    0.0001    0.3364    0.1716        0.1004    0.0143 -614.3101
    0.0838    0.3728    0.2538    0.1099    0.0419    0.1159    0.0001    0.5450    0.4522        0.0482    0.0105 -538.0334
    0.0743    0.3641    0.0100    0.0472    0.0371    0.1151    0.0001    0.3109    0.3057        0.1009    0.0097 -686.1932
    0.0855    0.3611    0.2977    0.0612    0.0428    0.1109    0.0001    0.6134    0.3836        0.0918    0.0119 -572.4869
    0.0822    0.3465    0.1242    0.0093    0.0411    0.1030    0.0001    0.4256    0.2716        0.1125    0.0013 -584.4351
    0.0806    0.3694    0.1552    0.0951    0.0403    0.1106    0.0001    0.4543    0.3267        0.1064   -0.0002 -487.9309
    0.0822    0.3456    0.0100    0.0002    0.0411    0.0792    0.0001    0.3088    0.2991        0.0960   -0.0002 -625.7318
    0.0764    0.3673    0.1622    0.0942    0.0382    0.0978    0.0001    0.3562    0.2343        0.1878    0.0078 -516.9424
    0.0794    0.3465    0.0778    0.0246    0.0397    0.0918    0.0001    0.3618    0.2119        0.1454    0.0067 -542.4571
    0.0885    0.3506    0.1874    0.0828    0.0443    0.0775    0.0001    0.5106    0.3020        0.0812    0.0038 -519.3165
    0.0823    0.3471    0.0729    0.0044    0.0411    0.0913    0.0001    0.4030    0.2218        0.1040    0.0087 -537.6336
    0.0808    0.3625    0.2165    0.0040    0.0404    0.1423    0.0001    0.5016    0.3528        0.0887    0.0060 -583.7655
    0.0788    0.3524    0.0490    0.0048    0.0394    0.1184    0.0001    0.4301    0.2563        0.0973    0.0084 -593.2819
    0.0800    0.3581    0.0860    0.0466    0.0400    0.1108    0.0001    0.4525    0.2830        0.1340    0.0162 -585.1480
    0.0787    0.3516    0.0270    0.0062    0.0393    0.1078    0.0001    0.4153    0.2599        0.0880    0.0060 -605.3526
    0.0768    0.3551    0.0864    0.0330    0.0384    0.1088    0.0001    0.4184    0.2934        0.1498    0.0166 -583.0707
    0.0768    0.3497    0.0418    0.0072    0.0384    0.0996    0.0001    0.3671    0.2296        0.1319    0.0269 -588.7017
    0.0752    0.3650    0.1366    0.0723    0.0376    0.1231    0.0001    0.4175    0.1603        0.1745    0.0171 -569.4047
    0.0795    0.3493    0.0874    0.0062    0.0398    0.1011    0.0001    0.4109    0.2295        0.1229   -0.0127 -600.9623
    0.0732    0.3712    0.1614    0.0789    0.0366    0.1297    0.0001    0.5693    0.3492        0.1126    0.0092 -619.5197
    0.0781    0.3454    0.0137    0.0002    0.0390    0.1057    0.0001    0.4176    0.2182        0.1183    0.0185 -707.3027
