    0.0844    0.3579    0.1582    0.1140    0.0422    0.0824    0.0001    0.4574    0.2366        0.0800    0.0280 -533.1252
    0.0766    0.3600    0.1617    0.0736    0.0383    0.0966    0.0001    0.4584    0.2998        0.1185   -0.0239 -565.1108
    0.0793    0.3741    0.2165    0.1188    0.0396    0.1270    0.0001    0.5148    0.2997        0.1597    0.0122 -436.9994
    0.0741    0.3651    0.0446    0.0732    0.0371    0.1189    0.0001    0.3924    0.2421        0.0924    0.0067 -447.5332
    0.0922    0.3401    0.1694    0.0821    0.0461    0.0861    0.0001    0.4298    0.3368        0.0733    0.0087 -498.8052
    0.0845    0.3483    0.1355    0.0631    0.0423    0.1046    0.0001    0.4406    0.2987        0.1166    0.0089 -509.7121
    0.0787    0.3647    0.1596    0.0868    0.0393    0.1302    0.0001    0.4862    0.3434        0.0515    0.0080 -497.1115
    0.0805    0.3513    0.0844    0.0502    0.0403    0.1172    0.0001    0.4093    0.2830        0.0781    0.0309 -502.8591
    0.0734    0.3639    0.1231    0.0803    0.0367    0.1151    0.0001    0.4936    0.2588        0.1548    0.0099 -550.6976
    0.0784    0.3540    0.1318    0.0668    0.0392    0.1018    0.0001    0.4871    0.2680        0.1368    0.0108 -562.5907
    0.0829    0.3322    0.0127    0.0180    0.0415    0.0743    0.0001    0.3884    0.1444        0.1036    0.0113 -548.7526
    0.0789    0.3470    0.0134    0.0488    0.0394    0.1017    0.0001    0.4119    0.2093        0.0751    0.0012 -576.7755
    0.0954    0.3413    0.2902    0.0046    0.0477    0.1198    0.0001    0.5267    0.3147        0.1873    0.0107 -467.7687
    0.0905    0.3377    0.1880    0.0044    0.0453    0.1092    0.0001    0.4392    0.2999        0.1383    0.0092 -471.6706
    0.0821    0.3500    0.1467    0.0603    0.0411    0.1095    0.0001    0.4482    0.3045        0.0875    0.0111 -511.5840
    0.0820    0.3461    0.1119    0.0507    0.0410    0.1052    0.0001    0.4178    0.2728        0.1143    0.0020 -513.8257
    0.0839    0.3599    0.2146    0.0767    0.0420    0.1188    0.0001    0.5530    0.2953        0.1498    0.0069 -492.3769
    0.0806    0.3563    0.1333    0.0621    0.0403    0.1136    0.0001    0.4702    0.2505        0.1129    0.0016 -494.1813
    0.0814    0.3536    0.1158    0.0673    0.0407    0.1025    0.0001    0.4201    0.2582        0.1290    0.0062 -479.0499
    0.0812    0.3485    0.0779    0.0539    0.0406    0.0939    0.0001    0.3864    0.2351        0.0859    0.0086 -481.3804
    0.0822    0.3419    0.0824    0.0320    0.0411    0.1062    0.0001    0.3327    0.2261        0.0387    0.0070 -445.9613
    0.0821    0.3386    0.0219    0.0206    0.0411    0.1006    0.0001    0.3376    0.2041        0.0643    0.0080 -463.3812
    0.0913    0.3367    0.1586    0.0430    0.0457    0.0867    0.0001    0.4179    0.2827        0.1314    0.0075 -459.0722
    0.0886    0.3376    0.1274    0.0371    0.0443    0.0899    0.0001    0.3974    0.2663        0.0957    0.0087 -460.7885
    0.0748    0.3697    0.1518    0.0974    0.0374    0.1444    0.0001    0.4509    0.2693        0.1663    0.0175 -494.4763
    0.0781    0.3517    0.0449    0.0540    0.0390    0.1177    0.0001    0.3918    0.2503        0.1145    0.0184 -507.1020
    0.0697    0.3528    0.0101    0.0514    0.0348    0.1302    0.0001    0.3204    0.2498       -0.0018    0.0050 -500.8008
    0.0811    0.3447    0.0100    0.0447    0.0405    0.0962    0.0001    0.3099    0.3021       -0.0028    0.0011 -598.4969
    0.0822    0.3460    0.0151    0.0659    0.0411    0.0931    0.0001    0.4529    0.2527        0.1457    0.0060 -590.8514
    0.0783    0.3488    0.0136    0.0358    0.0391    0.1050    0.0001    0.4171    0.2135        0.0744   -0.0036 -615.9215
    0.0831    0.3460    0.1145    0.0548    0.0416    0.1022    0.0001    0.4213    0.2450        0.1308    0.0140 -487.1778
    0.0833    0.3467    0.1212    0.0585    0.0417    0.1022    0.0001    0.4311    0.2501        0.1372    0.0127 -487.2442
    0.0778    0.3527    0.0718    0.0662    0.0389    0.1108    0.0001    0.3689    0.2833        0.1096    0.0093 -515.7324
    0.0780    0.3523    0.0750    0.0665    0.0390    0.1088    0.0001    0.3797    0.2750        0.1446    0.0069 -517.6612
    0.0920    0.3462    0.1727    0.1014    0.0460    0.0815    0.0001    0.4787    0.2439        0.0810    0.0067 -468.0941
    0.0817    0.3515    0.0999    0.0371    0.0409    0.1130    0.0001    0.4075    0.2599        0.0693    0.0128 -492.0354
    0.0783    0.3560    0.1464    0.0708    0.0392    0.1027    0.0001    0.4428    0.3030        0.1021    0.0245 -529.7679
    0.0795    0.3474    0.0980    0.0502    0.0397    0.0924    0.0001    0.4023    0.2599        0.0948    0.0086 -531.0098
    0.0862    0.3519    0.2059    0.0523    0.0431    0.1151    0.0001    0.4581    0.3151        0.1494    0.0023 -485.6345
    0.0812    0.3479    0.0717    0.0391    0.0406    0.1080    0.0001    0.3584    0.2558        0.1016    0.0032 -490.8124
    0.0833    0.3584    0.1583    0.1207    0.0417    0.1050    0.0001    0.4048    0.3221        0.1014    0.0090 -509.3097
    0.0789    0.3489    0.0795    0.0573    0.0395    0.0993    0.0001    0.3759    0.2826        0.1096    0.0105 -531.3061
    0.0777    0.3528    0.0148    0.0700    0.0388    0.0898    0.0001    0.4517    0.2306        0.1344    0.0111 -671.2086
    0.0728    0.3628    0.0152    0.0578    0.0364    0.1166    0.0001    0.4656    0.2389        0.1330    0.0114 -680.7198
    0.0810    0.3455    0.0100    0.0208    0.0405    0.1057    0.0001    0.3097    0.3003        0.0450    0.0088 -669.4359
    0.0794    0.3523    0.0113    0.0518    0.0397    0.1091    0.0001    0.3493    0.3427        0.1038   -0.0267 -685.8240
    0.0851    0.3450    0.0251    0.0759    0.0425    0.0848    0.0001    0.3803    0.2595        0.0766    0.0142 -474.0489
    0.0823    0.3478    0.0257    0.0600    0.0411    0.0972    0.0001    0.3979    0.2355        0.1038   -0.0236 -486.0167
    0.0862    0.3382    0.1174    0.0102    0.0431    0.0851    0.0001    0.4082    0.2895        0.0806    0.0112 -538.9126
    0.0827    0.3480    0.1268    0.0415    0.0413    0.0999    0.0001    0.4197    0.2829        0.1273   -0.0356 -546.3191
    0.0849    0.3442    0.1590    0.0647    0.0425    0.0917    0.0001    0.4709    0.2930        0.0688    0.0125 -492.8988
    0.0827    0.3530    0.1827    0.0733    0.0413    0.1088    0.0001    0.5120    0.3165        0.1523   -0.0130 -500.8316
    0.0760    0.3598    0.0542    0.0608    0.0380    0.1101    0.0001    0.4836    0.2076        0.0913    0.0120 -560.5116
    0.0735    0.3691    0.0613    0.0810    0.0367    0.1197    0.0001    0.5409    0.2775        0.1009    0.0070 -565.2906
    0.0857    0.3190    0.0100    0.0153    0.0428    0.0466    0.0001    0.3084    0.1618        0.0841    0.0084 -538.2593
    0.0805    0.3449    0.0124    0.0325    0.0403    0.1005    0.0001    0.3764    0.1958        0.0665    0.0090 -564.8261
    0.0872    0.3346    0.0654    0.0518    0.0436    0.0832    0.0001    0.4351    0.2839        0.1226    0.0032 -505.9925
    0.0808    0.3442    0.0768    0.0423    0.0404    0.1006    0.0001    0.3967    0.2658        0.0826    0.0034 -519.7895
    0.0832    0.3370    0.0124    0.0373    0.0416    0.0939    0.0001    0.3710    0.2069        0.0662    0.0113 -604.9565
    0.0813    0.3461    0.0147    0.0309    0.0407    0.1050    0.0001    0.4497    0.2311        0.0857    0.0071 -617.9574
    0.0823    0.3554    0.1829    0.0647    0.0412    0.1087    0.0001    0.4704    0.2814        0.0997    0.0095 -499.3963
    0.0890    0.3505    0.2501    0.0443    0.0445    0.1088    0.0001    0.5103    0.3281        0.1866    0.0031 -506.2880
    0.0852    0.3573    0.1882    0.1146    0.0426    0.0824    0.0001    0.4367    0.2138        0.1018    0.0044 -491.0358
    0.0748    0.3583    0.0258    0.0594    0.0374    0.1155    0.0001    0.3914    0.2603        0.0743    0.0045 -541.5460
    0.0830    0.3597    0.2175    0.0708    0.0415    0.1193    0.0001    0.4508    0.3335        0.1556   -0.0037 -503.5110
    0.0804    0.3555    0.1376    0.0553    0.0402    0.1125    0.0001    0.3788    0.2911        0.1132   -0.0053 -505.6710
    0.0790    0.3485    0.0107    0.0014    0.0395    0.1198    0.0001    0.3491    0.2946        0.0140    0.0011 -618.5960
    0.0845    0.3363    0.0103    0.0062    0.0422    0.0933    0.0001    0.3197    0.3122        0.0890   -0.0021 -656.5842
    0.0724    0.3694    0.0290    0.0870    0.0362    0.1338    0.0001    0.4444    0.2449        0.1254    0.0006 -478.8989
    0.0770    0.3552    0.0254    0.0456    0.0385    0.1293    0.0001    0.3939    0.2275        0.1027    0.0006 -486.9147
    0.0737    0.3558    0.0727    0.0735    0.0368    0.1081    0.0001    0.3050    0.1564        0.1359    0.0421 -511.5286
    0.0779    0.3454    0.0419    0.0395    0.0390    0.0911    0.0001    0.3566    0.2463        0.0955    0.0257 -540.0094
    0.0821    0.3518    0.1245    0.0666    0.0411    0.1060    0.0001    0.4391    0.2655        0.1335    0.0155 -496.5720
    0.0816    0.3534    0.1333    0.0703    0.0408    0.1083    0.0001    0.4558    0.2656        0.1380    0.0123 -496.7400
    0.0828    0.3523    0.1641    0.0983    0.0414    0.1017    0.0001    0.4053    0.1264        0.1077    0.0129 -468.3355
    0.0794    0.3460    0.0765    0.0279    0.0397    0.1064    0.0001    0.3767    0.2198        0.0864   -0.0016 -511.7138
    0.0804    0.3599    0.1870    0.0820    0.0402    0.1252    0.0001    0.4658    0.3200        0.0969    0.0063 -497.1523
    0.0819    0.3466    0.1201    0.0534    0.0410    0.1019    0.0001    0.4028    0.2732        0.1085    0.0061 -501.3271
    0.0818    0.3534    0.1007    0.0630    0.0409    0.1034    0.0001    0.3970    0.2044        0.1145    0.0070 -429.4506
    0.0819    0.3567    0.1333    0.0712    0.0409    0.1055    0.0001    0.4329    0.2463        0.1136   -0.0069 -430.9532
    0.0828    0.3539    0.1947    0.0506    0.0414    0.1166    0.0001    0.4811    0.2759        0.1105    0.0045 -520.0269
    0.0812    0.3460    0.0983    0.0322    0.0406    0.1011    0.0001    0.4034    0.2323        0.1174    0.0042 -524.7077
    0.0832    0.3468    0.0157    0.0333    0.0416    0.1113    0.0001    0.4681    0.2671        0.1031    0.0001 -589.0452
    0.0792    0.3501    0.0138    0.0462    0.0396    0.1122    0.0001    0.4225    0.2160        0.1200    0.0001 -605.7301
    0.0780    0.3619    0.1632    0.0981    0.0390    0.1046    0.0001    0.3999    0.1818        0.2283    0.0162 -480.5200
    0.0773    0.3532    0.0733    0.0576    0.0386    0.1050    0.0001    0.3770    0.2376        0.1190    0.0149 -504.0711
    0.0746    0.3644    0.1192    0.0637    0.0373    0.1287    0.0001    0.4238    0.2764        0.0952    0.0096 -524.3451
    0.0760    0.3562    0.0646    0.0481    0.0380    0.1171    0.0001    0.3724    0.2423        0.1016    0.0110 -526.3603
    0.0808    0.3544    0.2085    0.0496    0.0404    0.1278    0.0001    0.4362    0.2786        0.0731    0.0177 -533.4354
    0.0815    0.3417    0.0768    0.0360    0.0408    0.0937    0.0001    0.3962    0.2530        0.1027    0.0130 -549.7517
    0.0791    0.3591    0.1793    0.0911    0.0396    0.0966    0.0001    0.5249    0.2735        0.0429   -0.0000 -511.7526
    0.0754    0.3546    0.0469    0.0616    0.0377    0.0972    0.0001    0.4119    0.2111        0.0916   -0.0001 -521.5567
    0.0823    0.3472    0.0257    0.0431    0.0412    0.0999    0.0001    0.3927    0.2473        0.1285    0.0098 -493.9402
    0.0839    0.3423    0.0240    0.0009    0.0419    0.1033    0.0001    0.3715    0.2212        0.1129    0.0113 -497.9671
    0.0762    0.3755    0.1854    0.0918    0.0381    0.1276    0.0001    0.4948    0.3321        0.1005    0.0068 -534.4046
    0.0812    0.3436    0.0447    0.0222    0.0406    0.0911    0.0001    0.3931    0.2494        0.0631    0.0095 -552.5709
    0.0770    0.3522    0.0143    0.0497    0.0385    0.1240    0.0001    0.4341    0.2228        0.0780    0.0105 -558.7776
    0.0809    0.3416    0.0122    0.0382    0.0405    0.0967    0.0001    0.3717    0.1904        0.0625    0.0106 -565.4194
    0.0772    0.3474    0.0109    0.0678    0.0386    0.0714    0.0001    0.3252    0.1819        0.1371    0.0108 -607.9405
    0.0833    0.3381    0.0118    0.0107    0.0416    0.0794    0.0001    0.3602    0.1865        0.1792   -0.0024 -641.8420
    0.0851    0.3445    0.0932    0.0319    0.0426    0.0994    0.0001    0.3752    0.2506        0.1091    0.0049 -454.3818
    0.0838    0.3481    0.0786    0.0529    0.0419    0.1000    0.0001    0.3833    0.2698        0.0823    0.0034 -457.0473
    0.0846    0.3433    0.0965    0.0529    0.0423    0.0904    0.0001    0.4218    0.2512        0.1374    0.0111 -505.9278
    0.0811    0.3490    0.0746    0.0615    0.0406    0.0978    0.0001    0.4167    0.2516        0.1064    0.0254 -509.1901
    0.0805    0.3568    0.0823    0.0771    0.0403    0.1246    0.0001    0.4165    0.3066        0.0877    0.0048 -438.7470
    0.0853    0.3381    0.0591    0.0391    0.0427    0.0973    0.0001    0.3469    0.2687        0.0739    0.0121 -442.8797
    0.0851    0.3478    0.1282    0.0713    0.0425    0.1069    0.0001    0.4766    0.3335        0.1269    0.0106 -539.6413
    0.0859    0.3346    0.0258    0.0044    0.0429    0.0953    0.0001    0.3971    0.2492        0.1202   -0.0015 -555.3665
    0.0977    0.3570    0.3000    0.0948    0.0489    0.1052    0.0001    0.6902    0.2217        0.1835    0.0018 -425.2520
    0.0848    0.3573    0.1654    0.0671    0.0424    0.1160    0.0001    0.5036    0.2265        0.1326    0.0003 -438.5345
    0.0832    0.3503    0.1471    0.0692    0.0416    0.0944    0.0001    0.4464    0.3078        0.1225    0.0154 -512.0677
    0.0723    0.3673    0.0140    0.0798    0.0362    0.1259    0.0001    0.4273    0.2219        0.1190    0.0044 -593.5776
    0.0800    0.3576    0.1808    0.0705    0.0400    0.1148    0.0001    0.4588    0.3286        0.0622    0.0113 -501.5092
    0.0784    0.3483    0.0425    0.0412    0.0392    0.1046    0.0001    0.3751    0.2507        0.0832    0.0056 -508.4164
    0.0786    0.3575    0.0132    0.0686    0.0393    0.1106    0.0001    0.4051    0.2052        0.0652    0.0135 -540.2664
    0.0835    0.3396    0.0121    0.0015    0.0418    0.0889    0.0001    0.3694    0.1907        0.0703    0.0219 -547.9251
    0.0868    0.3431    0.1103    0.0514    0.0434    0.1001    0.0001    0.3995    0.2538        0.1154    0.0119 -439.9267
    0.0875    0.3416    0.1127    0.0476    0.0438    0.0986    0.0001    0.3997    0.2493        0.1261   -0.0225 -442.0217
    0.0795    0.3577    0.1043    0.1120    0.0397    0.1169    0.0001    0.3686    0.2668        0.1022    0.0003 -455.0780
    0.0779    0.3541    0.0502    0.0554    0.0390    0.1297    0.0001    0.4404    0.2463        0.0771    0.0005 -482.4410
    0.0698    0.3699    0.1042    0.0769    0.0349    0.1298    0.0001    0.4862    0.2644        0.0647    0.0077 -520.3670
    0.0756    0.3554    0.1018    0.0596    0.0378    0.1127    0.0001    0.4356    0.2612        0.0749    0.0156 -522.9379
    0.0859    0.3517    0.2358    0.0730    0.0430    0.1060    0.0001    0.5286    0.3702        0.1864    0.0084 -524.2462
    0.0781    0.3522    0.0880    0.0669    0.0391    0.1067    0.0001    0.4334    0.2639        0.1248   -0.0047 -531.0024
    0.0821    0.3680    0.2756    0.1060    0.0411    0.1312    0.0001    0.6157    0.2875        0.1477   -0.0016 -479.1916
    0.0801    0.3476    0.0873    0.0361    0.0400    0.1072    0.0001    0.3861    0.2332        0.0965   -0.0046 -493.1150
    0.0704    0.3720    0.1436    0.0907    0.0352    0.1282    0.0001    0.5075    0.2862        0.0944    0.0105 -584.6390
    0.0756    0.3531    0.0488    0.0546    0.0378    0.1020    0.0001    0.4303    0.2757        0.1101    0.0122 -599.1687
    0.0847    0.3433    0.1152    0.0263    0.0423    0.0914    0.0001    0.4010    0.2335        0.0774    0.0128 -468.0441
    0.0837    0.3413    0.0753    0.0133    0.0418    0.0892    0.0001    0.3739    0.2138        0.0626   -0.0260 -471.1990
    0.0841    0.3540    0.1580    0.0656    0.0421    0.1001    0.0001    0.4709    0.3041        0.1278    0.0097 -479.0349
    0.0838    0.3415    0.0725    0.0003    0.0419    0.0990    0.0001    0.3954    0.2209        0.1009    0.0070 -487.9821
    0.0884    0.3488    0.1820    0.0939    0.0442    0.0811    0.0001    0.3127    0.2009        0.1250    0.0130 -456.7536
    0.0789    0.3529    0.0127    0.0160    0.0395    0.1245    0.0001    0.3886    0.2009        0.1108    0.0200 -584.9340
    0.0850    0.3462    0.1349    0.0266    0.0425    0.1071    0.0001    0.4131    0.2768        0.0972    0.0034 -503.3283
    0.0825    0.3406    0.0233    0.0166    0.0412    0.0921    0.0001    0.3212    0.2153        0.0700   -0.0218 -510.7110
    0.0883    0.3642    0.2943    0.1166    0.0441    0.1235    0.0001    0.5441    0.4746        0.1125    0.0106 -452.6008
    0.0800    0.3526    0.0775    0.0620    0.0400    0.1119    0.0001    0.3681    0.2664        0.1024   -0.0124 -466.6284
    0.0735    0.3717    0.2030    0.0898    0.0367    0.1292    0.0001    0.5613    0.2468        0.1302   -0.0002 -541.4783
    0.0750    0.3563    0.0784    0.0602    0.0375    0.1084    0.0001    0.4170    0.2526        0.1108   -0.0003 -550.5578
    0.0822    0.3600    0.2867    0.0657    0.0411    0.1260    0.0001    0.4917    0.1869        0.0530    0.0087 -484.4897
    0.0778    0.3601    0.1495    0.0638    0.0389    0.1226    0.0001    0.4756    0.2798        0.0994    0.0055 -509.2844
    0.0832    0.3498    0.1540    0.0095    0.0416    0.1177    0.0001    0.4194    0.2562        0.1648   -0.0078 -521.8420
    0.0816    0.3433    0.0757    0.0109    0.0408    0.1015    0.0001    0.3788    0.2434        0.0956    0.0053 -528.8388
    0.0854    0.3491    0.1384    0.0661    0.0427    0.1021    0.0001    0.4707    0.3083        0.0815    0.0079 -497.1117
    0.0824    0.3503    0.0762    0.0647    0.0412    0.1036    0.0001    0.4286    0.2731        0.0890    0.0081 -499.6905
    0.0815    0.3589    0.1346    0.0890    0.0408    0.1192    0.0001    0.5290    0.3338        0.1205    0.0027 -503.9310
    0.0834    0.3402    0.0265    0.0396    0.0417    0.0996    0.0001    0.4119    0.2324        0.0908   -0.0016 -524.5067
    0.0709    0.3641    0.0100    0.0473    0.0354    0.1221    0.0001    0.2981    0.2704        0.0402    0.0018 -652.6834
    0.0791    0.3453    0.0107    0.0320    0.0395    0.0973    0.0001    0.3299    0.3230        0.0615    0.0023 -697.0149
    0.0812    0.3494    0.1186    0.0423    0.0406    0.1106    0.0001    0.3828    0.2743        0.1056    0.0122 -500.0753
    0.0798    0.3521    0.0141    0.0569    0.0399    0.1119    0.0001    0.4302    0.2236        0.0992    0.0140 -580.8164
    0.0779    0.3485    0.0140    0.0709    0.0390    0.0936    0.0001    0.4034    0.2423        0.1036    0.0077 -600.4061
    0.0741    0.3605    0.0145    0.0678    0.0370    0.1047    0.0001    0.4334    0.2282        0.1127    0.0084 -628.2175
    0.0838    0.3430    0.0934    0.0544    0.0419    0.1052    0.0001    0.4233    0.2110        0.1331    0.0041 -448.8003
    0.0826    0.3439    0.0817    0.0578    0.0413    0.1011    0.0001    0.4142    0.2208        0.1095    0.0043 -450.2874
    0.0762    0.3717    0.1314    0.1132    0.0381    0.1424    0.0001    0.5528    0.2853        0.1031    0.0089 -464.4111
    0.0765    0.3599    0.0275    0.0648    0.0383    0.1289    0.0001    0.4268    0.2483        0.1062    0.0089 -491.6744
    0.0755    0.3605    0.0100    0.0749    0.0378    0.1274    0.0001    0.3094    0.2968        0.0950    0.0084 -590.9508
    0.0816    0.3455    0.0101    0.0343    0.0408    0.1093    0.0001    0.3127    0.3057        0.0875    0.0039 -600.5936
    0.0765    0.3627    0.0970    0.0872    0.0383    0.1086    0.0001    0.4262    0.2171        0.1293    0.0159 -469.0935
    0.0807    0.3492    0.0623    0.0579    0.0403    0.0959    0.0001    0.3931    0.2374        0.0841    0.0193 -487.4112
    0.0743    0.3586    0.0239    0.0580    0.0372    0.1048    0.0001    0.3469    0.3145        0.0616    0.0036 -558.4090
    0.0795    0.3450    0.0200    0.0156    0.0397    0.1104    0.0001    0.3169    0.3063        0.0931    0.0052 -583.4223
    0.0789    0.3587    0.1451    0.0469    0.0394    0.1337    0.0001    0.4061    0.2462        0.1028    0.0005 -472.2467
    0.0810    0.3528    0.1346    0.0485    0.0405    0.1180    0.0001    0.4145    0.2967        0.0912    0.0004 -477.9937
    0.0821    0.3513    0.1236    0.0607    0.0410    0.1184    0.0001    0.4239    0.2721        0.1265    0.0007 -490.5532
    0.0815    0.3474    0.0856    0.0448    0.0407    0.1136    0.0001    0.3852    0.2418        0.1144    0.0008 -491.4673
    0.0702    0.3813    0.2158    0.1054    0.0351    0.1247    0.0001    0.5117    0.2581        0.1174    0.0049 -494.4045
    0.0771    0.3553    0.0675    0.0607    0.0386    0.0922    0.0001    0.3979    0.2495        0.1008    0.0067 -519.0690
    0.0722    0.3684    0.0979    0.0765    0.0361    0.1266    0.0001    0.4242    0.2556        0.0998    0.0063 -523.8823
    0.0782    0.3512    0.0780    0.0549    0.0391    0.0988    0.0001    0.3898    0.2594        0.0969    0.0042 -528.5321
    0.0748    0.3649    0.1118    0.0964    0.0374    0.1191    0.0001    0.4424    0.3224        0.0981    0.0161 -554.3467
    0.0766    0.3511    0.0751    0.0314    0.0383    0.1114    0.0001    0.3815    0.2576        0.0939    0.0237 -564.8794
    0.0828    0.3532    0.1854    0.0959    0.0414    0.1023    0.0001    0.5031    0.2839        0.1723   -0.0053 -520.1021
    0.0800    0.3419    0.0678    0.0411    0.0400    0.0953    0.0001    0.3866    0.2375        0.0928   -0.0039 -530.5909
    0.0754    0.3582    0.1539    0.0557    0.0377    0.1123    0.0001    0.4442    0.2881        0.0438   -0.0257 -550.2393
    0.0733    0.3545    0.0258    0.0481    0.0366    0.1027    0.0001    0.4000    0.2301        0.0831   -0.0372 -569.2436
    0.0833    0.3593    0.1511    0.0807    0.0416    0.1195    0.0001    0.4817    0.3427        0.1285    0.0000 -466.0462
    0.0828    0.3514    0.0859    0.0601    0.0414    0.1091    0.0001    0.4282    0.2892        0.0812    0.0001 -468.8292
    0.0824    0.3500    0.0140    0.0760    0.0412    0.0945    0.0001    0.4217    0.2160        0.1284    0.0114 -613.2146
    0.0799    0.3478    0.0139    0.0245    0.0399    0.1019    0.0001    0.4246    0.2178        0.0725    0.0079 -630.5995
    0.0794    0.3529    0.0335    0.0484    0.0397    0.1167    0.0001    0.5230    0.2846        0.1325    0.0062 -485.8704
    0.0809    0.3473    0.0259    0.0457    0.0405    0.1099    0.0001    0.4018    0.2346        0.0927    0.0073 -502.1903
    0.0826    0.3526    0.0835    0.0525    0.0413    0.0989    0.0001    0.3892    0.2432        0.1189    0.0033 -484.1162
    0.0777    0.3588    0.0245    0.0606    0.0389    0.1116    0.0001    0.3756    0.2365        0.0989    0.0024 -500.6531
    0.0779    0.3604    0.1209    0.0621    0.0389    0.1379    0.0001    0.4036    0.2752        0.1469    0.0022 -481.3035
    0.0756    0.3616    0.0286    0.0667    0.0378    0.1249    0.0001    0.4441    0.2534        0.0972    0.0021 -507.6446
    0.0941    0.3371    0.2539    0.0332    0.0471    0.0880    0.0001    0.4602    0.2034        0.1590    0.0196 -458.5073
    0.0840    0.3443    0.1209    0.0470    0.0420    0.1004    0.0001    0.3813    0.2591        0.1312    0.0211 -479.0359
    0.0871    0.3306    0.0100    0.0798    0.0436    0.0492    0.0001    0.3014    0.2346        0.0604    0.0224 -540.5169
    0.0789    0.3521    0.0103    0.0478    0.0394    0.1016    0.0001    0.3189    0.3104        0.0945    0.0117 -672.2172
    0.0781    0.3694    0.2046    0.1021    0.0390    0.1145    0.0001    0.5463    0.2476        0.1441   -0.0002 -480.6119
    0.0801    0.3573    0.1397    0.0696    0.0400    0.1074    0.0001    0.4635    0.2420        0.1366   -0.0002 -485.2689
    0.0746    0.3663    0.1301    0.0687    0.0373    0.1177    0.0001    0.4928    0.2993        0.1146    0.0033 -581.0751
    0.0778    0.3568    0.1103    0.0572    0.0389    0.1045    0.0001    0.4503    0.2805        0.1277    0.0033 -591.6496
    0.0788    0.3645    0.2114    0.1072    0.0394    0.1183    0.0001    0.5150    0.3996        0.0420    0.0058 -540.7911
    0.0738    0.3555    0.0143    0.0561    0.0369    0.1103    0.0001    0.4368    0.2257        0.0499    0.0094 -625.3368
