    0.0876    0.3460    0.2896    0.1545    0.0438    0.0996    0.0001    0.7006    0.4735        0.1492   -0.0058 -497.8616
    0.0783    0.3457    0.0855    0.1287    0.0391    0.0996    0.0001    0.5001    0.3515        0.2211   -0.0078 -532.5076
    0.0945    0.3039    0.0117    0.0063    0.0473    0.0766    0.0001    0.3575    0.1843        0.1298    0.0035 -429.6414
    0.0920    0.3150    0.0132    0.1061    0.0460    0.0307    0.0001    0.4075    0.2069        0.1549    0.0780 -469.1093
    0.0783    0.3463    0.0149    0.1165    0.0391    0.1139    0.0001    0.4643    0.2183        0.1355    0.0006 -493.1835
    0.0813    0.3476    0.0184    0.1450    0.0406    0.0985    0.0001    0.5573    0.2957        0.1660    0.0006 -517.5834
    0.0766    0.3484    0.0598    0.1110    0.0383    0.1068    0.0001    0.5313    0.2979        0.1126    0.0119 -483.2504
    0.0781    0.3530    0.0607    0.1304    0.0390    0.1125    0.0001    0.5412    0.3622        0.1624    0.0939 -500.9888
    0.0810    0.3388    0.0433    0.1152    0.0405    0.0826    0.0001    0.3849    0.3303        0.0618    0.0015 -466.6763
    0.0792    0.3512    0.0566    0.1365    0.0396    0.1033    0.0001    0.4995    0.3809        0.1956    0.0019 -495.4487
    0.0765    0.3586    0.0114    0.1309    0.0383    0.1252    0.0001    0.3500    0.3574        0.1476   -0.0054 -558.1579
    0.0770    0.3504    0.0123    0.1340    0.0385    0.1077    0.0001    0.3773    0.3750        0.1888   -0.0013 -588.5229
    0.0884    0.3405    0.0117    0.1326    0.0442    0.0808    0.0001    0.3803    0.3512        0.1058    0.0086 -590.7272
    0.0827    0.3451    0.0135    0.1431    0.0414    0.0869    0.0001    0.4169    0.4093        0.2104    0.0352 -640.9318
    0.0800    0.3517    0.2859    0.1447    0.0400    0.1070    0.0001    0.5106    0.5525        0.1504    0.0086 -447.6684
    0.0760    0.3520    0.1071    0.1417    0.0380    0.1074    0.0001    0.5506    0.3715        0.2056    0.0101 -482.5547
    0.0741    0.3540    0.0288    0.1099    0.0371    0.1175    0.0001    0.4444    0.2627        0.1173    0.0016 -481.3966
    0.0826    0.3435    0.0338    0.1319    0.0413    0.0895    0.0001    0.5187    0.3279        0.2005    0.0025 -509.8083
    0.0796    0.3401    0.0270    0.1040    0.0398    0.0990    0.0001    0.4152    0.2606        0.1497    0.0097 -500.2552
    0.0809    0.3441    0.0351    0.1292    0.0404    0.0989    0.0001    0.5250    0.3416        0.1811    0.0723 -518.8063
    0.0850    0.3492    0.2318    0.1589    0.0425    0.1033    0.0001    0.5095    0.5334        0.2574    0.0088 -443.4082
    0.0774    0.3489    0.0823    0.1404    0.0387    0.1026    0.0001    0.4386    0.3902        0.1835    0.0091 -455.6187
    0.0809    0.3389    0.0713    0.1330    0.0404    0.0792    0.0001    0.4181    0.3694        0.1271    0.0039 -449.5321
    0.0815    0.3399    0.0711    0.1356    0.0408    0.0812    0.0001    0.4200    0.3666        0.1291    0.0041 -450.9854
    0.0771    0.3333    0.0131    0.1070    0.0386    0.0728    0.0001    0.3951    0.2165        0.1456    0.0084 -552.7715
    0.0767    0.3453    0.0170    0.1248    0.0383    0.0935    0.0001    0.5165    0.2723        0.1555    0.0151 -573.9767
    0.0828    0.3356    0.0112    0.0932    0.0414    0.0942    0.0001    0.3459    0.3405        0.1246    0.0110 -592.3648
    0.0826    0.3444    0.0128    0.1322    0.0413    0.0961    0.0001    0.3900    0.3904        0.1999    0.0128 -626.1668
    0.0830    0.3477    0.0313    0.1351    0.0415    0.1050    0.0001    0.4811    0.3462        0.1296   -0.0029 -457.0230
    0.0795    0.3469    0.0343    0.1184    0.0397    0.1055    0.0001    0.5433    0.3039        0.1314    0.0439 -472.8393
    0.0866    0.3312    0.0155    0.0897    0.0433    0.0893    0.0001    0.4708    0.2461        0.1716    0.0036 -529.7602
    0.0794    0.3508    0.0178    0.1246    0.0397    0.1118    0.0001    0.5395    0.2810        0.1681    0.0029 -546.4313
    0.0965    0.3107    0.0100    0.0017    0.0482    0.0491    0.0001    0.3007    0.3061        0.2887    0.0189 -601.9520
    0.0963    0.3095    0.0100    0.0003    0.0481    0.0716    0.0001    0.3097    0.3075        0.2928    0.0557 -618.5344
    0.0842    0.3364    0.1250    0.1224    0.0421    0.0772    0.0001    0.3873    0.2513        0.1483    0.0140 -482.4639
    0.0789    0.3438    0.0318    0.1216    0.0395    0.0941    0.0001    0.4831    0.3281        0.1842    0.0143 -516.7066
    0.0838    0.3384    0.0108    0.0947    0.0419    0.0846    0.0001    0.3605    0.3083        0.1396    0.0086 -582.5436
    0.0814    0.3364    0.0123    0.1222    0.0407    0.0738    0.0001    0.3780    0.3756        0.1883    0.0134 -644.9907
    0.0833    0.3449    0.1909    0.1590    0.0417    0.0829    0.0001    0.3947    0.4747        0.1773    0.0081 -515.1326
    0.0786    0.3448    0.0857    0.1444    0.0393    0.0829    0.0001    0.4848    0.3710        0.2508    0.0097 -544.4421
    0.0790    0.3474    0.0133    0.1142    0.0395    0.1146    0.0001    0.4058    0.3965        0.2186   -0.0060 -637.4264
    0.0816    0.3512    0.0146    0.1441    0.0408    0.1124    0.0001    0.4490    0.4449        0.2235    0.0318 -654.0712
    0.0763    0.3437    0.0150    0.1132    0.0381    0.0911    0.0001    0.4547    0.2381        0.1390    0.0110 -576.1002
    0.0762    0.3502    0.0189    0.1304    0.0381    0.0957    0.0001    0.5776    0.3018        0.1734    0.0749 -589.9315
    0.0762    0.3431    0.0442    0.1053    0.0381    0.1004    0.0001    0.4064    0.3454        0.1109    0.0060 -479.6207
    0.0837    0.3389    0.0445    0.1207    0.0418    0.0919    0.0001    0.4389    0.3665        0.1754    0.1085 -504.2440
    0.0785    0.3591    0.1576    0.1497    0.0393    0.1218    0.0001    0.6566    0.4446        0.1744    0.0115 -533.4996
    0.0738    0.3570    0.0576    0.1315    0.0369    0.1169    0.0001    0.5252    0.4444        0.2069    0.0113 -550.0005
    0.0980    0.3020    0.0100    0.0592    0.0490    0.0582    0.0001    0.3077    0.3011        0.0967    0.0093 -541.9719
    0.0886    0.3486    0.0143    0.1564    0.0443    0.1068    0.0001    0.4446    0.4498        0.2304    0.0537 -599.4517
    0.0928    0.3023    0.0184    0.0336    0.0464    0.0700    0.0001    0.2968    0.2746        0.0659    0.0044 -376.9086
    0.0902    0.3401    0.0263    0.1435    0.0451    0.0900    0.0001    0.4200    0.3892        0.1912    0.0265 -432.7367
    0.0850    0.3339    0.0128    0.0764    0.0425    0.1010    0.0001    0.4119    0.3691        0.0824    0.0023 -599.6389
    0.0797    0.3463    0.0147    0.1265    0.0398    0.0956    0.0001    0.4524    0.4478        0.1397    0.0020 -637.5408
    0.0813    0.3376    0.0312    0.0995    0.0407    0.0867    0.0001    0.4882    0.1928        0.1895    0.0138 -492.2330
    0.0830    0.3436    0.0319    0.1255    0.0415    0.0939    0.0001    0.4937    0.2984        0.2099    0.0963 -525.8983
    0.0776    0.3599    0.0579    0.1359    0.0388    0.1251    0.0001    0.4993    0.3384        0.1364    0.0072 -390.9263
    0.0845    0.3520    0.1172    0.1565    0.0422    0.1078    0.0001    0.5309    0.3732        0.1968    0.0265 -407.1749
    0.0707    0.3543    0.0100    0.1207    0.0353    0.1233    0.0001    0.3120    0.3092        0.1516    0.0087 -611.0120
    0.0764    0.3414    0.0100    0.1134    0.0382    0.0949    0.0001    0.3102    0.3082        0.1580    0.0090 -623.6486
    0.0750    0.3462    0.0101    0.1029    0.0375    0.1187    0.0001    0.3016    0.1604        0.1436    0.0038 -514.3992
    0.0807    0.3435    0.0145    0.1245    0.0403    0.0959    0.0001    0.4407    0.2343        0.2163    0.0802 -568.5357
    0.0901    0.3334    0.0863    0.1178    0.0450    0.0754    0.0001    0.4625    0.3779        0.1434   -0.0046 -461.1501
    0.0841    0.3472    0.0361    0.1299    0.0420    0.0909    0.0001    0.5567    0.3479        0.1822    0.0222 -485.6370
    0.0802    0.3400    0.0103    0.0953    0.0401    0.0947    0.0001    0.3190    0.3150        0.1356    0.0132 -626.9370
    0.0809    0.3485    0.0140    0.1278    0.0405    0.1052    0.0001    0.4307    0.4238        0.2175    0.0319 -661.5544
    0.0791    0.3368    0.0106    0.1063    0.0395    0.0974    0.0001    0.3245    0.3288        0.1613   -0.0078 -612.4539
    0.0806    0.3408    0.0132    0.1437    0.0403    0.0820    0.0001    0.4048    0.4047        0.2043    0.0216 -634.1940
    0.0746    0.3509    0.0133    0.1034    0.0373    0.1277    0.0001    0.4091    0.4145        0.1933   -0.0031 -566.9210
    0.0754    0.3499    0.0123    0.1327    0.0377    0.1024    0.0001    0.3795    0.3752        0.1897   -0.0025 -590.5406
    0.0867    0.3491    0.2560    0.1518    0.0434    0.1108    0.0001    0.5906    0.5498        0.3208    0.0136 -490.7895
    0.0729    0.3507    0.0294    0.1272    0.0364    0.1068    0.0001    0.4741    0.3780        0.1411    0.0176 -518.9222
    0.0776    0.3544    0.1503    0.1398    0.0388    0.1323    0.0001    0.4830    0.2891        0.2004    0.0041 -382.2940
    0.0792    0.3489    0.1160    0.1493    0.0396    0.0963    0.0001    0.4864    0.3526        0.1970    0.0046 -414.6230
    0.0837    0.3424    0.0130    0.1285    0.0419    0.0825    0.0001    0.3963    0.4010        0.1329    0.0063 -505.9975
    0.0786    0.3524    0.0138    0.1413    0.0393    0.1004    0.0001    0.4227    0.4257        0.1296    0.0136 -518.0178
    0.0784    0.3638    0.0100    0.1406    0.0392    0.1278    0.0001    0.7399    0.2958        0.1812    0.0020 -615.3388
    0.0820    0.3591    0.0100    0.1465    0.0410    0.1179    0.0001    0.7741    0.3072        0.1615    0.0333 -650.0370
    0.0762    0.3591    0.0796    0.1245    0.0381    0.1508    0.0001    0.4737    0.4184        0.1700    0.0044 -452.8728
    0.0789    0.3543    0.0858    0.1398    0.0394    0.1129    0.0001    0.4938    0.3988        0.2170    0.0049 -473.7673
    0.0877    0.3670    0.0100    0.1757    0.0439    0.1418    0.0001    0.6759    0.3205        0.1599   -0.0092 -571.6508
    0.0841    0.3504    0.0100    0.1603    0.0420    0.1042    0.0001    0.7585    0.3099        0.1560   -0.0095 -649.4724
    0.0811    0.3398    0.0119    0.1121    0.0405    0.1051    0.0001    0.3711    0.1810        0.0978    0.0105 -421.4623
    0.0804    0.3542    0.0176    0.1460    0.0402    0.1131    0.0001    0.5247    0.2858        0.1570    0.0326 -455.6611
    0.0842    0.3413    0.0167    0.0807    0.0421    0.1562    0.0001    0.2937    0.4857        0.1165   -0.0002 -501.6013
    0.0790    0.3487    0.0170    0.1228    0.0395    0.1048    0.0001    0.2753    0.5117        0.1583   -0.0003 -551.1114
    0.0774    0.3576    0.1616    0.1440    0.0387    0.1222    0.0001    0.6050    0.4203        0.1307    0.0004 -460.2243
    0.0723    0.3539    0.0355    0.1292    0.0361    0.1140    0.0001    0.5459    0.3415        0.1271    0.0003 -486.0396
    0.0786    0.3459    0.0127    0.1178    0.0393    0.0942    0.0001    0.3915    0.3873        0.0988    0.0080 -629.9000
    0.0803    0.3474    0.0157    0.1348    0.0402    0.0924    0.0001    0.4869    0.4579        0.1515    0.0468 -643.9074
    0.0859    0.3420    0.0100    0.1312    0.0430    0.0795    0.0001    0.7295    0.3159        0.1649    0.0107 -699.6334
    0.0829    0.3528    0.0101    0.1472    0.0414    0.1113    0.0001    0.7636    0.3095        0.1585    0.0832 -736.6292
    0.0786    0.3368    0.0100    0.1044    0.0393    0.0879    0.0001    0.3092    0.3026        0.0925    0.0051 -564.9240
    0.0772    0.3468    0.0109    0.1316    0.0386    0.0990    0.0001    0.3408    0.3356        0.1725    0.0054 -601.0144
    0.0796    0.3458    0.0480    0.1404    0.0398    0.0956    0.0001    0.4377    0.3803        0.1593    0.0131 -441.3342
    0.0802    0.3458    0.0535    0.1418    0.0401    0.0956    0.0001    0.4633    0.3876        0.1471    0.0655 -447.2103
    0.0862    0.3354    0.0281    0.1000    0.0431    0.0853    0.0001    0.4312    0.2710        0.0598    0.0014 -408.0334
    0.0879    0.3392    0.0241    0.1281    0.0440    0.0815    0.0001    0.3852    0.3658        0.1802    0.0022 -444.4938
    0.0760    0.3503    0.0504    0.1320    0.0380    0.1050    0.0001    0.4335    0.2354        0.1219    0.0108 -449.1292
    0.0819    0.3477    0.0550    0.1484    0.0409    0.0984    0.0001    0.4897    0.3788        0.1737    0.0283 -470.7491
    0.0793    0.3431    0.0131    0.1133    0.0396    0.0890    0.0001    0.4041    0.4019        0.1516    0.0217 -618.1473
    0.0755    0.3518    0.0125    0.1383    0.0378    0.0976    0.0001    0.3905    0.3831        0.1954    0.0906 -651.0731
    0.0808    0.3479    0.1896    0.1556    0.0404    0.1048    0.0001    0.3442    0.4257        0.1175    0.0084 -459.7555
    0.0729    0.3432    0.0137    0.1241    0.0364    0.1005    0.0001    0.4160    0.4200        0.1379    0.0097 -621.6006
    0.0739    0.3515    0.1890    0.1209    0.0370    0.1258    0.0001    0.5373    0.3136        0.0987    0.0063 -451.9184
    0.0712    0.3578    0.0132    0.1236    0.0356    0.1198    0.0001    0.4026    0.4013        0.1295    0.0058 -627.1362
    0.0712    0.3573    0.0125    0.1181    0.0356    0.1124    0.0001    0.3695    0.3917        0.1240    0.0114 -619.6446
    0.0766    0.3513    0.0138    0.1284    0.0383    0.1064    0.0001    0.4129    0.4152        0.2143    0.0255 -659.2971
    0.0819    0.3319    0.0100    0.0982    0.0410    0.1124    0.0001    0.3232    0.2519        0.1170    0.0108 -499.0119
    0.0827    0.3358    0.0119    0.1177    0.0413    0.0830    0.0001    0.3690    0.3542        0.1847    0.0360 -616.0413
    0.0787    0.3524    0.0789    0.1454    0.0393    0.1074    0.0001    0.4873    0.3539        0.1768    0.0045 -439.9380
    0.0788    0.3532    0.0866    0.1494    0.0394    0.1074    0.0001    0.5037    0.3591        0.1882    0.0044 -441.4557
    0.0768    0.3502    0.0123    0.1285    0.0384    0.1167    0.0001    0.4209    0.3289        0.1571    0.0086 -476.3118
    0.0782    0.3470    0.0124    0.1300    0.0391    0.1019    0.0001    0.3811    0.3700        0.1904    0.0499 -560.9714
    0.0790    0.3411    0.0112    0.1071    0.0395    0.1025    0.0001    0.3451    0.3424        0.1741   -0.0064 -593.8485
    0.0781    0.3475    0.0131    0.1398    0.0391    0.0990    0.0001    0.4021    0.4081        0.2105    0.0470 -610.5259
    0.0800    0.3397    0.0100    0.0963    0.0400    0.1081    0.0001    0.3172    0.3095        0.2970    0.0057 -653.6876
    0.0802    0.3454    0.0111    0.1227    0.0401    0.1042    0.0001    0.3465    0.3435        0.3296    0.0276 -659.9310
    0.0819    0.3430    0.0100    0.1119    0.0409    0.1186    0.0001    0.3083    0.3007        0.1431    0.0037 -582.0809
    0.0840    0.3453    0.0139    0.1445    0.0420    0.0868    0.0001    0.4302    0.4263        0.2152    0.0133 -624.8277
    0.0769    0.3472    0.0256    0.1303    0.0384    0.1004    0.0001    0.4222    0.3663        0.1891    0.0136 -466.7889
    0.0801    0.3461    0.0298    0.1471    0.0400    0.0949    0.0001    0.4715    0.4435        0.1663    0.0302 -481.1725
    0.0694    0.3581    0.0553    0.1013    0.0347    0.1461    0.0001    0.4816    0.3483        0.1289    0.0216 -472.8020
    0.0702    0.3638    0.0570    0.1307    0.0351    0.1313    0.0001    0.5198    0.4399        0.1753    0.0350 -501.9025
    0.0857    0.3246    0.0100    0.0900    0.0428    0.0698    0.0001    0.3099    0.3088        0.1531   -0.0009 -624.0800
    0.0833    0.3410    0.0131    0.1292    0.0417    0.0864    0.0001    0.4051    0.3970        0.2035   -0.0014 -639.4126
    0.0787    0.3401    0.0177    0.1022    0.0393    0.1086    0.0001    0.5124    0.3243        0.0765    0.0065 -506.9717
    0.0781    0.3484    0.0173    0.1279    0.0391    0.1067    0.0001    0.5251    0.2765        0.1576    0.0022 -551.6549
    0.0805    0.3358    0.0110    0.1006    0.0402    0.0881    0.0001    0.3390    0.3354        0.1043    0.0045 -616.5541
    0.0843    0.3440    0.0128    0.1344    0.0422    0.0956    0.0001    0.4080    0.3968        0.1957    0.1105 -658.5062
    0.0793    0.3506    0.1388    0.1417    0.0396    0.1286    0.0001    0.5425    0.3644        0.1539    0.0081 -431.5342
    0.0810    0.3431    0.0516    0.1476    0.0405    0.0883    0.0001    0.4653    0.3572        0.1799    0.0082 -463.5992
    0.0820    0.3465    0.1022    0.1351    0.0410    0.1002    0.0001    0.4103    0.4295        0.1289    0.0236 -484.2578
    0.0797    0.3493    0.0539    0.1392    0.0398    0.1026    0.0001    0.4536    0.4356        0.1836    0.0879 -504.6750
    0.0844    0.3497    0.0156    0.1173    0.0422    0.1339    0.0001    0.4784    0.4596        0.1714   -0.0042 -529.4955
    0.0836    0.3481    0.0138    0.1454    0.0418    0.1031    0.0001    0.4267    0.4228        0.2126   -0.0037 -574.2158
    0.0679    0.3650    0.0212    0.1113    0.0339    0.1365    0.0001    0.6113    0.3569        0.0751   -0.0119 -524.3443
    0.0681    0.3647    0.0201    0.1263    0.0340    0.1324    0.0001    0.6100    0.3149        0.1758   -0.0113 -562.1630
    0.0748    0.3364    0.0158    0.1221    0.0374    0.0726    0.0001    0.4590    0.2738        0.1074    0.0077 -520.5202
    0.0772    0.3472    0.0170    0.1227    0.0386    0.1029    0.0001    0.5126    0.2708        0.1701    0.0127 -557.0018
    0.0763    0.3585    0.1894    0.1457    0.0382    0.1203    0.0001    0.4455    0.5209        0.2439    0.0212 -445.7627
    0.0718    0.3585    0.0611    0.1354    0.0359    0.1204    0.0001    0.5256    0.3248        0.2071    0.0290 -467.8858
    0.0771    0.3525    0.0153    0.1177    0.0385    0.1152    0.0001    0.4621    0.2464        0.1305    0.0087 -529.1887
    0.0752    0.3552    0.0154    0.1171    0.0376    0.1092    0.0001    0.4728    0.2467        0.1370    0.0089 -532.4625
    0.0817    0.3457    0.0283    0.1467    0.0408    0.0881    0.0001    0.4353    0.3198        0.0973    0.0071 -451.7400
    0.0808    0.3453    0.0259    0.1332    0.0404    0.0941    0.0001    0.4126    0.3944        0.1604    0.0072 -481.3091
    0.0842    0.3408    0.0833    0.1259    0.0421    0.0921    0.0001    0.4985    0.3155        0.2149    0.0140 -446.7955
    0.0800    0.3479    0.0495    0.1437    0.0400    0.0950    0.0001    0.4548    0.3810        0.1896    0.0542 -463.3459
    0.0858    0.3353    0.1229    0.0852    0.0429    0.1085    0.0001    0.4317    0.3546        0.1831   -0.0026 -422.0063
    0.0857    0.3458    0.0805    0.1422    0.0428    0.0977    0.0001    0.4767    0.3926        0.1853    0.0227 -454.3795
    0.0756    0.3599    0.1495    0.1267    0.0378    0.1268    0.0001    0.5386    0.5205        0.2112    0.0106 -509.3302
    0.0752    0.3573    0.0951    0.1413    0.0376    0.1181    0.0001    0.5405    0.4913        0.2420    0.0147 -525.5460
    0.0826    0.3485    0.1907    0.1491    0.0413    0.1018    0.0001    0.6810    0.3529        0.2372   -0.0138 -501.9448
    0.0763    0.3490    0.0568    0.1315    0.0381    0.1035    0.0001    0.5075    0.4057        0.1906   -0.0166 -523.9742
    0.0788    0.3507    0.0319    0.1401    0.0394    0.1032    0.0001    0.4937    0.3672        0.1198    0.0087 -471.8654
    0.0802    0.3501    0.0297    0.1418    0.0401    0.1011    0.0001    0.4704    0.4594        0.1886    0.0260 -499.9569
    0.0755    0.3525    0.0137    0.1211    0.0378    0.1069    0.0001    0.3940    0.2704        0.1289    0.0029 -517.6420
    0.0754    0.3538    0.0182    0.1361    0.0377    0.1033    0.0001    0.5496    0.2903        0.1685    0.0037 -572.8758
    0.0841    0.3301    0.0226    0.0719    0.0421    0.0888    0.0001    0.3743    0.3034        0.1749    0.0188 -476.3491
    0.0786    0.3438    0.0241    0.1156    0.0393    0.0951    0.0001    0.3800    0.3695        0.1513    0.0825 -515.9912
    0.0822    0.3333    0.0141    0.1193    0.0411    0.0659    0.0001    0.4210    0.2302        0.1116    0.0129 -545.3397
    0.0765    0.3492    0.0174    0.1318    0.0383    0.0931    0.0001    0.5248    0.2734        0.1538    0.0176 -561.6946
    0.0772    0.3456    0.0123    0.1060    0.0386    0.1092    0.0001    0.3832    0.3748        0.1860   -0.0014 -628.9854
    0.0785    0.3445    0.0129    0.1203    0.0393    0.1041    0.0001    0.3942    0.3969        0.2015    0.0167 -634.7568
    0.0697    0.3467    0.0115    0.0769    0.0348    0.1093    0.0001    0.3690    0.3258        0.1153    0.0099 -480.0102
    0.0815    0.3488    0.0132    0.1418    0.0408    0.0982    0.0001    0.4124    0.3994        0.2058    0.0075 -571.0251
    0.0895    0.3223    0.0245    0.0579    0.0447    0.1019    0.0001    0.3781    0.2483        0.2141    0.0137 -429.7727
    0.0864    0.3418    0.0274    0.1429    0.0432    0.0898    0.0001    0.4356    0.4158        0.2243    0.0180 -482.0717
    0.0740    0.3416    0.0122    0.1100    0.0370    0.0877    0.0001    0.3752    0.3623        0.0952    0.0079 -583.0162
    0.0752    0.3540    0.0143    0.1394    0.0376    0.1146    0.0001    0.4445    0.4361        0.1418    0.0156 -605.3224
    0.0758    0.3333    0.0771    0.0787    0.0379    0.1064    0.0001    0.2671    0.2751        0.0883    0.0132 -431.1551
    0.0750    0.3419    0.0406    0.1249    0.0375    0.0838    0.0001    0.3556    0.3668        0.1686    0.0225 -477.4956
    0.0833    0.3397    0.0143    0.1142    0.0416    0.1067    0.0001    0.4360    0.2343        0.1186    0.0102 -497.5925
    0.0799    0.3522    0.0190    0.1469    0.0400    0.1054    0.0001    0.5798    0.3052        0.1972    0.0715 -526.9357
    0.0772    0.3501    0.0264    0.1431    0.0386    0.1064    0.0001    0.4125    0.2236        0.1299    0.0052 -413.5260
    0.0818    0.3449    0.0257    0.1390    0.0409    0.0954    0.0001    0.4035    0.3980        0.1626   -0.0007 -455.2648
    0.0795    0.3469    0.0917    0.1358    0.0398    0.0989    0.0001    0.5323    0.3952        0.1378    0.0004 -509.6603
    0.0777    0.3467    0.0573    0.1276    0.0388    0.0987    0.0001    0.5049    0.3566        0.1817    0.0008 -515.9477
    0.0749    0.3533    0.0144    0.1223    0.0374    0.1065    0.0001    0.4397    0.4400        0.0934    0.0117 -591.3669
    0.0729    0.3527    0.0126    0.1277    0.0364    0.1017    0.0001    0.3901    0.3843        0.1192    0.0393 -607.6399
    0.0811    0.3420    0.0336    0.1365    0.0406    0.0846    0.0001    0.5118    0.3427        0.1417    0.0073 -519.2713
    0.0739    0.3496    0.0310    0.1268    0.0369    0.0992    0.0001    0.4799    0.3098        0.1646    0.0327 -535.9433
    0.0783    0.3372    0.0100    0.1088    0.0391    0.0878    0.0001    0.3093    0.3050        0.1595    0.0103 -611.1173
    0.0786    0.3441    0.0122    0.1300    0.0393    0.0895    0.0001    0.3751    0.3721        0.1890    0.0818 -627.8430
    0.0850    0.3620    0.0100    0.1636    0.0425    0.1205    0.0001    0.6473    0.3380        0.1199   -0.0056 -523.1262
    0.0817    0.3555    0.0100    0.1514    0.0408    0.1113    0.0001    0.7549    0.3079        0.1570   -0.0053 -623.9886
    0.0779    0.3416    0.0100    0.1121    0.0390    0.1135    0.0001    0.3074    0.3036        0.1580    0.0070 -588.0342
    0.0795    0.3438    0.0126    0.1339    0.0398    0.0922    0.0001    0.3843    0.3805        0.1929    0.1024 -620.5656
    0.0855    0.3325    0.0153    0.0723    0.0428    0.1043    0.0001    0.4704    0.2399        0.1120    0.0033 -449.3557
    0.0767    0.3573    0.0177    0.1424    0.0383    0.1188    0.0001    0.5381    0.2770        0.1666    0.0038 -482.7173
    0.0800    0.3400    0.0459    0.1248    0.0400    0.0824    0.0001    0.4120    0.4002        0.1470    0.0120 -506.2196
    0.0807    0.3415    0.0509    0.1503    0.0404    0.0824    0.0001    0.4922    0.4443        0.2180    0.0611 -520.0894
    0.0750    0.3501    0.0146    0.1176    0.0375    0.1071    0.0001    0.4656    0.4259        0.1282    0.0051 -634.8012
    0.0751    0.3482    0.0136    0.1229    0.0376    0.1058    0.0001    0.4139    0.4089        0.1231    0.0736 -657.4456
    0.0767    0.3522    0.0517    0.1296    0.0384    0.1126    0.0001    0.4715    0.3017        0.1026    0.0017 -410.6825
    0.0837    0.3443    0.0616    0.1475    0.0419    0.0936    0.0001    0.5086    0.3626        0.1725    0.0033 -424.3320
    0.0838    0.3526    0.0121    0.1283    0.0419    0.1328    0.0001    0.3783    0.3583        0.1259    0.0100 -539.4446
    0.0792    0.3514    0.0135    0.1377    0.0396    0.1023    0.0001    0.4216    0.4116        0.1241    0.0203 -573.7099
