   0.084   0.088   0.235   0.129   0.034   0.460   0.195   0.417   0.181   0.130  -0.163     -357.03894
   0.127   0.065   0.377   0.103   0.055   0.288   0.191   0.198   0.140   0.094  -0.123     -475.46136
   0.158   0.079   0.225   0.264   0.037   0.499   0.198   0.353   0.399   0.061  -0.043     -370.55399
   0.122   0.067   0.600   0.140   0.032   0.256   0.199   0.345   0.206   0.080  -0.147     -584.01747
   0.097   0.065   0.475   0.133   0.035   0.366   0.168   0.373   0.203   0.102  -0.179     -511.91527
   0.086   0.069   0.321   0.134   0.023   0.315   0.218   0.465   0.124   0.089  -0.104     -627.91739
   0.096   0.083   0.423   0.200   0.036   0.443   0.226   0.175   0.160   0.095  -0.141        3.41519
   0.104   0.088   0.522   0.134   0.029   0.437   0.239   0.342   0.253   0.127  -0.051     -186.88212
   0.148   0.077   0.309   0.175   0.025   0.399   0.223   0.381   0.151   0.087  -0.079     -291.92502
   0.107   0.098   0.374   0.096   0.027   0.492   0.209   0.355   0.348   0.298  -0.088     -540.70793
   0.114   0.102   0.533   0.102   0.022   0.497   0.215   0.452   0.267   0.295  -0.153     -459.56837
   0.096   0.073   0.540   0.150   0.030   0.378   0.238   0.256   0.180   0.099  -0.098     -358.85995
   0.176   0.075   0.340   0.135   0.049   0.476   0.208   0.138   0.255   0.182  -0.069     -197.36655
   0.177   0.123   0.537   0.214   0.034   0.506   0.193   0.279   0.072   0.256  -0.063      275.62539
   0.092   0.098   0.367   0.081   0.018   0.460   0.208   0.348   0.261   0.031  -0.048     -182.94733
   0.184   0.071   0.534   0.124   0.043   0.450   0.214   0.299   0.218   0.108  -0.111     -420.30342
   0.089   0.091   0.233   0.178   0.035   0.494   0.203   0.457   0.097   0.107  -0.077     -210.40739
   0.100   0.105   0.338   0.158   0.029   0.491   0.227   0.316   0.545   0.102  -0.135     -301.25642
   0.118   0.079   0.296   0.114   0.026   0.394   0.205   0.420   0.180   0.102  -0.135     -398.75441
   0.157   0.082   0.556   0.155   0.030   0.259   0.246   0.354   0.273   0.093  -0.083     -394.04653
   0.154   0.094   0.439   0.129   0.026   0.461   0.216   0.169   0.133   0.156  -0.164      -62.59753
   0.134   0.089   0.502   0.159   0.039   0.403   0.197   0.223   0.191   0.091  -0.202     -219.39104
   0.100   0.079   0.499   0.189   0.032   0.395   0.215   0.284   0.198   0.071  -0.187     -220.21182
   0.134   0.107   0.464   0.121   0.032   0.536   0.217   0.246   0.256   0.048  -0.128       37.50226
   0.113   0.099   0.208   0.238   0.033   0.441   0.226   0.437   0.131   0.048  -0.058       -1.08254
   0.070   0.103   0.441   0.120   0.022   0.513   0.187   0.314   0.338   0.099  -0.123     -199.24028
   0.135   0.101   0.381   0.155   0.037   0.402   0.203   0.325   0.143   0.276  -0.151     -215.69664
   0.155   0.075   0.299   0.262   0.032   0.517   0.218   0.425   0.274   0.069  -0.172     -359.04663
   0.135   0.075   0.455   0.204   0.043   0.466   0.225   0.345   0.159   0.092  -0.099     -268.64462
   0.087   0.071   0.433   0.193   0.029   0.374   0.220   0.241   0.206   0.102  -0.216     -441.67292
   0.148   0.096   0.303   0.107   0.034   0.459   0.235   0.364   0.175   0.103  -0.135     -102.63182
   0.119   0.093   0.386   0.098   0.030   0.365   0.221   0.474   0.394   0.062  -0.070     -473.52766
   0.172   0.094   0.325   0.091   0.052   0.466   0.205   0.275   0.238   0.204  -0.052     -210.16058
   0.103   0.076   0.306   0.103   0.061   0.363   0.200   0.332   0.309   0.068  -0.065     -448.95383
   0.181   0.099   0.269   0.060   0.031   0.552   0.211   0.392   0.178   0.060  -0.251     -242.53683
   0.112   0.095   0.354   0.123   0.038   0.421   0.216   0.322   0.280   0.182  -0.178     -357.55114
   0.113   0.104   0.460   0.208   0.024   0.465   0.227   0.607   0.078   0.090  -0.039        9.42886
   0.115   0.086   0.482   0.161   0.034   0.339   0.182   0.275   0.227   0.092  -0.204     -133.95816
   0.107   0.100   0.535   0.213   0.024   0.475   0.199   0.253   0.181   0.140  -0.104        1.38627
   0.101   0.113   0.544   0.293   0.028   0.474   0.237   0.147   0.387   0.063  -0.063      197.17305
   0.115   0.083   0.480   0.202   0.032   0.412   0.195   0.239   0.220   0.105  -0.216     -106.37180
   0.142   0.095   0.402   0.172   0.025   0.459   0.238   0.391   0.187   0.078  -0.083      -86.91427
   0.070   0.084   0.520   0.262   0.042   0.437   0.216   0.450   0.296   0.064  -0.043     -253.94646
   0.091   0.084   0.422   0.200   0.030   0.466   0.176   0.513   0.080   0.070  -0.125     -324.00688
   0.155   0.117   0.304   0.206   0.017   0.498   0.228   0.271   0.274   0.097  -0.038      231.83977
   0.128   0.100   0.481   0.116   0.047   0.421   0.231   0.540   0.246   0.257  -0.064     -360.47645
   0.199   0.090   0.285   0.098   0.038   0.398   0.226   0.181   0.178   0.251  -0.150     -271.11690
   0.118   0.106   0.468   0.153   0.032   0.342   0.239   0.260   0.197   0.086  -0.081       22.44121
   0.085   0.087   0.387   0.133   0.031   0.458   0.188   0.239   0.172   0.176  -0.144     -310.74426
   0.069   0.102   0.237   0.145   0.049   0.475   0.222   0.202   0.176   0.135  -0.114      134.09139
