   0.125   0.102   0.175   0.065   0.044   0.542   0.171   0.309   0.166   0.110  -0.089      -56.53936
   0.131   0.086   0.321   0.072   0.092   0.419   0.226   0.170   0.118   0.250  -0.049      -83.06826
   0.129   0.080   0.223   0.134   0.032   0.498   0.169   0.345   0.210   0.094  -0.267      394.80338
   0.120   0.080   0.528   0.088   0.063   0.416   0.199   0.335   0.182   0.084  -0.042     -277.07903
   0.073   0.077   0.441   0.122   0.091   0.481   0.207   0.424   0.249   0.069  -0.040     -177.75369
   0.082   0.096   0.242   0.104   0.036   0.483   0.164   0.334   0.129   0.158  -0.037     -138.37074
   0.089   0.113   0.340   0.251   0.065   0.537   0.175   0.118   0.146   0.152  -0.038      279.00394
   0.088   0.109   0.462   0.177   0.030   0.555   0.214   0.315   0.298   0.120  -0.043      124.60738
   0.212   0.111   0.231   0.225   0.034   0.542   0.169   0.395   0.163   0.097  -0.025       59.28111
   0.130   0.102   0.331   0.087   0.031   0.522   0.196   0.261   0.254   0.249  -0.045     -198.24309
   0.138   0.109   0.496   0.102   0.023   0.505   0.190   0.375   0.197   0.240  -0.136     -222.15614
   0.078   0.098   0.458   0.165   0.029   0.514   0.173   0.250   0.193   0.122  -0.054      -27.69528
   0.145   0.099   0.289   0.203   0.073   0.565   0.197   0.167   0.277   0.148  -0.055      104.32676
   0.195   0.139   0.503   0.255   0.031   0.529   0.208   0.216   0.092   0.236  -0.077      504.36309
   0.070   0.120   0.321   0.133   0.022   0.504   0.196   0.354   0.262   0.031  -0.045      149.16623
   0.134   0.102   0.451   0.135   0.050   0.550   0.156   0.272   0.215   0.140  -0.047       31.59579
   0.102   0.092   0.207   0.100   0.110   0.505   0.182   0.343   0.081   0.123  -0.077      102.57806
   0.058   0.115   0.283   0.095   0.031   0.495   0.221   0.228   0.352   0.118  -0.100        9.13911
   0.102   0.103   0.225   0.119   0.055   0.543   0.167   0.342   0.225   0.104  -0.055       15.29671
   0.138   0.095   0.488   0.125   0.046   0.378   0.245   0.351   0.317   0.078  -0.032     -218.91024
   0.159   0.110   0.361   0.090   0.020   0.518   0.155   0.151   0.124   0.146  -0.071      230.77159
   0.122   0.108   0.435   0.130   0.033   0.476   0.171   0.171   0.204   0.083  -0.082      132.03058
   0.076   0.111   0.403   0.184   0.055   0.512   0.160   0.307   0.227   0.060  -0.062       65.61258
   0.135   0.125   0.404   0.152   0.046   0.548   0.201   0.236   0.258   0.039  -0.101      306.38291
   0.114   0.087   0.213   0.166   0.035   0.436   0.177   0.303   0.208   0.095  -0.253      636.66586
   0.114   0.101   0.400   0.070   0.028   0.556   0.175   0.239   0.259   0.073  -0.084       -7.17423
   0.177   0.116   0.305   0.083   0.036   0.520   0.151   0.259   0.125   0.253  -0.058       28.45347
   0.129   0.109   0.231   0.284   0.042   0.576   0.176   0.324   0.286   0.042  -0.080       99.20809
   0.205   0.109   0.380   0.246   0.033   0.538   0.199   0.327   0.197   0.106  -0.068      128.19649
   0.086   0.095   0.353   0.101   0.036   0.536   0.172   0.141   0.181   0.191  -0.063      -22.61075
   0.149   0.110   0.239   0.093   0.040   0.547   0.178   0.287   0.198   0.091  -0.060      173.02331
   0.103   0.108   0.308   0.079   0.047   0.502   0.171   0.310   0.343   0.062  -0.027      -85.80854
   0.180   0.106   0.258   0.103   0.048   0.531   0.166   0.253   0.211   0.168  -0.038       63.46485
   0.131   0.095   0.260   0.120   0.125   0.431   0.182   0.263   0.218   0.083  -0.044       20.09651
   0.168   0.104   0.239   0.065   0.070   0.563   0.192   0.361   0.146   0.038  -0.193       21.34445
   0.073   0.111   0.292   0.108   0.061   0.544   0.166   0.340   0.275   0.202  -0.068      -74.90293
   0.125   0.129   0.404   0.273   0.036   0.537   0.180   0.515   0.063   0.081  -0.028      304.85617
   0.175   0.114   0.403   0.123   0.030   0.498   0.201   0.227   0.257   0.164  -0.028      132.63419
   0.121   0.120   0.473   0.177   0.034   0.536   0.149   0.238   0.210   0.120  -0.058      247.72091
   0.129   0.138   0.480   0.300   0.024   0.549   0.199   0.186   0.315   0.074  -0.053      468.72629
   0.130   0.097   0.432   0.277   0.038   0.524   0.212   0.211   0.178   0.146  -0.055       54.91007
   0.099   0.115   0.345   0.230   0.044   0.512   0.198   0.353   0.210   0.089  -0.061      129.75640
   0.080   0.103   0.463   0.228   0.071   0.516   0.186   0.387   0.273   0.068  -0.033       36.06488
   0.075   0.116   0.375   0.290   0.025   0.523   0.190   0.508   0.082   0.063  -0.084       72.13562
   0.153   0.131   0.259   0.252   0.022   0.535   0.177   0.256   0.274   0.102  -0.042      344.94415
   0.103   0.108   0.438   0.105   0.067   0.510   0.213   0.466   0.245   0.283  -0.052     -153.89489
   0.159   0.104   0.211   0.089   0.042   0.541   0.187   0.172   0.228   0.220  -0.066       12.16456
   0.117   0.116   0.396   0.109   0.038   0.436   0.193   0.243   0.153   0.077  -0.032      224.15587
   0.055   0.101   0.345   0.077   0.040   0.525   0.179   0.193   0.147   0.218  -0.084      -28.65979
   0.062   0.118   0.159   0.092   0.058   0.525   0.146   0.149   0.157   0.107  -0.095      388.43087
