   0.093   0.090   0.236   0.129   0.030   0.201   0.438   0.211   0.147  -0.125 -372.877
   0.066   0.078   0.329   0.149   0.024   0.177   0.169   0.202   0.443  -0.036 -467.590
   0.118   0.085   0.230   0.240   0.054   0.202   0.399   0.392   0.078  -0.059 -365.837
   0.097   0.068   0.580   0.148   0.028   0.191   0.432   0.244   0.097  -0.115 -418.132
   0.091   0.066   0.460   0.133   0.022   0.211   0.465   0.274   0.063  -0.060 -583.864
   0.112   0.073   0.303   0.110   0.023   0.205   0.671   0.260   0.192  -0.045 -624.907
   0.104   0.081   0.428   0.156   0.040   0.187   0.174   0.159   0.105  -0.138  -4.995
   0.085   0.097   0.498   0.168   0.027   0.205   0.370   0.311   0.150  -0.033 -189.380
   0.112   0.080   0.310   0.139   0.038   0.228   0.397   0.128   0.205  -0.063 -303.332
   0.089   0.094   0.392   0.145   0.024   0.222   0.463   0.378   0.268  -0.097 -539.982
   0.080   0.107   0.532   0.114   0.025   0.212   0.421   0.295   0.283  -0.136 -460.688
   0.082   0.073   0.539   0.155   0.029   0.177   0.271   0.150   0.089  -0.149 -280.610
   0.208   0.083   0.318   0.134   0.016   0.183   0.135   0.238   0.232  -0.052 -206.101
   0.197   0.130   0.525   0.228   0.042   0.164   0.312   0.056   0.220  -0.093 278.842
   0.112   0.102   0.383   0.152   0.030   0.230   0.522   0.308   0.054  -0.039 -186.127
   0.092   0.077   0.529   0.138   0.034   0.203   0.365   0.197   0.132  -0.106 -419.116
   0.206   0.094   0.226   0.176   0.022   0.189   0.446   0.100   0.092  -0.097 -208.942
   0.105   0.101   0.340   0.127   0.021   0.217   0.333   0.577   0.094  -0.102 -298.642
   0.075   0.088   0.280   0.153   0.033   0.202   0.513   0.237   0.141  -0.064 -409.468
   0.101   0.096   0.493   0.183   0.025   0.222   0.442   0.548   0.118  -0.035 -384.962
   0.081   0.101   0.435   0.156   0.022   0.201   0.227   0.179   0.127  -0.177 -61.653
   0.083   0.090   0.492   0.135   0.019   0.216   0.323   0.279   0.157  -0.092 -255.099
   0.106   0.082   0.492   0.145   0.033   0.221   0.366   0.204   0.097  -0.122 -225.079
   0.086   0.099   0.499   0.138   0.049   0.203   0.290   0.260   0.040  -0.164  47.717
   0.109   0.089   0.225   0.161   0.036   0.184   0.344   0.203   0.082  -0.174 149.375
   0.124   0.108   0.445   0.165   0.034   0.194   0.346   0.363   0.111  -0.123 -199.879
   0.122   0.105   0.373   0.169   0.030   0.212   0.330   0.156   0.343  -0.110 -222.495
   0.117   0.068   0.315   0.162   0.035   0.222   0.386   0.215   0.090  -0.197 -353.865
   0.132   0.086   0.444   0.293   0.026   0.215   0.464   0.264   0.072  -0.130 -268.074
   0.105   0.075   0.417   0.131   0.029   0.183   0.246   0.270   0.137  -0.190 -417.026
   0.122   0.098   0.304   0.150   0.024   0.237   0.445   0.178   0.128  -0.137 -86.471
   0.091   0.097   0.374   0.149   0.033   0.198   0.620   0.496   0.115  -0.061 -463.199
   0.095   0.106   0.308   0.135   0.032   0.187   0.317   0.253   0.240  -0.053 -209.283
   0.119   0.084   0.276   0.075   0.019   0.178   0.413   0.306   0.133  -0.041 -439.737
   0.164   0.102   0.281   0.080   0.033   0.212   0.370   0.157   0.052  -0.289 -247.055
   0.170   0.100   0.336   0.089   0.019   0.198   0.372   0.360   0.210  -0.104 -371.303
   0.133   0.110   0.445   0.228   0.026   0.209   0.581   0.072   0.096  -0.039   9.852
   0.216   0.098   0.457   0.192   0.024   0.221   0.327   0.343   0.248  -0.043 -209.086
   0.136   0.104   0.522   0.155   0.020   0.186   0.235   0.190   0.148  -0.089  -2.336
   0.076   0.117   0.529   0.278   0.029   0.211   0.192   0.375   0.071  -0.043 189.538
   0.080   0.084   0.479   0.179   0.051   0.184   0.237   0.223   0.134  -0.139 -130.201
   0.145   0.102   0.398   0.158   0.040   0.228   0.411   0.238   0.068  -0.070 -91.382
   0.133   0.091   0.512   0.283   0.052   0.194   0.410   0.343   0.059  -0.050 -255.461
   0.123   0.085   0.427   0.234   0.031   0.174   0.629   0.112   0.087  -0.100 -331.315
   0.124   0.113   0.313   0.152   0.048   0.246   0.266   0.261   0.083  -0.038 226.639
   0.190   0.103   0.449   0.119   0.022   0.195   0.451   0.277   0.271  -0.041 -361.572
   0.165   0.096   0.269   0.181   0.019   0.236   0.254   0.294   0.390  -0.093 -270.552
   0.259   0.107   0.442   0.165   0.020   0.224   0.351   0.255   0.167  -0.037   0.906
   0.094   0.089   0.390   0.166   0.027   0.192   0.282   0.235   0.180  -0.157 -307.939
   0.124   0.109   0.222   0.180   0.024   0.200   0.219   0.171   0.169  -0.080 131.813
