   0.157   0.081   0.346   0.071   0.002   0.640   0.088   0.395   0.242   0.096   0.006     -376.67595
   0.157   0.083   0.347   0.078   0.002   0.443   0.093   0.425   0.261   0.113   0.013     -485.72589
   0.159   0.079   0.355   0.113   0.002   1.011   0.104   0.435   0.254   0.107   0.009     -385.32806
   0.162   0.077   0.358   0.093   0.002   0.566   0.111   0.437   0.271   0.113   0.008     -334.84869
   0.169   0.079   0.355   0.107   0.002   0.529   0.127   0.437   0.278   0.122   0.009     -367.74226
   0.157   0.077   0.355   0.092   0.002   0.389   0.113   0.421   0.260   0.110   0.012     -396.36806
   0.164   0.080   0.356   0.092   0.002   0.452   0.109   0.455   0.278   0.107   0.009     -383.04289
   0.158   0.080   0.358   0.071   0.002   0.588   0.115   0.413   0.287   0.098   0.007     -397.85604
   0.162   0.081   0.350   0.071   0.002   0.402   0.096   0.426   0.257   0.071   0.007     -353.04828
   0.170   0.080   0.348   0.076   0.003   0.596   0.111   0.402   0.279   0.096   0.007     -370.30236
   0.154   0.075   0.360   0.085   0.003   0.451   0.130   0.419   0.257   0.096   0.010     -400.19753
   0.170   0.084   0.348   0.096   0.002   0.467   0.097   0.395   0.276   0.103   0.012     -291.06897
   0.160   0.077   0.356   0.093   0.002   0.422   0.108   0.429   0.253   0.074   0.014     -353.34991
   0.170   0.082   0.350   0.110   0.003   0.432   0.109   0.403   0.277   0.091   0.009     -288.09201
   0.161   0.080   0.349   0.100   0.002   0.377   0.105   0.409   0.258   0.090   0.009     -381.26459
   0.171   0.085   0.345   0.100   0.003   0.501   0.097   0.404   0.264   0.128   0.009     -272.09327
   0.166   0.084   0.341   0.100   0.003   0.437   0.094   0.386   0.273   0.121   0.007     -375.36765
   0.160   0.079   0.357   0.098   0.002   0.521   0.109   0.423   0.275   0.100   0.010     -382.86717
   0.163   0.077   0.358   0.098   0.002   0.465   0.112   0.439   0.251   0.128   0.014     -351.89230
   0.163   0.074   0.357   0.083   0.002   0.599   0.106   0.394   0.238   0.099   0.009     -256.12857
   0.166   0.078   0.348   0.067   0.002   0.415   0.094   0.389   0.243   0.119   0.006     -410.55350
   0.163   0.082   0.351   0.085   0.002   0.378   0.094   0.375   0.228   0.097   0.012     -378.44172
   0.171   0.086   0.340   0.090   0.002   0.330   0.094   0.389   0.249   0.097   0.006     -271.81868
   0.157   0.081   0.351   0.095   0.002   0.477   0.110   0.378   0.262   0.129   0.010     -340.42402
   0.156   0.080   0.353   0.090   0.003   0.409   0.105   0.438   0.258   0.101   0.006     -327.73536
   0.164   0.081   0.351   0.063   0.002   0.452   0.105   0.405   0.278   0.109   0.012     -394.34194
   0.163   0.082   0.350   0.061   0.002   0.402   0.109   0.384   0.244   0.115   0.008     -326.72541
   0.168   0.076   0.355   0.122   0.002   0.614   0.097   0.430   0.292   0.116   0.015     -360.10671
   0.157   0.075   0.360   0.093   0.002   0.562   0.114   0.406   0.223   0.106   0.011     -327.35921
   0.162   0.078   0.352   0.101   0.002   0.520   0.100   0.393   0.238   0.105   0.011     -323.36804
   0.160   0.080   0.351   0.095   0.002   0.541   0.104   0.373   0.247   0.114   0.012     -251.55573
   0.154   0.080   0.343   0.076   0.002   0.427   0.084   0.372   0.242   0.106   0.009     -389.64999
   0.166   0.080   0.344   0.089   0.002   0.667   0.107   0.400   0.281   0.100   0.008     -347.67791
   0.165   0.083   0.349   0.096   0.003   0.430   0.091   0.416   0.266   0.103   0.012     -295.68456
   0.156   0.076   0.349   0.065   0.002   0.703   0.099   0.396   0.240   0.100   0.009     -438.85540
   0.167   0.083   0.349   0.113   0.003   0.373   0.105   0.422   0.272   0.119   0.011     -377.35271
   0.155   0.079   0.354   0.079   0.002   0.412   0.101   0.423   0.247   0.096   0.006     -378.07934
   0.158   0.077   0.362   0.094   0.002   0.489   0.112   0.436   0.258   0.109   0.009     -336.80683
   0.172   0.081   0.348   0.104   0.002   0.429   0.088   0.405   0.271   0.130   0.011     -355.15503
   0.155   0.078   0.356   0.098   0.002   0.412   0.104   0.432   0.224   0.107   0.010     -392.95436
   0.171   0.078   0.350   0.108   0.002   0.636   0.108   0.433   0.263   0.112   0.010     -384.83118
   0.161   0.081   0.351   0.085   0.003   0.458   0.110   0.399   0.230   0.136   0.012     -364.42809
   0.161   0.079   0.355   0.091   0.003   0.620   0.116   0.410   0.245   0.099   0.010     -353.00752
   0.165   0.080   0.349   0.092   0.002   0.487   0.092   0.387   0.247   0.096   0.009     -322.93635
   0.153   0.077   0.357   0.083   0.002   0.416   0.110   0.410   0.248   0.101   0.011     -351.60786
   0.169   0.078   0.358   0.102   0.002   0.468   0.125   0.428   0.283   0.131   0.007     -400.77042
   0.163   0.078   0.353   0.094   0.002   0.578   0.106   0.402   0.266   0.105   0.010     -388.93705
   0.152   0.080   0.355   0.067   0.003   0.602   0.110   0.398   0.234   0.093   0.012     -387.31756
   0.159   0.083   0.342   0.074   0.002   0.346   0.079   0.375   0.241   0.108   0.008     -341.29487
   0.160   0.079   0.358   0.083   0.003   0.555   0.127   0.391   0.268   0.109   0.013     -348.91961
   0.157   0.080   0.350   0.058   0.002   0.382   0.093   0.393   0.255   0.086   0.016     -361.36688
   0.155   0.079   0.351   0.088   0.002   0.470   0.099   0.393   0.256   0.093   0.009     -422.13556
   0.174   0.078   0.346   0.082   0.002   0.474   0.107   0.400   0.226   0.100   0.011     -345.51680
   0.166   0.086   0.348   0.107   0.003   0.334   0.122   0.397   0.277   0.095   0.007     -308.26386
   0.156   0.079   0.350   0.071   0.003   0.548   0.116   0.393   0.253   0.077   0.008     -334.12087
   0.164   0.080   0.355   0.104   0.002   0.499   0.117   0.461   0.277   0.102   0.016     -374.34541
   0.165   0.079   0.350   0.105   0.002   0.483   0.120   0.395   0.287   0.118   0.012     -316.38119
   0.158   0.079   0.353   0.104   0.002   0.523   0.115   0.396   0.259   0.095   0.010     -304.32750
   0.166   0.082   0.349   0.094   0.003   0.430   0.114   0.378   0.274   0.079   0.007     -325.79812
   0.165   0.082   0.346   0.097   0.002   0.368   0.104   0.391   0.257   0.111   0.010     -238.58868
   0.156   0.080   0.353   0.092   0.003   0.421   0.117   0.380   0.249   0.090   0.006     -374.35067
   0.162   0.080   0.349   0.057   0.002   0.539   0.091   0.381   0.269   0.093   0.007     -386.49218
   0.164   0.080   0.352   0.102   0.002   0.621   0.099   0.437   0.258   0.101   0.009     -365.62281
   0.152   0.080   0.354   0.072   0.002   0.574   0.108   0.395   0.232   0.101   0.010     -344.96993
   0.159   0.081   0.359   0.093   0.002   0.450   0.116   0.414   0.265   0.097   0.008     -324.16306
   0.164   0.079   0.361   0.111   0.003   0.610   0.129   0.453   0.273   0.097   0.008     -346.38439
   0.162   0.079   0.360   0.112   0.002   0.453   0.132   0.430   0.279   0.096   0.007     -331.53122
   0.156   0.078   0.351   0.075   0.002   0.419   0.115   0.375   0.241   0.095   0.007     -380.96978
   0.169   0.082   0.346   0.085   0.002   0.405   0.089   0.424   0.288   0.105   0.008     -425.19967
   0.164   0.080   0.348   0.092   0.002   0.588   0.104   0.377   0.277   0.083   0.009     -350.90976
   0.163   0.079   0.353   0.105   0.002   0.564   0.101   0.412   0.257   0.092   0.012     -341.19732
   0.153   0.081   0.350   0.061   0.003   0.651   0.099   0.385   0.229   0.059   0.009     -417.33396
   0.166   0.083   0.340   0.085   0.002   0.526   0.091   0.405   0.240   0.130   0.007     -321.53763
   0.157   0.076   0.357   0.077   0.002   0.317   0.107   0.398   0.266   0.094   0.006     -392.42351
   0.159   0.078   0.354   0.071   0.002   0.572   0.122   0.413   0.225   0.119   0.010     -347.32746
   0.177   0.082   0.351   0.143   0.002   0.425   0.116   0.464   0.302   0.125   0.008     -395.81267
   0.163   0.080   0.349   0.113   0.002   0.366   0.090   0.419   0.292   0.111   0.013     -398.26368
   0.160   0.082   0.346   0.086   0.002   0.420   0.087   0.411   0.263   0.103   0.009     -366.99438
   0.164   0.085   0.345   0.096   0.002   0.479   0.105   0.410   0.262   0.121   0.010     -315.26281
   0.159   0.083   0.346   0.065   0.002   0.519   0.094   0.369   0.248   0.097   0.007     -288.86707
   0.160   0.083   0.344   0.089   0.002   0.617   0.098   0.411   0.241   0.078   0.011     -314.29449
   0.168   0.079   0.351   0.078   0.002   0.386   0.106   0.419   0.263   0.096   0.006     -408.21254
   0.161   0.080   0.347   0.079   0.003   0.425   0.108   0.370   0.248   0.104   0.007     -254.16040
   0.166   0.086   0.342   0.098   0.002   0.431   0.092   0.371   0.241   0.113   0.008     -362.27394
   0.157   0.079   0.350   0.073   0.002   0.457   0.099   0.407   0.270   0.119   0.009     -416.21178
   0.167   0.079   0.351   0.098   0.002   0.543   0.100   0.406   0.250   0.106   0.012     -303.17113
   0.153   0.080   0.356   0.093   0.002   0.529   0.119   0.417   0.248   0.091   0.010     -310.72672
   0.161   0.081   0.346   0.078   0.002   0.400   0.100   0.379   0.232   0.081   0.014     -258.33481
   0.161   0.081   0.354   0.093   0.002   0.356   0.101   0.413   0.265   0.109   0.009     -287.47567
   0.171   0.083   0.351   0.138   0.002   0.348   0.102   0.481   0.299   0.105   0.008     -311.43087
   0.177   0.080   0.352   0.126   0.002   0.557   0.100   0.396   0.300   0.125   0.012     -392.87712
   0.154   0.082   0.353   0.064   0.002   0.413   0.099   0.380   0.248   0.089   0.013     -345.62531
   0.159   0.077   0.349   0.085   0.003   0.349   0.100   0.391   0.228   0.113   0.007     -356.44246
   0.168   0.085   0.350   0.110   0.002   0.463   0.105   0.434   0.274   0.127   0.006     -326.99178
   0.169   0.079   0.353   0.095   0.002   0.355   0.110   0.412   0.259   0.094   0.011     -393.48865
   0.166   0.081   0.354   0.138   0.002   0.619   0.116   0.477   0.318   0.105   0.016     -366.74065
   0.164   0.076   0.354   0.084   0.002   0.441   0.109   0.397   0.239   0.122   0.006     -363.21387
   0.154   0.077   0.350   0.101   0.003   0.443   0.091   0.396   0.228   0.111   0.009     -389.59660
   0.166   0.080   0.349   0.111   0.002   0.413   0.103   0.429   0.289   0.093   0.015     -401.95957
