   0.167   0.086   0.393   0.083   0.002   0.483   0.116   0.374   0.200   0.116   0.010     -329.17702
   0.133   0.081   0.440   0.072   0.002   0.475   0.120   0.326   0.197   0.141   0.010    -2219.87034
   0.139   0.078   0.265   0.092   0.002   0.494   0.108   0.383   0.274   0.093   0.010    -2639.32199
   0.176   0.087   0.387   0.081   0.002   0.504   0.108   0.389   0.245   0.123   0.010     -468.92703
   0.168   0.072   0.306   0.087   0.002   0.490   0.115   0.334   0.215   0.098   0.011     -953.51041
   0.139   0.078   0.365   0.104   0.002   0.491   0.111   0.380   0.157   0.100   0.013    -1730.66592
   0.139   0.085   0.423   0.093   0.002   0.452   0.120   0.356   0.175   0.112   0.015    -1783.33121
   0.162   0.092   0.336   0.062   0.002   0.461   0.123   0.349   0.170   0.144   0.010     -571.87605
   0.142   0.082   0.428   0.064   0.003   0.475   0.112   0.377   0.271   0.137   0.010    -3158.50858
   0.158   0.088   0.292   0.061   0.002   0.469   0.115   0.351   0.313   0.100   0.010    -2056.74118
