   0.161   0.079   0.348   0.072   0.002   0.666   0.095   0.389   0.245   0.127   0.009     -415.07978
   0.167   0.081   0.356   0.087   0.002   0.367   0.121   0.411   0.270   0.090   0.009     -240.80965
   0.163   0.086   0.338   0.095   0.002   1.118   0.096   0.380   0.264   0.097   0.008     -273.17463
   0.163   0.081   0.346   0.081   0.002   0.684   0.113   0.414   0.263   0.101   0.010     -238.84205
   0.170   0.080   0.345   0.089   0.003   0.473   0.112   0.432   0.261   0.121   0.011     -346.39222
   0.158   0.082   0.344   0.086   0.002   0.314   0.103   0.400   0.243   0.090   0.011     -282.89803
   0.170   0.085   0.340   0.091   0.003   0.472   0.106   0.418   0.282   0.114   0.008     -279.38166
   0.158   0.080   0.351   0.083   0.002   0.582   0.115   0.418   0.282   0.097   0.009     -278.94012
   0.172   0.086   0.343   0.086   0.002   0.339   0.098   0.429   0.282   0.086   0.007     -277.06360
   0.166   0.086   0.342   0.100   0.002   0.629   0.104   0.398   0.266   0.091   0.008     -293.20460
   0.162   0.081   0.347   0.093   0.002   0.524   0.113   0.393   0.228   0.076   0.011     -211.04183
   0.171   0.091   0.335   0.104   0.002   0.524   0.081   0.386   0.293   0.085   0.010     -198.10436
   0.173   0.084   0.343   0.096   0.004   0.504   0.110   0.416   0.274   0.128   0.013     -251.70201
   0.171   0.086   0.340   0.093   0.003   0.389   0.098   0.397   0.273   0.126   0.009     -287.53753
   0.162   0.080   0.344   0.075   0.002   0.402   0.110   0.376   0.261   0.063   0.009     -318.74857
   0.166   0.085   0.341   0.107   0.003   0.513   0.105   0.415   0.280   0.108   0.008     -269.64503
   0.165   0.083   0.343   0.084   0.002   0.480   0.107   0.398   0.242   0.117   0.012     -265.54260
   0.162   0.081   0.353   0.087   0.002   0.463   0.120   0.417   0.274   0.106   0.012     -304.68341
   0.170   0.082   0.340   0.091   0.002   0.454   0.090   0.407   0.273   0.120   0.013     -308.05660
   0.160   0.082   0.346   0.096   0.002   0.574   0.117   0.394   0.264   0.101   0.010     -333.96500
   0.175   0.083   0.339   0.101   0.002   0.511   0.097   0.395   0.251   0.110   0.006     -284.59458
   0.162   0.079   0.352   0.096   0.002   0.392   0.118   0.404   0.254   0.110   0.013     -373.51295
   0.164   0.087   0.338   0.083   0.002   0.290   0.092   0.415   0.254   0.105   0.008     -367.66907
   0.170   0.088   0.337   0.097   0.002   0.460   0.092   0.384   0.250   0.118   0.010     -212.43540
   0.166   0.082   0.347   0.097   0.003   0.290   0.100   0.404   0.304   0.117   0.009     -390.45107
   0.171   0.084   0.336   0.080   0.002   0.362   0.093   0.393   0.244   0.116   0.011     -212.85282
   0.165   0.086   0.339   0.072   0.003   0.606   0.097   0.428   0.243   0.093   0.008     -286.41140
   0.165   0.084   0.344   0.107   0.002   0.410   0.099   0.398   0.281   0.106   0.009     -318.38119
   0.154   0.079   0.348   0.087   0.002   0.501   0.119   0.399   0.244   0.110   0.008     -322.60551
   0.167   0.084   0.342   0.103   0.002   0.492   0.099   0.429   0.244   0.104   0.013     -313.08764
   0.158   0.081   0.345   0.085   0.002   0.524   0.103   0.370   0.261   0.101   0.009     -307.97217
   0.160   0.081   0.343   0.077   0.002   0.364   0.106   0.387   0.248   0.079   0.008     -251.63724
   0.168   0.082   0.345   0.092   0.002   0.652   0.107   0.372   0.272   0.098   0.008     -256.62003
   0.165   0.085   0.340   0.085   0.002   0.316   0.094   0.388   0.259   0.079   0.009     -290.26492
   0.160   0.081   0.343   0.047   0.002   0.468   0.113   0.410   0.232   0.096   0.008     -250.67039
   0.166   0.079   0.344   0.100   0.004   0.313   0.096   0.372   0.260   0.114   0.009     -308.62733
   0.166   0.085   0.337   0.071   0.002   0.438   0.092   0.377   0.239   0.100   0.007     -251.62018
   0.169   0.081   0.348   0.112   0.003   0.625   0.114   0.448   0.268   0.126   0.010     -331.65852
   0.169   0.081   0.345   0.104   0.002   0.357   0.101   0.418   0.262   0.119   0.011     -259.84520
   0.163   0.085   0.345   0.106   0.002   0.335   0.100   0.402   0.254   0.121   0.009     -210.70471
   0.159   0.080   0.346   0.104   0.002   0.692   0.109   0.401   0.225   0.112   0.010     -305.73966
   0.162   0.081   0.348   0.086   0.003   0.302   0.122   0.395   0.249   0.111   0.011     -308.70138
   0.162   0.081   0.349   0.088   0.003   0.684   0.113   0.406   0.239   0.090   0.009     -242.16371
   0.165   0.084   0.342   0.070   0.002   0.635   0.100   0.362   0.234   0.112   0.010     -300.64283
   0.162   0.081   0.342   0.086   0.002   0.396   0.099   0.403   0.262   0.096   0.009     -331.30557
   0.171   0.082   0.347   0.124   0.002   0.489   0.102   0.432   0.266   0.129   0.009     -301.00539
   0.163   0.083   0.348   0.111   0.002   0.531   0.114   0.394   0.270   0.101   0.008     -290.24292
   0.162   0.082   0.346   0.077   0.002   0.587   0.099   0.423   0.240   0.078   0.009     -334.11436
   0.169   0.083   0.344   0.100   0.002   0.384   0.097   0.372   0.258   0.096   0.009     -254.00864
   0.163   0.080   0.346   0.090   0.002   0.568   0.094   0.419   0.262   0.091   0.011     -336.09607
   0.156   0.085   0.344   0.069   0.002   0.383   0.100   0.404   0.260   0.104   0.010     -241.17107
   0.165   0.085   0.339   0.078   0.002   0.731   0.096   0.360   0.221   0.104   0.007     -240.74569
   0.169   0.084   0.339   0.054   0.003   0.443   0.105   0.375   0.232   0.094   0.009     -248.74506
   0.165   0.088   0.334   0.088   0.003   0.343   0.099   0.374   0.250   0.098   0.008     -252.85290
   0.158   0.086   0.344   0.081   0.003   0.659   0.114   0.410   0.220   0.092   0.011     -193.20072
   0.159   0.081   0.346   0.090   0.002   0.600   0.108   0.416   0.263   0.110   0.013     -327.24500
   0.163   0.081   0.342   0.094   0.002   0.566   0.112   0.381   0.276   0.103   0.011     -260.14103
   0.167   0.085   0.337   0.084   0.002   0.599   0.091   0.385   0.262   0.106   0.007     -208.84019
   0.165   0.087   0.338   0.070   0.002   0.377   0.117   0.370   0.230   0.099   0.006     -206.84573
   0.170   0.082   0.343   0.091   0.002   0.404   0.114   0.451   0.253   0.086   0.010     -296.91222
   0.155   0.078   0.348   0.078   0.003   0.434   0.117   0.380   0.221   0.082   0.006     -256.05847
   0.161   0.082   0.337   0.066   0.002   0.583   0.083   0.364   0.209   0.089   0.012     -226.59982
   0.164   0.082   0.341   0.089   0.002   0.846   0.113   0.407   0.253   0.104   0.009     -260.86016
   0.159   0.079   0.340   0.066   0.003   0.530   0.094   0.389   0.258   0.086   0.011     -337.36087
   0.160   0.087   0.342   0.089   0.002   0.488   0.096   0.378   0.259   0.092   0.009     -247.75161
   0.167   0.083   0.343   0.092   0.003   0.401   0.098   0.410   0.245   0.109   0.011     -206.61936
   0.160   0.080   0.355   0.093   0.002   0.441   0.122   0.437   0.270   0.089   0.010     -322.64980
   0.164   0.083   0.346   0.102   0.002   0.492   0.105   0.399   0.241   0.089   0.008     -249.18387
   0.174   0.083   0.343   0.096   0.002   0.568   0.101   0.398   0.266   0.095   0.010     -211.72876
   0.161   0.079   0.346   0.088   0.002   0.717   0.099   0.370   0.254   0.095   0.008     -326.41997
   0.163   0.080   0.346   0.090   0.002   0.635   0.098   0.409   0.226   0.111   0.008     -266.52328
   0.157   0.083   0.345   0.070   0.003   0.814   0.099   0.372   0.219   0.088   0.014     -305.67261
   0.166   0.089   0.334   0.068   0.003   0.543   0.090   0.406   0.258   0.108   0.007     -281.84898
   0.157   0.082   0.344   0.069   0.002   0.274   0.113   0.371   0.258   0.104   0.007     -270.51429
   0.168   0.082   0.342   0.095   0.002   0.507   0.100   0.390   0.269   0.117   0.009     -352.10998
   0.165   0.082   0.349   0.104   0.002   0.399   0.097   0.407   0.279   0.124   0.010     -291.53335
   0.159   0.077   0.353   0.102   0.002   0.321   0.098   0.383   0.228   0.113   0.013     -294.42700
   0.165   0.090   0.326   0.083   0.002   0.314   0.090   0.385   0.235   0.123   0.007     -192.92924
   0.169   0.083   0.347   0.115   0.002   0.384   0.122   0.430   0.253   0.100   0.011     -227.44773
   0.164   0.083   0.343   0.064   0.002   0.436   0.103   0.361   0.241   0.102   0.007     -244.63631
   0.168   0.082   0.345   0.083   0.002   0.592   0.096   0.371   0.228   0.086   0.011     -231.39296
   0.162   0.076   0.358   0.109   0.002   0.378   0.120   0.436   0.275   0.111   0.010     -350.60889
   0.164   0.082   0.342   0.081   0.004   0.315   0.096   0.390   0.250   0.095   0.009     -239.62688
   0.170   0.085   0.344   0.096   0.002   0.491   0.093   0.396   0.242   0.116   0.009     -210.15233
   0.162   0.083   0.349   0.102   0.002   0.512   0.098   0.384   0.253   0.084   0.009     -284.90537
   0.152   0.078   0.351   0.061   0.002   0.584   0.112   0.361   0.200   0.071   0.012     -319.26156
   0.171   0.080   0.350   0.099   0.002   0.437   0.129   0.420   0.194   0.084   0.008     -257.09915
   0.161   0.079   0.344   0.083   0.002   0.415   0.099   0.393   0.231   0.094   0.009     -311.09750
   0.152   0.074   0.349   0.095   0.002   0.438   0.100   0.359   0.239   0.096   0.007     -328.92252
   0.170   0.087   0.342   0.105   0.002   0.413   0.108   0.441   0.319   0.119   0.009     -304.59311
   0.168   0.083   0.348   0.106   0.002   0.508   0.110   0.413   0.281   0.095   0.013     -338.02500
   0.157   0.084   0.343   0.085   0.002   0.481   0.109   0.383   0.250   0.095   0.008     -278.42869
   0.158   0.082   0.347   0.071   0.002   0.322   0.109   0.369   0.240   0.086   0.006     -245.53872
   0.171   0.085   0.342   0.088   0.003   0.448   0.108   0.421   0.264   0.116   0.006     -239.10708
   0.164   0.085   0.333   0.087   0.002   0.409   0.070   0.362   0.241   0.091   0.014     -193.30372
   0.167   0.083   0.344   0.105   0.003   0.552   0.101   0.372   0.292   0.126   0.012     -302.82896
   0.169   0.085   0.348   0.119   0.002   0.529   0.108   0.447   0.230   0.118   0.007     -218.80165
   0.160   0.080   0.344   0.068   0.003   0.596   0.098   0.374   0.243   0.119   0.008     -384.01929
   0.165   0.082   0.341   0.105   0.002   0.622   0.103   0.387   0.279   0.107   0.010     -282.84239
