   0.157   0.082   0.344   0.116   0.002   0.634   0.097   0.358   0.213   0.137   0.010     -225.00205
   0.154   0.077   0.353   0.111   0.002   0.406   0.105   0.367   0.226   0.098   0.011     -295.48938
   0.166   0.081   0.355   0.194   0.003   0.778   0.116   0.407   0.285   0.113   0.011     -229.81791
   0.158   0.083   0.340   0.115   0.002   0.797   0.078   0.370   0.242   0.108   0.009     -247.02563
   0.153   0.080   0.349   0.121   0.002   0.507   0.101   0.330   0.239   0.104   0.013     -305.95301
   0.146   0.074   0.360   0.142   0.002   0.391   0.116   0.391   0.249   0.109   0.010     -331.30512
   0.162   0.079   0.350   0.148   0.003   0.630   0.092   0.406   0.285   0.099   0.013     -309.10783
   0.161   0.077   0.363   0.169   0.002   0.642   0.129   0.424   0.265   0.108   0.006     -131.99184
   0.149   0.078   0.351   0.133   0.003   0.392   0.096   0.373   0.246   0.094   0.007     -333.39836
   0.158   0.076   0.353   0.153   0.003   0.540   0.119   0.371   0.268   0.097   0.009     -294.75799
   0.154   0.077   0.355   0.150   0.002   0.494   0.119   0.405   0.209   0.088   0.012     -292.86873
   0.156   0.082   0.344   0.120   0.002   0.469   0.105   0.329   0.237   0.089   0.010     -207.73449
   0.152   0.081   0.350   0.138   0.003   0.436   0.095   0.389   0.254   0.096   0.017     -349.43833
   0.153   0.074   0.361   0.151   0.003   0.535   0.116   0.402   0.272   0.098   0.008     -349.65222
   0.157   0.082   0.337   0.122   0.002   0.446   0.095   0.342   0.218   0.085   0.013     -279.98472
   0.153   0.082   0.349   0.113   0.002   0.452   0.110   0.354   0.256   0.074   0.010     -242.35403
   0.154   0.081   0.349   0.133   0.003   0.459   0.099   0.369   0.244   0.109   0.008     -324.55518
   0.148   0.078   0.355   0.121   0.003   0.501   0.101   0.369   0.246   0.108   0.011     -345.32094
   0.159   0.082   0.343   0.150   0.002   0.441   0.097   0.389   0.243   0.096   0.010     -266.86590
   0.161   0.079   0.350   0.117   0.003   0.698   0.120   0.363   0.238   0.090   0.011     -250.47689
   0.152   0.077   0.347   0.095   0.002   0.347   0.101   0.346   0.196   0.100   0.005     -274.95245
   0.155   0.081   0.346   0.131   0.003   0.374   0.097   0.373   0.217   0.084   0.012     -242.16280
   0.162   0.084   0.338   0.119   0.002   0.338   0.092   0.365   0.214   0.078   0.009     -179.37265
   0.148   0.083   0.342   0.124   0.003   0.546   0.092   0.338   0.227   0.114   0.010     -286.85028
   0.161   0.081   0.348   0.142   0.003   0.382   0.104   0.367   0.263   0.090   0.010     -191.24130
   0.156   0.081   0.348   0.132   0.002   0.480   0.110   0.379   0.236   0.118   0.010     -325.33430
   0.162   0.081   0.350   0.142   0.003   0.443   0.107   0.385   0.233   0.114   0.010     -263.02296
   0.157   0.077   0.359   0.153   0.003   0.496   0.105   0.401   0.292   0.097   0.011     -294.38312
   0.159   0.080   0.349   0.158   0.002   0.550   0.103   0.380   0.258   0.102   0.009     -271.17730
   0.165   0.081   0.345   0.183   0.002   0.319   0.092   0.380   0.253   0.096   0.009     -273.94995
   0.151   0.075   0.353   0.114   0.002   0.576   0.103   0.345   0.234   0.081   0.009     -316.83580
   0.147   0.078   0.348   0.117   0.002   0.559   0.086   0.379   0.218   0.080   0.009     -313.26272
   0.154   0.076   0.351   0.119   0.002   0.692   0.096   0.342   0.217   0.092   0.007     -212.86052
   0.156   0.078   0.349   0.140   0.002   0.431   0.093   0.359   0.226   0.069   0.008     -189.78983
   0.149   0.076   0.352   0.101   0.002   0.464   0.095   0.346   0.234   0.089   0.008     -265.29947
   0.156   0.079   0.346   0.147   0.003   0.425   0.090   0.337   0.221   0.116   0.010     -245.55854
   0.152   0.078   0.354   0.124   0.002   0.513   0.098   0.360   0.251   0.081   0.008     -266.29888
   0.160   0.078   0.349   0.157   0.003   0.521   0.100   0.400   0.237   0.069   0.009     -237.50686
   0.164   0.081   0.348   0.146   0.002   0.408   0.106   0.416   0.256   0.093   0.011     -278.98942
   0.152   0.075   0.355   0.158   0.002   0.430   0.101   0.422   0.276   0.106   0.008     -347.77797
   0.165   0.081   0.346   0.181   0.003   0.667   0.102   0.388   0.256   0.083   0.010     -177.50585
   0.165   0.082   0.348   0.168   0.002   0.445   0.106   0.415   0.254   0.117   0.010     -278.84424
   0.152   0.078   0.358   0.157   0.003   0.793   0.115   0.425   0.212   0.084   0.007     -290.16968
   0.168   0.086   0.344   0.159   0.002   0.393   0.107   0.403   0.236   0.091   0.009     -184.96673
   0.156   0.081   0.351   0.154   0.002   0.424   0.106   0.369   0.242   0.107   0.016     -210.13954
   0.169   0.082   0.355   0.172   0.003   0.464   0.120   0.456   0.295   0.097   0.007     -281.73615
   0.150   0.076   0.355   0.144   0.002   0.634   0.091   0.352   0.213   0.066   0.009     -344.61670
   0.152   0.080   0.350   0.131   0.002   0.405   0.105   0.381   0.211   0.089   0.012     -285.43226
   0.159   0.083   0.345   0.145   0.002   0.308   0.094   0.397   0.246   0.096   0.012     -219.32596
   0.155   0.078   0.351   0.118   0.003   0.562   0.098   0.399   0.228   0.074   0.010     -296.70076
   0.156   0.078   0.353   0.138   0.002   0.482   0.104   0.386   0.260   0.092   0.014     -254.36344
   0.149   0.076   0.348   0.111   0.002   0.549   0.108   0.360   0.250   0.070   0.011     -304.21939
   0.152   0.078   0.353   0.123   0.002   0.447   0.102   0.333   0.211   0.080   0.008     -245.95168
   0.156   0.079   0.346   0.141   0.003   0.273   0.087   0.348   0.249   0.085   0.009     -225.35993
   0.153   0.081   0.348   0.142   0.002   0.627   0.107   0.340   0.225   0.086   0.014     -175.69869
   0.164   0.079   0.355   0.186   0.002   0.512   0.109   0.422   0.248   0.081   0.016     -210.07105
   0.158   0.077   0.350   0.146   0.002   0.799   0.103   0.375   0.227   0.102   0.012     -260.95397
   0.173   0.084   0.344   0.171   0.002   0.467   0.094   0.410   0.252   0.108   0.008     -239.67037
   0.159   0.078   0.356   0.162   0.003   0.428   0.109   0.398   0.266   0.108   0.007     -254.68424
   0.160   0.079   0.349   0.153   0.003   0.335   0.093   0.399   0.256   0.088   0.007     -235.92833
   0.163   0.082   0.345   0.159   0.002   0.414   0.097   0.401   0.228   0.109   0.008     -225.22898
   0.155   0.079   0.354   0.121   0.002   0.475   0.112   0.361   0.189   0.095   0.010     -235.38310
   0.162   0.082   0.344   0.149   0.003   0.629   0.109   0.389   0.260   0.113   0.013     -285.26262
   0.158   0.078   0.347   0.120   0.002   0.564   0.101   0.366   0.233   0.084   0.014     -208.48544
   0.153   0.081   0.350   0.128   0.002   0.463   0.113   0.366   0.247   0.091   0.009     -264.52532
   0.163   0.080   0.351   0.174   0.003   0.512   0.104   0.445   0.263   0.117   0.009     -345.95670
   0.163   0.080   0.353   0.182   0.002   0.490   0.106   0.434   0.297   0.092   0.010     -349.36414
   0.166   0.085   0.343   0.163   0.002   0.399   0.097   0.376   0.258   0.084   0.007     -211.64781
   0.159   0.080   0.347   0.160   0.002   0.452   0.092   0.381   0.238   0.084   0.009     -184.51908
   0.158   0.081   0.349   0.162   0.002   0.597   0.112   0.361   0.263   0.088   0.008     -210.46577
   0.142   0.075   0.355   0.102   0.002   0.551   0.100   0.355   0.200   0.083   0.011     -316.85692
   0.149   0.080   0.350   0.120   0.002   0.714   0.095   0.370   0.220   0.079   0.009     -322.18340
   0.150   0.083   0.341   0.105   0.002   0.481   0.095   0.353   0.218   0.097   0.008     -265.85605
   0.148   0.078   0.356   0.105   0.002   0.340   0.100   0.388   0.230   0.099   0.009     -304.57520
   0.141   0.076   0.356   0.109   0.003   0.469   0.100   0.328   0.195   0.096   0.013     -280.96220
   0.165   0.078   0.356   0.216   0.002   0.361   0.105   0.413   0.302   0.123   0.010     -326.72856
   0.156   0.081   0.343   0.151   0.002   0.368   0.088   0.427   0.216   0.102   0.010     -262.99834
   0.159   0.082   0.346   0.143   0.003   0.306   0.101   0.388   0.204   0.096   0.007     -202.69020
   0.156   0.079   0.350   0.153   0.002   0.401   0.093   0.390   0.235   0.084   0.012     -221.49265
   0.168   0.081   0.346   0.165   0.003   0.526   0.085   0.387   0.278   0.084   0.011     -196.80287
   0.157   0.080   0.345   0.121   0.002   0.737   0.106   0.369   0.207   0.067   0.012     -251.52792
   0.162   0.076   0.356   0.136   0.002   0.513   0.101   0.409   0.220   0.125   0.009     -278.56399
   0.152   0.079   0.354   0.138   0.003   0.392   0.098   0.406   0.232   0.079   0.013     -272.00883
   0.161   0.084   0.343   0.154   0.002   0.396   0.083   0.373   0.224   0.078   0.010     -298.29850
   0.153   0.077   0.354   0.136   0.002   0.588   0.103   0.389   0.256   0.082   0.010     -260.84852
   0.164   0.079   0.354   0.165   0.002   0.682   0.110   0.419   0.222   0.105   0.010     -234.02854
   0.156   0.082   0.343   0.135   0.003   0.373   0.091   0.362   0.234   0.076   0.010     -295.04163
   0.153   0.078   0.355   0.140   0.002   0.531   0.105   0.396   0.218   0.086   0.010     -158.24477
   0.157   0.076   0.356   0.168   0.003   0.419   0.110   0.408   0.266   0.088   0.008     -331.19174
   0.160   0.079   0.344   0.145   0.002   0.487   0.097   0.405   0.250   0.092   0.007     -271.77619
   0.161   0.083   0.344   0.131   0.002   0.587   0.094   0.378   0.235   0.116   0.009     -289.69567
   0.152   0.079   0.349   0.115   0.002   0.609   0.106   0.353   0.229   0.111   0.012     -278.48206
   0.155   0.075   0.349   0.122   0.002   0.302   0.098   0.348   0.215   0.097   0.008     -217.37284
   0.155   0.080   0.355   0.149   0.002   0.321   0.118   0.377   0.229   0.136   0.006     -252.08996
   0.158   0.081   0.338   0.113   0.002   0.446   0.080   0.314   0.202   0.067   0.011     -192.11330
   0.171   0.082   0.349   0.189   0.002   0.517   0.112   0.404   0.280   0.078   0.011     -220.02616
   0.158   0.078   0.355   0.150   0.002   0.383   0.096   0.358   0.231   0.090   0.008     -291.19930
   0.162   0.080   0.348   0.157   0.003   0.573   0.097   0.399   0.263   0.107   0.013     -291.72184
   0.152   0.078   0.348   0.138   0.002   0.368   0.090   0.373   0.235   0.086   0.009     -288.88534
