    0.1334    0.3619    0.0123    0.1487    0.0667    0.1528    0.0001    0.3648    0.2034        0.1089    0.0069 -105.4000
    0.1478    0.3406    0.0161    0.0028    0.0739    0.1279    0.0001    0.4823    0.2642        0.1501    0.0830 -209.4799
    0.1406    0.3545    0.0170    0.0593    0.0703    0.1935    0.0001    0.5096    0.2768        0.1780    0.0270 -191.4817
    0.1416    0.3552    0.0177    0.1073    0.0708    0.1195    0.0001    0.5335    0.2863        0.1623    0.0709 -220.8027
    0.1443    0.3383    0.0100    0.0818    0.0721    0.1207    0.0001    0.3188    0.3046        0.1505   -0.0066 -146.7865
    0.1576    0.3347    0.0122    0.1045    0.0788    0.0715    0.0001    0.3798    0.3704        0.1794    0.0703 -206.1813
    0.1384    0.3357    0.0100    0.0992    0.0692    0.0533    0.0001    0.3128    0.3094        0.0937    0.0080 -197.7731
    0.1497    0.3459    0.0142    0.1384    0.0748    0.0588    0.0001    0.4387    0.4280        0.1326    0.0664 -256.5428
    0.1456    0.3591    0.0144    0.1641    0.0728    0.2283    0.0001    0.4309    0.2387        0.1753    0.0088  -64.3389
    0.1542    0.3492    0.0155    0.1557    0.0771    0.0871    0.0001    0.4751    0.2590        0.2339    0.0580 -143.6754
    0.1236    0.3893    0.0145    0.1639    0.0618    0.1797    0.0001    0.4395    0.2277        0.1145    0.0042  -96.8324
    0.1423    0.3766    0.0194    0.1455    0.0712    0.1637    0.0001    0.5873    0.3122        0.1919    0.0577 -172.6469
    0.1458    0.3234    0.0118    0.0417    0.0729    0.1088    0.0001    0.3600    0.1919        0.1782   -0.0017  -96.7065
    0.1467    0.3470    0.0141    0.1161    0.0733    0.0982    0.0001    0.4308    0.2332        0.2076    0.0007 -109.8391
    0.1278    0.3658    0.0114    0.1241    0.0639    0.1588    0.0001    0.3447    0.1840        0.0974    0.0124  -91.2980
    0.1521    0.3476    0.0176    0.0850    0.0761    0.1107    0.0001    0.5266    0.2887        0.1594    0.0889 -219.9497
    0.1230    0.3738    0.0130    0.1513    0.0615    0.1649    0.0001    0.3720    0.2214        0.1388    0.0033  -75.7440
    0.1481    0.3591    0.0186    0.1561    0.0741    0.0865    0.0001    0.5579    0.3171        0.1821    0.0469 -177.6642
    0.1499    0.3177    0.0136    0.1527    0.0750    0.1636    0.0001    0.4286    0.3472        0.1250    0.0067 -120.3959
    0.1457    0.3392    0.0119    0.0964    0.0728    0.0826    0.0001    0.3703    0.3597        0.1797    0.0093 -251.0206
    0.1392    0.3411    0.0122    0.1261    0.0696    0.1280    0.0001    0.3536    0.2146        0.0904    0.0121  -89.6977
    0.1495    0.3621    0.0182    0.1068    0.0748    0.1726    0.0001    0.5357    0.3012        0.1581    0.0444 -174.3484
    0.1220    0.3872    0.0137    0.1475    0.0610    0.1621    0.0001    0.4125    0.2513        0.1103    0.0035 -122.2284
    0.1295    0.3750    0.0183    0.1284    0.0648    0.1405    0.0001    0.5422    0.2910        0.1510    0.0588 -209.2962
    0.1331    0.3521    0.0153    0.1001    0.0666    0.1697    0.0001    0.4835    0.2249        0.0912    0.0110 -102.3534
    0.1413    0.3774    0.0204    0.1743    0.0706    0.1498    0.0001    0.6147    0.3336        0.1720    0.0906 -181.5712
    0.1403    0.3429    0.0112    0.0625    0.0701    0.1667    0.0001    0.3489    0.3403        0.1409    0.0127 -246.6787
    0.1501    0.3460    0.0131    0.1340    0.0750    0.0974    0.0001    0.4084    0.3954        0.2027    0.0762 -312.6270
    0.1371    0.3399    0.0100    0.0207    0.0685    0.1589    0.0001    0.3159    0.3087        0.1485   -0.0023 -287.3341
    0.1470    0.3401    0.0124    0.1100    0.0735    0.0788    0.0001    0.3891    0.3786        0.1925    0.0127 -330.3959
    0.1068    0.4188    0.0150    0.1690    0.0534    0.2044    0.0001    0.4371    0.2256        0.1356    0.0036  -78.4405
    0.1449    0.3524    0.0153    0.1342    0.0725    0.0899    0.0001    0.4609    0.2554        0.2257    0.0488 -192.3289
    0.1395    0.3761    0.0153    0.1489    0.0698    0.1584    0.0001    0.4774    0.4576        0.1192    0.0018 -243.3442
    0.1440    0.3599    0.0143    0.1328    0.0720    0.1142    0.0001    0.4428    0.4326        0.1344    0.0738 -287.6529
    0.1222    0.3981    0.0139    0.1513    0.0611    0.1774    0.0001    0.4102    0.2247        0.1639    0.0114 -138.3044
    0.1319    0.4005    0.0210    0.1340    0.0659    0.2068    0.0001    0.6314    0.3382        0.1881    0.0989 -222.4906
    0.1326    0.3644    0.0112    0.0758    0.0663    0.2397    0.0001    0.3486    0.3392        0.1639    0.0151 -229.7742
    0.1566    0.3334    0.0125    0.1451    0.0783    0.0391    0.0001    0.3951    0.3859        0.1923    0.0978 -318.2835
    0.1246    0.3631    0.0108    0.1216    0.0623    0.1332    0.0001    0.3210    0.1761        0.1074    0.0090  -72.8089
    0.1488    0.3636    0.0194    0.1546    0.0744    0.1196    0.0001    0.5845    0.3165        0.1742    0.0383 -187.6627
    0.1448    0.3673    0.0358    0.1385    0.0724    0.1175    0.0001    0.5421    0.3181        0.1797    0.0060  -91.7575
    0.1509    0.3596    0.0340    0.1149    0.0755    0.1320    0.0001    0.5119    0.3388        0.1719    0.0817 -130.3216
    0.1538    0.3085    0.0100    0.0702    0.0769    0.0545    0.0001    0.3062    0.3037        0.1248    0.0106 -220.5436
    0.1507    0.3452    0.0124    0.1142    0.0754    0.0961    0.0001    0.3927    0.3761        0.1913    0.0373 -272.6032
    0.1212    0.3855    0.0233    0.1575    0.0606    0.1643    0.0001    0.3430    0.3768        0.1267    0.0111  -60.8695
    0.1527    0.3407    0.0259    0.1267    0.0764    0.1118    0.0001    0.4243    0.3891        0.1764    0.0833 -137.7418
    0.1231    0.3833    0.0129    0.1326    0.0615    0.1698    0.0001    0.3972    0.1999        0.1525    0.0126 -171.2372
    0.1470    0.3438    0.0156    0.1089    0.0735    0.0768    0.0001    0.4761    0.2591        0.2268    0.0855 -274.1954
    0.1324    0.3688    0.0100    0.1498    0.0662    0.1499    0.0001    0.3252    0.3078        0.1311    0.0119 -209.6509
    0.1511    0.3532    0.0130    0.1341    0.0755    0.0924    0.0001    0.4042    0.3951        0.2031    0.0716 -303.6448
    0.1268    0.3808    0.0141    0.1538    0.0634    0.1371    0.0001    0.4352    0.2091        0.1253    0.0090  -85.5514
    0.1510    0.3478    0.0170    0.1279    0.0755    0.1079    0.0001    0.5098    0.2757        0.1562    0.0840 -156.1620
    0.1072    0.4278    0.0186    0.1863    0.0536    0.2019    0.0001    0.6080    0.4900        0.1660    0.0267 -157.6411
    0.1450    0.3543    0.0135    0.1197    0.0725    0.1080    0.0001    0.4209    0.4040        0.1405    0.0634 -261.5889
    0.1427    0.3387    0.0113    0.0459    0.0713    0.1133    0.0001    0.3289    0.3478        0.0977    0.0105 -163.9796
    0.1597    0.3198    0.0113    0.0860    0.0799    0.0570    0.0001    0.3563    0.3453        0.1723    0.0899 -231.0815
    0.1317    0.3713    0.0179    0.0651    0.0659    0.2061    0.0001    0.5350    0.2967        0.1435    0.0143 -167.2441
    0.1434    0.3547    0.0174    0.1365    0.0717    0.0946    0.0001    0.5251    0.2810        0.1629    0.0952 -230.5959
    0.1376    0.3597    0.0105    0.1356    0.0688    0.1223    0.0001    0.3146    0.3244        0.1606    0.0020 -238.2282
    0.1489    0.3496    0.0132    0.1152    0.0744    0.1170    0.0001    0.4076    0.3915        0.1933    0.0115 -272.2430
    0.1380    0.3556    0.0100    0.1629    0.0690    0.0709    0.0001    0.2969    0.3025        0.0951    0.0141  -99.2165
    0.1527    0.3610    0.0134    0.1704    0.0764    0.1082    0.0001    0.4192    0.4075        0.1936    0.0707 -179.1650
    0.1400    0.3231    0.0114    0.0776    0.0700    0.0674    0.0001    0.3368    0.1943        0.0952    0.0064  -83.3391
    0.1509    0.3406    0.0169    0.1170    0.0755    0.1041    0.0001    0.4978    0.2831        0.1598    0.0484 -145.0149
    0.1182    0.3756    0.0124    0.0714    0.0591    0.1818    0.0001    0.3753    0.1917        0.1205    0.0145 -124.4254
    0.1470    0.3345    0.0140    0.0608    0.0735    0.1141    0.0001    0.4253    0.2323        0.2097    0.0931 -209.7887
    0.1372    0.3432    0.0100    0.0897    0.0686    0.0965    0.0001    0.3152    0.3084        0.1066    0.0107 -194.6376
    0.1429    0.3506    0.0121    0.0990    0.0714    0.1137    0.0001    0.3757    0.3649        0.1212    0.0950 -240.0369
    0.1461    0.3423    0.0460    0.0734    0.0731    0.1331    0.0001    0.4179    0.3885        0.1932    0.0194 -143.8155
    0.1567    0.3453    0.0706    0.1416    0.0783    0.1025    0.0001    0.4747    0.4094        0.1997    0.1124 -179.4919
    0.1221    0.3766    0.0148    0.1378    0.0610    0.1857    0.0001    0.4411    0.2361        0.1384    0.0008 -124.2874
    0.1364    0.3648    0.0181    0.1499    0.0682    0.1216    0.0001    0.5461    0.2936        0.1618    0.0012 -160.2958
    0.1386    0.3339    0.0115    0.1003    0.0693    0.0734    0.0001    0.3417    0.1880        0.1009    0.0036 -117.2952
    0.1400    0.3917    0.0207    0.1522    0.0700    0.1909    0.0001    0.6176    0.3398        0.1830    0.0427 -200.9804
    0.1337    0.3428    0.0113    0.0818    0.0669    0.0989    0.0001    0.3356    0.1838        0.0759    0.0070  -69.9573
    0.1425    0.3563    0.0162    0.1038    0.0712    0.1185    0.0001    0.4862    0.2652        0.1452    0.0214 -135.3787
    0.1378    0.3618    0.0262    0.1629    0.0689    0.1062    0.0001    0.4093    0.2106        0.1165    0.0178  -44.8793
    0.1533    0.3466    0.0258    0.1284    0.0767    0.1063    0.0001    0.4108    0.3934        0.1721    0.0860 -150.3093
    0.1394    0.3608    0.0138    0.1679    0.0697    0.1653    0.0001    0.3867    0.2271        0.1388    0.0062 -112.7997
    0.1384    0.3774    0.0194    0.1449    0.0692    0.1331    0.0001    0.5845    0.3197        0.1712    0.0175 -211.8611
    0.1238    0.3668    0.0113    0.1301    0.0619    0.1282    0.0001    0.3400    0.1816        0.1099    0.0077  -86.8082
    0.1421    0.3645    0.0177    0.1194    0.0711    0.1441    0.0001    0.5318    0.2883        0.1631    0.0116 -162.4589
    0.1501    0.3249    0.0100    0.0456    0.0750    0.0701    0.0001    0.3104    0.3079        0.1582    0.0051 -209.9139
    0.1593    0.3342    0.0128    0.1278    0.0796    0.0479    0.0001    0.3993    0.3733        0.2036    0.0593 -250.0908
    0.1311    0.3545    0.0101    0.1300    0.0656    0.1030    0.0001    0.3110    0.3137        0.1524    0.0096 -230.1890
    0.1412    0.3555    0.0129    0.1258    0.0706    0.1346    0.0001    0.3960    0.3938        0.2011    0.0560 -274.8051
    0.1316    0.3604    0.0121    0.1294    0.0658    0.1773    0.0001    0.3682    0.1965        0.1781    0.0115 -124.7464
    0.1440    0.3405    0.0144    0.1008    0.0720    0.0769    0.0001    0.4390    0.2380        0.2079    0.0578 -185.3895
    0.1155    0.4046    0.0138    0.1557    0.0578    0.1782    0.0001    0.3955    0.2384        0.1129    0.0047  -83.7528
    0.1440    0.3447    0.0169    0.1194    0.0720    0.0975    0.0001    0.5078    0.2717        0.1513    0.0678 -199.9537
    0.1427    0.3533    0.0288    0.1391    0.0713    0.1198    0.0001    0.4519    0.2314        0.1428    0.0063  -33.3435
    0.1571    0.3192    0.0227    0.0919    0.0786    0.0300    0.0001    0.3684    0.3420        0.1722    0.0494  -96.0516
    0.1392    0.3472    0.0152    0.0923    0.0696    0.1061    0.0001    0.4582    0.2485        0.0888    0.0156 -168.0416
    0.1495    0.3449    0.0170    0.1014    0.0748    0.1034    0.0001    0.5072    0.2780        0.1635    0.0879 -228.2903
    0.1283    0.3708    0.0125    0.1496    0.0642    0.1683    0.0001    0.3804    0.1917        0.1173    0.0070  -78.8946
    0.1454    0.3627    0.0181    0.1326    0.0727    0.1292    0.0001    0.5460    0.2955        0.1663    0.0879 -187.5173
    0.1395    0.3284    0.0100    0.0948    0.0698    0.0717    0.0001    0.3069    0.3070        0.0902    0.0131 -171.3420
    0.1495    0.3406    0.0128    0.1368    0.0747    0.0940    0.0001    0.3951    0.3890        0.1925    0.0637 -231.2231
    0.1534    0.3607    0.0136    0.1345    0.0767    0.1160    0.0001    0.4451    0.3553        0.1249   -0.0018 -154.0422
    0.1433    0.3455    0.0127    0.0821    0.0716    0.1104    0.0001    0.3932    0.3824        0.1280   -0.0015 -218.7936
    0.1284    0.3575    0.0111    0.1321    0.0642    0.1688    0.0001    0.3211    0.1927        0.1651    0.0060 -122.1051
    0.1424    0.3623    0.0171    0.1562    0.0712    0.1096    0.0001    0.5161    0.2817        0.2508    0.0476 -220.4837
    0.1075    0.4030    0.0124    0.1502    0.0538    0.1635    0.0001    0.3594    0.2165        0.1175    0.0105  -74.0013
    0.1454    0.3553    0.0167    0.1132    0.0727    0.1282    0.0001    0.5064    0.2705        0.1551    0.0639 -180.0161
    0.1345    0.3502    0.0125    0.1181    0.0673    0.1791    0.0001    0.3664    0.2107        0.1433    0.0104 -139.4788
    0.1505    0.3324    0.0154    0.0608    0.0752    0.1096    0.0001    0.4671    0.2549        0.2140    0.0679 -230.2744
    0.1327    0.3507    0.0109    0.0876    0.0663    0.1653    0.0001    0.3378    0.3339        0.1722    0.0319 -247.7790
    0.1474    0.3386    0.0124    0.1172    0.0737    0.0923    0.0001    0.3852    0.3778        0.1883    0.0620 -279.9278
    0.1366    0.3460    0.0128    0.0659    0.0683    0.1436    0.0001    0.3818    0.2142        0.0979   -0.0012  -64.8285
    0.1486    0.3697    0.0188    0.1525    0.0743    0.1446    0.0001    0.5486    0.3042        0.1701    0.0291 -102.7562
    0.1319    0.3630    0.0119    0.1108    0.0659    0.2396    0.0001    0.3715    0.3564        0.1888    0.0074 -249.4974
    0.1420    0.3375    0.0122    0.0850    0.0710    0.0872    0.0001    0.3801    0.3714        0.1879    0.0678 -328.4241
    0.1522    0.3581    0.0155    0.1854    0.0761    0.1240    0.0001    0.4824    0.4753        0.1377    0.0172 -250.9730
    0.1575    0.3257    0.0126    0.0890    0.0787    0.0986    0.0001    0.3924    0.3852        0.1914    0.0922 -312.0248
    0.1432    0.3314    0.0100    0.0899    0.0716    0.0768    0.0001    0.3136    0.3095        0.1092    0.0025 -185.1105
    0.1526    0.3300    0.0119    0.0873    0.0763    0.0833    0.0001    0.3670    0.3654        0.1761    0.0056 -217.1953
    0.1348    0.3634    0.0159    0.0687    0.0674    0.1828    0.0001    0.4759    0.2555        0.2169    0.0362 -174.9964
    0.1532    0.3280    0.0146    0.0949    0.0766    0.0772    0.0001    0.4454    0.2389        0.2117    0.0845 -210.7919
    0.1336    0.3498    0.0106    0.1034    0.0668    0.1621    0.0001    0.3276    0.3186        0.0794    0.0172 -139.7504
    0.1508    0.3326    0.0116    0.1164    0.0754    0.0880    0.0001    0.3628    0.3550        0.1761    0.0642 -203.6871
    0.1075    0.4048    0.0130    0.1627    0.0537    0.1870    0.0001    0.3754    0.2266        0.1349    0.0070  -51.4409
    0.1494    0.3535    0.0182    0.1553    0.0747    0.0950    0.0001    0.5746    0.3031        0.1689    0.0753 -189.7762
    0.1399    0.3385    0.0100    0.0959    0.0699    0.0893    0.0001    0.3119    0.3006        0.0780    0.0079 -143.8041
    0.1491    0.3463    0.0125    0.0999    0.0746    0.1136    0.0001    0.3946    0.3701        0.1794    0.0199 -190.0507
    0.1427    0.3470    0.0100    0.1327    0.0713    0.1460    0.0001    0.3195    0.3079        0.1462    0.0108 -198.6276
    0.1508    0.3457    0.0125    0.1163    0.0754    0.1021    0.0001    0.3875    0.3783        0.1885    0.0572 -260.1239
    0.1419    0.3418    0.0147    0.0489    0.0709    0.1883    0.0001    0.4236    0.2601        0.1656    0.0114 -170.5443
    0.1382    0.3619    0.0179    0.1347    0.0691    0.1052    0.0001    0.5268    0.2961        0.1543    0.0804 -236.4646
    0.1280    0.3798    0.0140    0.1280    0.0640    0.1589    0.0001    0.4003    0.2380        0.0868    0.0096  -78.5936
    0.1375    0.3763    0.0188    0.1346    0.0687    0.1573    0.0001    0.5641    0.3082        0.1681    0.0654 -156.2488
    0.1054    0.4086    0.0116    0.1615    0.0527    0.1806    0.0001    0.3312    0.2133        0.1317    0.0099   20.1473
    0.1435    0.3718    0.0186    0.1530    0.0717    0.1935    0.0001    0.5568    0.3019        0.1633    0.0792 -139.3752
    0.1281    0.3527    0.0111    0.0777    0.0640    0.1141    0.0001    0.3311    0.1820        0.0972    0.0097 -115.2131
    0.1393    0.3821    0.0194    0.1660    0.0697    0.1389    0.0001    0.5998    0.3281        0.2237    0.0740 -197.2551
    0.1478    0.3501    0.0108    0.1601    0.0739    0.1353    0.0001    0.3419    0.3301        0.1603   -0.0020 -168.2956
    0.1571    0.3437    0.0123    0.1661    0.0786    0.1066    0.0001    0.3797    0.3858        0.1963    0.0280 -214.0579
    0.1126    0.3882    0.0116    0.1417    0.0563    0.1418    0.0001    0.3847    0.2731        0.1063    0.0057  -51.2209
    0.1522    0.3346    0.0130    0.0959    0.0761    0.0996    0.0001    0.4087    0.3959        0.1246    0.0578 -218.7666
    0.1262    0.3639    0.0132    0.0622    0.0631    0.1961    0.0001    0.4218    0.2006        0.1927    0.0155 -212.5296
    0.1442    0.3297    0.0144    0.0025    0.0721    0.1159    0.0001    0.4378    0.2365        0.2145    0.0793 -264.8319
    0.1291    0.3739    0.0128    0.1381    0.0646    0.1569    0.0001    0.3701    0.2085        0.1059    0.0071  -91.8177
    0.1440    0.3772    0.0177    0.1970    0.0720    0.1190    0.0001    0.5331    0.2888        0.2029    0.0649 -169.4975
    0.1603    0.3401    0.0100    0.0626    0.0802    0.0749    0.0001    0.6618    0.3186        0.1084    0.0095  -84.9448
    0.1565    0.3459    0.0100    0.0599    0.0782    0.0769    0.0001    0.6847    0.3130        0.1533    0.0075 -119.2952
    0.1298    0.3862    0.0158    0.1758    0.0649    0.1622    0.0001    0.4752    0.2559        0.1405    0.0021 -140.6713
    0.1443    0.3550    0.0175    0.0787    0.0721    0.1600    0.0001    0.5379    0.2920        0.1555    0.0145 -192.9568
    0.1220    0.4010    0.0145    0.1814    0.0610    0.2021    0.0001    0.4363    0.2266        0.1386    0.0004  -50.5391
    0.1412    0.3577    0.0169    0.1476    0.0706    0.1010    0.0001    0.5056    0.2769        0.1548    0.0005 -113.5386
    0.1346    0.3457    0.0103    0.1427    0.0673    0.1487    0.0001    0.3156    0.1683        0.1453    0.0098  -76.8076
    0.1496    0.3251    0.0138    0.0864    0.0748    0.0375    0.0001    0.4206    0.2219        0.2015    0.0886 -185.8972
    0.1377    0.3609    0.0127    0.0442    0.0689    0.1862    0.0001    0.4039    0.3819        0.1877    0.0175 -290.6590
    0.1480    0.3309    0.0116    0.0574    0.0740    0.0841    0.0001    0.3594    0.3512        0.1789    0.0950 -340.1293
    0.1290    0.3541    0.0113    0.1164    0.0645    0.0968    0.0001    0.3480    0.1753        0.1028    0.0139  -89.3090
    0.1468    0.3652    0.0189    0.1503    0.0734    0.1234    0.0001    0.5662    0.3061        0.1707    0.0848 -182.2025
    0.1202    0.3808    0.0121    0.1453    0.0601    0.1692    0.0001    0.3458    0.1997        0.1219    0.0091  -62.5498
    0.1465    0.3720    0.0189    0.1382    0.0732    0.1388    0.0001    0.5701    0.3160        0.1860    0.0592 -173.9236
    0.1366    0.3604    0.0128    0.1568    0.0683    0.0812    0.0001    0.4200    0.3664        0.1190    0.0105 -189.7768
    0.1506    0.3271    0.0117    0.0904    0.0753    0.0753    0.0001    0.3640    0.3603        0.1822    0.0842 -260.2266
    0.1246    0.3767    0.0106    0.1409    0.0623    0.1541    0.0001    0.3163    0.1770        0.1207    0.0079  -15.3046
    0.1486    0.3607    0.0182    0.1278    0.0743    0.1462    0.0001    0.5425    0.2948        0.1573    0.0139 -113.9112
    0.1423    0.3401    0.0102    0.1095    0.0711    0.0625    0.0001    0.3230    0.3151        0.1521   -0.0028 -196.7218
    0.1592    0.3197    0.0114    0.0113    0.0796    0.0783    0.0001    0.3556    0.3473        0.1694    0.0924 -256.9525
    0.1336    0.3543    0.0115    0.1068    0.0668    0.1372    0.0001    0.3330    0.2013        0.1061    0.0067  -88.3140
    0.1457    0.3642    0.0183    0.1339    0.0728    0.1199    0.0001    0.5471    0.2993        0.1624    0.0583 -181.6032
    0.1333    0.3444    0.0108    0.1287    0.0667    0.1343    0.0001    0.3239    0.1742        0.1100    0.0055  -50.8988
    0.1508    0.3522    0.0181    0.1718    0.0754    0.0991    0.0001    0.5476    0.3014        0.1750    0.0666 -154.3859
    0.1399    0.3591    0.0148    0.1392    0.0700    0.1528    0.0001    0.4284    0.2596        0.1092    0.0088  -49.7094
    0.1505    0.3290    0.0133    0.1042    0.0752    0.0704    0.0001    0.4023    0.2223        0.1948    0.0657  -96.0947
    0.1247    0.3914    0.0119    0.1773    0.0623    0.1687    0.0001    0.3444    0.1968        0.1245    0.0075  -42.9138
    0.1486    0.3268    0.0154    0.0098    0.0743    0.0646    0.0001    0.4615    0.2546        0.1381    0.0674 -190.7457
    0.1281    0.3664    0.0116    0.1045    0.0640    0.1610    0.0001    0.3637    0.3477        0.0717    0.0074 -158.4178
    0.1429    0.3447    0.0119    0.0952    0.0715    0.1208    0.0001    0.3711    0.3618        0.1836    0.0116 -214.3481
    0.1177    0.4017    0.0143    0.1429    0.0589    0.2301    0.0001    0.4382    0.2305        0.2086    0.0050 -134.4855
    0.1338    0.3837    0.0186    0.1352    0.0669    0.1650    0.0001    0.5578    0.3002        0.1767    0.0670 -196.2147
    0.1295    0.3673    0.0171    0.1202    0.0647    0.1281    0.0001    0.5167    0.2775        0.1415    0.0156 -256.8459
    0.1356    0.3670    0.0186    0.1185    0.0678    0.1373    0.0001    0.5598    0.3030        0.1707    0.0908 -290.0490
    0.1368    0.3319    0.0124    0.0800    0.0684    0.0863    0.0001    0.3718    0.1972        0.1082    0.0015 -110.0762
    0.1405    0.3549    0.0163    0.1195    0.0702    0.1148    0.0001    0.4877    0.2670        0.1539    0.0014 -135.5160
    0.1214    0.3881    0.0158    0.1438    0.0607    0.1405    0.0001    0.4776    0.2590        0.1281    0.0055 -130.4100
    0.1430    0.3592    0.0168    0.1351    0.0715    0.0955    0.0001    0.5088    0.2753        0.1520    0.0785 -173.8172
    0.1326    0.3529    0.0138    0.0773    0.0663    0.1804    0.0001    0.4110    0.2264        0.1548    0.0157 -147.7810
    0.1418    0.3496    0.0174    0.1246    0.0709    0.0934    0.0001    0.5342    0.2751        0.1635    0.0655 -194.6956
    0.1381    0.3569    0.0100    0.1521    0.0691    0.1268    0.0001    0.3184    0.3088        0.1496    0.0149 -230.0378
    0.1548    0.3246    0.0123    0.0687    0.0774    0.0705    0.0001    0.3811    0.3688        0.1886    0.0665 -300.5609
    0.1262    0.3865    0.0115    0.1599    0.0631    0.1770    0.0001    0.3500    0.1863        0.1495    0.0046  -54.4054
    0.1475    0.3569    0.0176    0.1124    0.0737    0.1209    0.0001    0.5317    0.2870        0.1529    0.0047 -152.3108
    0.1426    0.3236    0.0100    0.1215    0.0713    0.1314    0.0001    0.2999    0.1920        0.1169    0.0071   -3.3147
    0.1407    0.3585    0.0179    0.1441    0.0703    0.1039    0.0001    0.5329    0.2951        0.1256    0.0340 -123.1393
    0.1467    0.3240    0.0100    0.0785    0.0734    0.0723    0.0001    0.3143    0.3079        0.1572    0.0152 -255.1949
    0.1526    0.3320    0.0117    0.0703    0.0763    0.1196    0.0001    0.3647    0.3586        0.1806    0.0927 -298.7099
    0.1000    0.4235    0.0101    0.1633    0.0500    0.1792    0.0001    0.3387    0.2632        0.1266    0.0111  -53.1435
    0.1590    0.3485    0.0137    0.1490    0.0795    0.0849    0.0001    0.4245    0.4154        0.2044    0.0601 -269.9079
    0.1333    0.3695    0.0151    0.1491    0.0667    0.1797    0.0001    0.4348    0.2952        0.1215    0.0078  -99.5392
    0.1455    0.3616    0.0189    0.1454    0.0727    0.1241    0.0001    0.5743    0.3017        0.1723    0.0668 -193.6318
    0.1206    0.3951    0.0116    0.1689    0.0603    0.2145    0.0001    0.3595    0.3532        0.1019    0.0146 -153.4234
    0.1520    0.3270    0.0126    0.1176    0.0760    0.0742    0.0001    0.3938    0.3709        0.1966    0.0493 -270.7025
    0.1376    0.3653    0.0100    0.1639    0.0688    0.1534    0.0001    0.3123    0.3063        0.0961    0.0058 -117.1425
    0.1508    0.3290    0.0116    0.1148    0.0754    0.0565    0.0001    0.3621    0.3524        0.1772    0.0056 -194.8944
