    0.1377    0.3958    0.0148    0.1290    0.0689    0.1982    0.0001    0.4648    0.4472        0.1821    0.0023 -339.9617
    0.1471    0.3509    0.0130    0.0420    0.0735    0.0931    0.0001    0.4033    0.3947        0.1981    0.0008 -385.5601
    0.1328    0.4101    0.0156    0.1491    0.0664    0.2237    0.0001    0.5192    0.4251        0.1132    0.0112 -252.2049
    0.1464    0.3659    0.0158    0.0694    0.0732    0.1053    0.0001    0.4817    0.4664        0.1540    0.0517 -372.4886
    0.1335    0.3933    0.0272    0.1882    0.0668    0.0705    0.0001    0.4172    0.4054        0.1511    0.0082 -206.0995
    0.1424    0.3641    0.0266    0.0261    0.0712    0.1188    0.0001    0.4246    0.4017        0.1773    0.0142 -272.6621
    0.1201    0.4301    0.0100    0.0831    0.0600    0.2380    0.0001    0.7794    0.3046        0.0894    0.0068 -352.5276
    0.1293    0.4128    0.0100    0.1086    0.0646    0.1853    0.0001    0.7655    0.3121        0.1573    0.0077 -397.9183
    0.1408    0.3910    0.0384    0.1620    0.0704    0.1559    0.0001    0.5753    0.4035        0.1261    0.0211 -158.2124
    0.1540    0.3460    0.0324    0.0387    0.0770    0.1044    0.0001    0.4937    0.3273        0.1798    0.0768 -216.7372
    0.1265    0.4120    0.0394    0.1555    0.0633    0.1804    0.0001    0.6111    0.4007        0.1137    0.0061 -140.9220
    0.1521    0.3312    0.0294    0.0169    0.0760    0.1111    0.0001    0.4461    0.2929        0.1553    0.0726 -219.1091
    0.1006    0.4219    0.0131    0.1349    0.0503    0.2069    0.0001    0.3920    0.2203        0.1069    0.0062 -106.5759
    0.1457    0.3524    0.0181    0.0426    0.0728    0.0915    0.0001    0.5413    0.2987        0.1670    0.0079 -274.1557
    0.1436    0.3791    0.0203    0.1392    0.0718    0.1384    0.0001    0.5908    0.3330        0.1020    0.0260 -224.5714
    0.1447    0.3826    0.0193    0.0864    0.0723    0.1608    0.0001    0.5805    0.3156        0.1806    0.0735 -281.2325
    0.1250    0.3915    0.0336    0.0998    0.0625    0.1188    0.0001    0.5203    0.2438        0.1901    0.0195 -222.1234
    0.1561    0.3517    0.0271    0.0045    0.0781    0.1111    0.0001    0.4372    0.4026        0.2023    0.0943 -307.2440
    0.1396    0.3825    0.0160    0.1362    0.0698    0.2151    0.0001    0.4643    0.2742        0.1135    0.0074 -150.4900
    0.1443    0.3783    0.0195    0.1170    0.0722    0.0975    0.0001    0.5871    0.3131        0.1688    0.0588 -258.7946
    0.1088    0.4199    0.0139    0.1540    0.0544    0.1427    0.0001    0.4067    0.2424        0.0953    0.0083 -135.1293
    0.1362    0.3709    0.0179    0.0666    0.0681    0.1327    0.0001    0.5367    0.2938        0.1557    0.0153 -246.0175
    0.1318    0.3882    0.0111    0.1300    0.0659    0.1954    0.0001    0.3436    0.3367        0.0916    0.0110 -237.9092
    0.1567    0.3409    0.0127    0.0128    0.0783    0.0860    0.0001    0.3965    0.3888        0.1936    0.0833 -371.4637
    0.1189    0.3974    0.0261    0.1140    0.0594    0.1383    0.0001    0.3949    0.4178        0.0685    0.0085 -163.2712
    0.1612    0.3402    0.0266    0.0268    0.0806    0.0883    0.0001    0.4273    0.3979        0.1971    0.0786 -275.2191
    0.1357    0.3834    0.0132    0.0824    0.0679    0.2068    0.0001    0.4190    0.3893        0.0988    0.0073 -268.0327
    0.1685    0.3297    0.0135    0.0264    0.0842    0.0870    0.0001    0.4187    0.3979        0.2084    0.0472 -369.5471
    0.1207    0.4188    0.0146    0.1235    0.0604    0.2329    0.0001    0.4652    0.4287        0.1777    0.0157 -320.3101
    0.1489    0.3507    0.0128    0.0030    0.0744    0.0942    0.0001    0.4004    0.3879        0.1994    0.0812 -426.1455
    0.1292    0.3803    0.0154    0.0003    0.0646    0.1794    0.0001    0.4645    0.2471        0.1377    0.0081 -275.1429
    0.1432    0.3650    0.0177    0.0010    0.0716    0.1189    0.0001    0.5269    0.2949        0.1696    0.0839 -333.2007
    0.1274    0.4260    0.0251    0.1173    0.0637    0.2162    0.0001    0.7235    0.4473        0.0767    0.0196 -176.2651
    0.1489    0.3594    0.0179    0.0010    0.0744    0.1038    0.0001    0.5354    0.2972        0.1612    0.0691 -274.1192
    0.1297    0.3872    0.0140    0.1121    0.0649    0.1610    0.0001    0.4212    0.2231        0.1607    0.0125 -226.2987
    0.1548    0.3586    0.0190    0.0729    0.0774    0.1125    0.0001    0.5753    0.3163        0.1796    0.0445 -309.4917
    0.1352    0.3848    0.0124    0.1314    0.0676    0.2118    0.0001    0.3878    0.3838        0.1820    0.0138 -322.5000
    0.1575    0.3379    0.0129    0.0151    0.0787    0.0722    0.0001    0.4042    0.3908        0.1973    0.0918 -423.3909
    0.1348    0.3638    0.0128    0.1269    0.0674    0.1453    0.0001    0.3845    0.2035        0.0875    0.0152 -156.2790
    0.1484    0.3591    0.0181    0.0726    0.0742    0.1216    0.0001    0.5421    0.2959        0.1622    0.0984 -285.7596
    0.1226    0.4136    0.0404    0.1411    0.0613    0.1928    0.0001    0.5575    0.2577        0.1812    0.0050 -149.0790
    0.1551    0.3575    0.0266    0.0145    0.0776    0.1245    0.0001    0.4159    0.3990        0.1818    0.0791 -268.7851
    0.1335    0.3765    0.0166    0.1120    0.0668    0.1010    0.0001    0.5110    0.2544        0.0811    0.0166 -199.1443
    0.1500    0.3564    0.0176    0.0732    0.0750    0.0531    0.0001    0.5239    0.2907        0.1622    0.0633 -262.5732
    0.1175    0.3984    0.0313    0.1405    0.0587    0.1911    0.0001    0.4800    0.1490        0.1210    0.0119 -121.4336
    0.1416    0.3582    0.0309    0.0017    0.0708    0.1110    0.0001    0.4718    0.3167        0.1971    0.0175 -261.0023
    0.1275    0.3728    0.0120    0.0733    0.0637    0.2259    0.0001    0.3599    0.2026        0.1535    0.0179 -202.6271
    0.1431    0.3663    0.0189    0.0451    0.0715    0.1212    0.0001    0.5672    0.3107        0.1672    0.0793 -342.3051
    0.1280    0.3920    0.0344    0.0037    0.0640    0.1923    0.0001    0.5343    0.3282        0.1385    0.0124 -195.9497
    0.1537    0.3380    0.0258    0.0003    0.0768    0.0706    0.0001    0.4134    0.3857        0.1669    0.0999 -277.4977
    0.1156    0.4125    0.0112    0.1322    0.0578    0.1895    0.0001    0.3523    0.3502        0.1630    0.0046 -266.6285
    0.1496    0.3427    0.0122    0.0233    0.0748    0.0792    0.0001    0.3805    0.3687        0.1837    0.0917 -375.0630
    0.1360    0.4182    0.0100    0.1359    0.0680    0.2018    0.0001    0.7610    0.3165        0.1631    0.0242 -322.2167
    0.1382    0.4144    0.0100    0.1315    0.0691    0.2079    0.0001    0.7642    0.3152        0.1586    0.0894 -350.1428
    0.1397    0.3486    0.0100    0.0916    0.0699    0.0799    0.0001    0.3163    0.3080        0.0890    0.0138 -269.0872
    0.1389    0.3697    0.0123    0.0017    0.0694    0.1181    0.0001    0.3860    0.3778        0.1852    0.0256 -338.6424
    0.1321    0.3867    0.0139    0.0709    0.0660    0.1982    0.0001    0.4357    0.4171        0.1112    0.0073 -305.8717
    0.1510    0.3441    0.0136    0.0281    0.0755    0.0842    0.0001    0.4125    0.4052        0.1992    0.0175 -358.4502
    0.1382    0.3677    0.0322    0.0725    0.0691    0.1248    0.0001    0.4930    0.3227        0.1460    0.0082 -218.9751
    0.1480    0.3472    0.0255    0.0125    0.0740    0.0985    0.0001    0.4147    0.3885        0.1769    0.0776 -266.7244
    0.1410    0.3692    0.0164    0.1242    0.0705    0.1439    0.0001    0.4874    0.2722        0.1030    0.0136 -209.8123
    0.1510    0.3540    0.0180    0.0029    0.0755    0.1055    0.0001    0.5346    0.2989        0.1719    0.0626 -280.9395
    0.1180    0.4149    0.0178    0.1153    0.0590    0.2163    0.0001    0.5362    0.2859        0.0909    0.0032 -199.1488
    0.1394    0.3706    0.0181    0.0726    0.0697    0.1129    0.0001    0.5401    0.2984        0.1629    0.0034 -265.1205
    0.1173    0.4024    0.0111    0.1218    0.0586    0.1627    0.0001    0.3529    0.3237        0.0935    0.0107 -213.4785
    0.1565    0.3357    0.0121    0.0631    0.0782    0.0629    0.0001    0.3750    0.3682        0.1809    0.0540 -331.6454
    0.1142    0.4038    0.0110    0.0964    0.0571    0.1711    0.0001    0.3415    0.3332        0.1239    0.0082 -289.4799
    0.1621    0.3429    0.0131    0.1273    0.0810    0.0301    0.0001    0.4044    0.3946        0.2044    0.0651 -412.2036
    0.1313    0.3871    0.0164    0.1555    0.0657    0.2025    0.0001    0.4950    0.2878        0.1147    0.0081 -149.6978
    0.1494    0.3502    0.0175    0.0170    0.0747    0.1041    0.0001    0.5229    0.2886        0.1555    0.0841 -270.9882
    0.1282    0.3768    0.0100    0.0961    0.0641    0.1615    0.0001    0.3098    0.3135        0.1458    0.0012 -307.1601
    0.1463    0.3618    0.0139    0.0086    0.0732    0.1326    0.0001    0.4301    0.4207        0.2077    0.0165 -377.5235
    0.1294    0.3829    0.0185    0.0628    0.0647    0.1458    0.0001    0.5564    0.3031        0.1352    0.0044 -253.8542
    0.1411    0.3633    0.0176    0.0624    0.0706    0.1094    0.0001    0.5261    0.2899        0.1593    0.0769 -292.5870
    0.1324    0.3949    0.0178    0.1235    0.0662    0.2054    0.0001    0.5366    0.2707        0.1926    0.0131 -251.6489
    0.1398    0.3734    0.0185    0.0643    0.0699    0.1455    0.0001    0.5527    0.3010        0.1761    0.0710 -301.7088
    0.1224    0.4112    0.0192    0.1179    0.0612    0.1519    0.0001    0.5886    0.3116        0.0983    0.0161 -194.0425
    0.1487    0.3672    0.0185    0.0889    0.0744    0.1119    0.0001    0.5542    0.3023        0.1578    0.0932 -256.1151
    0.1071    0.4393    0.0112    0.1613    0.0535    0.2153    0.0001    0.3822    0.2953        0.1272    0.0069 -130.3711
    0.1482    0.3516    0.0120    0.0754    0.0741    0.0561    0.0001    0.3717    0.3717        0.1840    0.0105 -324.9763
    0.1373    0.3722    0.0100    0.1199    0.0686    0.1429    0.0001    0.3310    0.2785        0.0498    0.0143 -179.7594
    0.1549    0.3453    0.0130    0.0300    0.0774    0.0796    0.0001    0.4072    0.3944        0.1963    0.0566 -359.4832
    0.1276    0.4114    0.0217    0.1242    0.0638    0.2256    0.0001    0.6373    0.3579        0.0885    0.0053 -167.6590
    0.1450    0.3617    0.0181    0.0953    0.0725    0.1022    0.0001    0.5391    0.2954        0.1620    0.0705 -254.5014
    0.1452    0.3294    0.0100    0.0241    0.0726    0.0480    0.0001    0.3126    0.3112        0.1533   -0.0014 -310.9072
    0.1529    0.3458    0.0139    0.0691    0.0764    0.0958    0.0001    0.4263    0.4218        0.1352    0.0578 -360.8362
    0.1353    0.3965    0.0199    0.1067    0.0676    0.2187    0.0001    0.5741    0.3557        0.0959    0.0074 -176.5092
    0.1466    0.3586    0.0173    0.0074    0.0733    0.1250    0.0001    0.5185    0.2838        0.1538    0.0756 -260.4450
    0.1293    0.4134    0.0100    0.1245    0.0646    0.1629    0.0001    0.7696    0.3101        0.1519    0.0113 -447.7067
    0.1365    0.4082    0.0100    0.1152    0.0683    0.1659    0.0001    0.7571    0.3116        0.1631    0.0866 -479.4899
    0.1338    0.3603    0.0275    0.0990    0.0669    0.0742    0.0001    0.4291    0.2419        0.1856    0.0098 -230.2690
    0.1449    0.3558    0.0252    0.0566    0.0724    0.1018    0.0001    0.4007    0.3805        0.1662    0.1078 -322.1695
    0.1301    0.3960    0.0200    0.0726    0.0650    0.1841    0.0001    0.6105    0.3151        0.1104    0.0123 -300.9814
    0.1441    0.3872    0.0215    0.1055    0.0720    0.1444    0.0001    0.6516    0.3489        0.2001    0.0801 -357.2764
    0.1420    0.3463    0.0100    0.0454    0.0710    0.1664    0.0001    0.3140    0.3107        0.1563    0.0119 -351.9660
    0.1615    0.3377    0.0137    0.0984    0.0808    0.0402    0.0001    0.4315    0.4096        0.2093    0.0580 -427.5963
    0.1360    0.3564    0.0100    0.0312    0.0680    0.1807    0.0001    0.3221    0.2994        0.1644    0.0151 -328.9237
    0.1498    0.3468    0.0127    0.0069    0.0749    0.0725    0.0001    0.3934    0.3853        0.1920    0.0820 -420.6088
    0.1395    0.3937    0.0149    0.1294    0.0697    0.2697    0.0001    0.4908    0.4135        0.0917    0.0065 -180.2018
    0.1522    0.3448    0.0127    0.0129    0.0761    0.0929    0.0001    0.3949    0.3871        0.1960    0.0083 -324.9660
    0.1328    0.3699    0.0121    0.1116    0.0664    0.1427    0.0001    0.3716    0.3699        0.0980   -0.0068 -270.7856
    0.1518    0.3318    0.0117    0.0032    0.0759    0.0397    0.0001    0.3724    0.3490        0.1712    0.0007 -331.0421
    0.1420    0.3794    0.0202    0.0982    0.0710    0.1315    0.0001    0.5839    0.3640        0.0781    0.0194 -223.7204
    0.1461    0.3658    0.0186    0.0349    0.0731    0.1304    0.0001    0.5574    0.3066        0.1698    0.0587 -290.9778
    0.1360    0.3753    0.0111    0.1049    0.0680    0.2179    0.0001    0.3623    0.3045        0.0812    0.0048 -193.3116
    0.1550    0.3410    0.0138    0.0064    0.0775    0.0737    0.0001    0.4284    0.4086        0.1463    0.0866 -361.1363
    0.1321    0.3824    0.0183    0.0401    0.0661    0.1650    0.0001    0.5522    0.2937        0.1360    0.0051 -245.5695
    0.1417    0.3591    0.0169    0.0072    0.0708    0.1237    0.0001    0.5055    0.2758        0.1586    0.0680 -278.9650
    0.1178    0.3912    0.0126    0.1426    0.0589    0.1877    0.0001    0.3827    0.1964        0.1170    0.0032 -135.4807
    0.1420    0.3660    0.0193    0.0963    0.0710    0.1014    0.0001    0.5793    0.3143        0.1615    0.0118 -276.1597
    0.1121    0.4220    0.0108    0.1035    0.0560    0.1760    0.0001    0.3737    0.2884        0.1608    0.0121 -214.6476
    0.1459    0.3435    0.0120    0.0063    0.0730    0.0734    0.0001    0.3747    0.3663        0.1833    0.0338 -352.7041
    0.1333    0.3705    0.0126    0.0178    0.0667    0.1631    0.0001    0.3795    0.3603        0.2346    0.0211 -363.0959
    0.1495    0.3515    0.0132    0.0317    0.0747    0.0883    0.0001    0.4137    0.3979        0.2031    0.0907 -453.3937
    0.1224    0.4049    0.0177    0.1385    0.0612    0.1510    0.0001    0.5477    0.2637        0.1579    0.0107 -270.6626
    0.1508    0.3651    0.0192    0.0567    0.0754    0.1169    0.0001    0.5708    0.3221        0.1824    0.1042 -367.7459
    0.1401    0.3653    0.0150    0.1174    0.0700    0.1015    0.0001    0.4600    0.2334        0.0917    0.0069 -165.2539
    0.1429    0.3580    0.0157    0.0594    0.0715    0.0996    0.0001    0.4704    0.2561        0.1567    0.0181 -216.9160
    0.1404    0.3689    0.0140    0.1139    0.0702    0.1131    0.0001    0.4382    0.4189        0.1252    0.0088 -307.7220
    0.1541    0.3421    0.0126    0.0655    0.0771    0.0797    0.0001    0.3941    0.3796        0.1923    0.0763 -365.2232
    0.1466    0.3769    0.0207    0.0948    0.0733    0.1058    0.0001    0.6083    0.3581        0.1434    0.0186 -252.7889
    0.1515    0.3543    0.0178    0.0066    0.0758    0.0903    0.0001    0.5361    0.2906        0.1633    0.0833 -298.7334
    0.1417    0.3522    0.0100    0.1136    0.0709    0.0757    0.0001    0.3105    0.3078        0.1559    0.0095 -319.5185
    0.1459    0.3454    0.0116    0.0079    0.0730    0.0825    0.0001    0.3615    0.3508        0.1749    0.0968 -401.6749
    0.1435    0.3708    0.0170    0.1430    0.0718    0.0992    0.0001    0.5041    0.2872        0.1332    0.0081 -268.6186
    0.1446    0.3536    0.0174    0.0665    0.0723    0.0913    0.0001    0.5108    0.2786        0.1598    0.0782 -338.7166
    0.1383    0.3479    0.0156    0.0089    0.0691    0.0865    0.0001    0.4747    0.2559        0.1485   -0.0002 -235.7756
    0.1482    0.3639    0.0194    0.1296    0.0741    0.0978    0.0001    0.5809    0.3163        0.1712    0.0692 -276.0679
    0.1437    0.3712    0.0150    0.1360    0.0719    0.1407    0.0001    0.4548    0.2438        0.1594    0.0089 -222.1117
    0.1387    0.3690    0.0183    0.0837    0.0694    0.1207    0.0001    0.5497    0.2978        0.1644    0.0817 -298.3661
    0.1245    0.3911    0.0152    0.0900    0.0622    0.1824    0.0001    0.4661    0.2279        0.1301    0.0115 -232.4519
    0.1471    0.3573    0.0170    0.0126    0.0736    0.1075    0.0001    0.5067    0.2824        0.1616    0.0822 -310.8186
    0.1523    0.3378    0.0132    0.0786    0.0762    0.1333    0.0001    0.4170    0.3626        0.1364    0.0052 -299.4400
    0.1504    0.3482    0.0128    0.0462    0.0752    0.0862    0.0001    0.3974    0.3873        0.1936    0.0632 -386.6737
    0.1272    0.3982    0.0141    0.1496    0.0636    0.1836    0.0001    0.4020    0.2590        0.1201    0.0099 -120.0022
    0.1479    0.3632    0.0186    0.0948    0.0739    0.1213    0.0001    0.5647    0.3013        0.1687    0.0674 -252.4952
    0.1312    0.3760    0.0144    0.1059    0.0656    0.2092    0.0001    0.4304    0.2338        0.1412    0.0091 -199.5851
    0.1438    0.3596    0.0172    0.0497    0.0719    0.1113    0.0001    0.5163    0.2837        0.1555    0.0766 -287.4700
    0.1014    0.4146    0.0155    0.1222    0.0507    0.1296    0.0001    0.4394    0.2803        0.1051    0.0151 -174.9852
    0.1269    0.3995    0.0164    0.0959    0.0634    0.1261    0.0001    0.5032    0.2651        0.1266    0.0154 -266.8024
    0.1188    0.4020    0.0355    0.1066    0.0594    0.1308    0.0001    0.5448    0.3487        0.1245    0.0059 -223.2158
    0.1485    0.3564    0.0344    0.0711    0.0742    0.0956    0.0001    0.5301    0.3731        0.1815    0.0237 -265.4150
    0.0983    0.4595    0.0174    0.1538    0.0492    0.2296    0.0001    0.5406    0.2236        0.1478    0.0141 -169.7309
    0.1414    0.3652    0.0185    0.0668    0.0707    0.1015    0.0001    0.5567    0.3059        0.1727    0.0770 -351.1755
    0.1401    0.3777    0.0284    0.1282    0.0700    0.1062    0.0001    0.4490    0.4398        0.0972    0.0165 -175.6082
    0.1555    0.3445    0.0265    0.0611    0.0777    0.0829    0.0001    0.4224    0.3963        0.1904    0.0731 -245.7086
    0.1205    0.4187    0.0149    0.1254    0.0602    0.1562    0.0001    0.4746    0.4368        0.1084    0.0165 -255.4056
    0.1562    0.3387    0.0123    0.0214    0.0781    0.0651    0.0001    0.3813    0.3763        0.1878    0.0727 -343.3066
    0.1402    0.3602    0.0127    0.0643    0.0701    0.0815    0.0001    0.3892    0.3879        0.1372    0.0034 -360.1475
    0.1416    0.3778    0.0137    0.0946    0.0708    0.1256    0.0001    0.4159    0.4213        0.2110    0.0332 -400.5711
    0.1124    0.4141    0.0189    0.1273    0.0562    0.1514    0.0001    0.5718    0.2120        0.1463    0.0090 -219.8416
    0.1440    0.3599    0.0178    0.0268    0.0720    0.1085    0.0001    0.5287    0.2950        0.1743    0.0862 -348.1780
    0.1262    0.4219    0.0101    0.1610    0.0631    0.1801    0.0001    0.7870    0.3070        0.1385    0.0110 -363.8837
    0.1361    0.4059    0.0101    0.1221    0.0680    0.1663    0.0001    0.7703    0.3157        0.1603    0.0846 -412.3711
    0.1145    0.4064    0.0267    0.1186    0.0573    0.1551    0.0001    0.4078    0.2296        0.1461    0.0131 -166.7176
    0.1606    0.3331    0.0271    0.0251    0.0803    0.0772    0.0001    0.4318    0.4143        0.1905    0.0366 -292.0560
    0.1320    0.4029    0.0168    0.1411    0.0660    0.1799    0.0001    0.5312    0.4983        0.0867    0.0145 -250.0978
    0.1622    0.3339    0.0125    0.0002    0.0811    0.1067    0.0001    0.3911    0.3730        0.1919    0.0727 -356.9540
    0.1406    0.3739    0.0177    0.1280    0.0703    0.1044    0.0001    0.5441    0.2740        0.1349    0.0018 -226.1914
    0.1454    0.3587    0.0172    0.0258    0.0727    0.0985    0.0001    0.5170    0.2826        0.1554    0.0017 -246.0007
    0.1366    0.3513    0.0236    0.0244    0.0683    0.0951    0.0001    0.3595    0.3676        0.0918    0.0162 -244.2597
    0.1556    0.3521    0.0292    0.0470    0.0778    0.0936    0.0001    0.4668    0.4304        0.1820    0.0930 -324.3108
    0.1197    0.3928    0.0130    0.1312    0.0599    0.2063    0.0001    0.4261    0.3609        0.0850    0.0101 -205.8440
    0.1518    0.3455    0.0131    0.0568    0.0759    0.0852    0.0001    0.4113    0.3958        0.1988    0.0237 -337.6958
    0.1261    0.3986    0.0173    0.0823    0.0631    0.2189    0.0001    0.5128    0.2884        0.1051    0.0092 -214.4061
    0.1385    0.3651    0.0170    0.0560    0.0693    0.1412    0.0001    0.5171    0.2720        0.1615    0.0700 -279.8722
    0.1230    0.3768    0.0178    0.0521    0.0615    0.1188    0.0001    0.5512    0.2574        0.1804    0.0157 -237.6521
    0.1476    0.3389    0.0163    0.0202    0.0738    0.0666    0.0001    0.4805    0.2682        0.1579    0.0418 -290.1088
    0.1169    0.4046    0.0116    0.1213    0.0585    0.1518    0.0001    0.3949    0.3401        0.1639    0.0097 -251.8795
    0.1586    0.3413    0.0134    0.0464    0.0793    0.0904    0.0001    0.4174    0.4068        0.1993    0.0719 -374.7506
    0.1097    0.4138    0.0100    0.1031    0.0549    0.1622    0.0001    0.3124    0.2936        0.1345    0.0098 -238.2824
    0.1526    0.3428    0.0126    0.0340    0.0763    0.0903    0.0001    0.3922    0.3813        0.1924    0.0766 -373.9269
    0.1329    0.3779    0.0100    0.1415    0.0664    0.1497    0.0001    0.3094    0.3115        0.1215    0.0154 -235.3587
    0.1522    0.3395    0.0121    0.0128    0.0761    0.0707    0.0001    0.3830    0.3680        0.1859    0.0581 -355.2602
    0.1163    0.4242    0.0111    0.0735    0.0582    0.2036    0.0001    0.3383    0.3114        0.1486    0.0123 -277.3423
    0.1484    0.3487    0.0123    0.0015    0.0742    0.0904    0.0001    0.3815    0.3723        0.1893    0.0901 -403.8596
    0.1325    0.3586    0.0103    0.0709    0.0662    0.1082    0.0001    0.3236    0.3071        0.0746   -0.0094 -227.5604
    0.1600    0.3380    0.0130    0.0472    0.0800    0.0775    0.0001    0.4076    0.3939        0.1994    0.0773 -358.6900
    0.1364    0.3578    0.0100    0.0939    0.0682    0.0846    0.0001    0.3103    0.3156        0.0950    0.0109 -258.5895
    0.1540    0.3503    0.0129    0.0886    0.0770    0.0856    0.0001    0.4022    0.3916        0.1965    0.0623 -354.3323
    0.1427    0.4002    0.0732    0.1336    0.0713    0.1824    0.0001    0.6122    0.3928        0.1899    0.0126 -158.6766
    0.1706    0.3536    0.1138    0.0113    0.0853    0.1118    0.0001    0.5112    0.4441        0.2282    0.1084 -217.4029
    0.1404    0.3692    0.0116    0.1491    0.0702    0.2214    0.0001    0.3733    0.3303        0.1120    0.0063 -200.1585
    0.1535    0.3349    0.0123    0.0191    0.0767    0.0484    0.0001    0.3824    0.3725        0.1868    0.0129 -344.3460
    0.1043    0.4341    0.0109    0.1297    0.0522    0.1768    0.0001    0.3637    0.2628        0.1089    0.0092  -88.2018
    0.1507    0.3515    0.0124    0.0184    0.0754    0.1041    0.0001    0.3863    0.3761        0.1892    0.0701 -315.8434
    0.1242    0.3884    0.0103    0.1071    0.0621    0.2081    0.0001    0.3252    0.3116        0.1327    0.0050 -269.5084
    0.1539    0.3504    0.0132    0.0672    0.0770    0.0972    0.0001    0.4134    0.4012        0.2021    0.0910 -411.4509
    0.1241    0.3719    0.0106    0.1113    0.0620    0.1688    0.0001    0.3210    0.1690        0.1623    0.0159 -216.9251
    0.1506    0.3494    0.0166    0.0350    0.0753    0.1030    0.0001    0.5039    0.2755        0.2475    0.0767 -359.3632
    0.1341    0.4116    0.0100    0.1642    0.0671    0.1767    0.0001    0.7600    0.3164        0.1531    0.0252 -372.8212
    0.1335    0.4094    0.0100    0.1344    0.0668    0.1891    0.0001    0.7583    0.3151        0.1580    0.0888 -401.6204
    0.1305    0.3955    0.0136    0.1072    0.0653    0.1825    0.0001    0.4127    0.4184        0.1289    0.0088 -317.8576
    0.1448    0.3625    0.0122    0.0732    0.0724    0.0972    0.0001    0.3788    0.3680        0.1839    0.1039 -395.4249
    0.1341    0.3701    0.0138    0.1101    0.0671    0.1321    0.0001    0.4203    0.2114        0.1255    0.0109 -262.5651
    0.1422    0.3916    0.0217    0.1157    0.0711    0.1473    0.0001    0.6526    0.3601        0.1881    0.0565 -358.3667
    0.1452    0.3658    0.0177    0.1015    0.0726    0.0986    0.0001    0.5314    0.2941        0.1218    0.0073 -210.5446
    0.1507    0.3582    0.0177    0.0669    0.0753    0.0993    0.0001    0.5269    0.2930        0.1656    0.0740 -255.3498
