    0.1605    0.3329    0.1510    0.1209    0.0802    0.0716    0.0001    0.3974    0.2620        0.0638    0.0135  325.3421
    0.1606    0.3402    0.1547    0.1328    0.0803    0.0856    0.0001    0.4143    0.2650        0.0836    0.0054  323.8276
    0.1563    0.3485    0.1274    0.1492    0.0781    0.1209    0.0001    0.3679    0.2374        0.1065    0.0091  393.9323
    0.1581    0.3424    0.1288    0.1518    0.0790    0.0998    0.0001    0.3587    0.2432        0.1082    0.0080  393.0960
    0.1474    0.3670    0.1244    0.1463    0.0737    0.1212    0.0001    0.3953    0.2276        0.0972    0.0125  318.3656
    0.1457    0.3610    0.1074    0.1325    0.0729    0.1122    0.0001    0.3745    0.2124        0.0897   -0.0083  316.9268
    0.1530    0.3651    0.1518    0.1374    0.0765    0.1576    0.0001    0.4266    0.2333        0.1082    0.0111  329.6521
    0.1560    0.3596    0.1475    0.1473    0.0780    0.1345    0.0001    0.4254    0.2415        0.1236   -0.0317  323.7182
    0.1593    0.3418    0.1607    0.1270    0.0796    0.1028    0.0001    0.3707    0.2591        0.1151    0.0061  363.1606
    0.1606    0.3578    0.1764    0.1809    0.0803    0.1046    0.0001    0.4083    0.2819        0.1167    0.0072  360.3894
    0.1573    0.3425    0.1270    0.1139    0.0787    0.1101    0.0001    0.3541    0.2229        0.0647    0.0135  419.0166
    0.1604    0.3421    0.1351    0.1242    0.0802    0.0989    0.0001    0.3620    0.2306        0.0855    0.0003  417.1993
    0.1583    0.3474    0.1486    0.1162    0.0792    0.1211    0.0001    0.3729    0.2165        0.1046    0.0104  399.4616
    0.1579    0.3487    0.1411    0.1358    0.0789    0.1042    0.0001    0.3725    0.2091        0.0968    0.0014  397.9265
    0.1730    0.3278    0.1898    0.0838    0.0865    0.0885    0.0001    0.4070    0.2798        0.0907    0.0001  367.7549
    0.1712    0.3419    0.1903    0.1501    0.0856    0.0817    0.0001    0.4398    0.2869        0.1017    0.0001  365.1974
    0.1604    0.3548    0.1612    0.1618    0.0802    0.1212    0.0001    0.3814    0.2365        0.1197    0.0088  428.8258
    0.1602    0.3419    0.1450    0.1400    0.0801    0.0969    0.0001    0.3522    0.2224        0.1039    0.0105  427.8787
    0.1491    0.3611    0.1193    0.1572    0.0745    0.1098    0.0001    0.3836    0.2195        0.1021    0.0064  346.7760
    0.1560    0.3725    0.1637    0.1975    0.0780    0.1054    0.0001    0.4373    0.2693        0.1356   -0.0144  343.3975
    0.1567    0.3416    0.1017    0.1436    0.0783    0.0952    0.0001    0.3327    0.1972        0.0879    0.0127  448.3274
    0.1730    0.3424    0.1558    0.1732    0.0865    0.0881    0.0001    0.4056    0.2567        0.1217   -0.0057  442.4306
    0.1782    0.3614    0.2139    0.1540    0.0891    0.1431    0.0001    0.4479    0.3162        0.1071    0.0097  418.8920
    0.1750    0.3575    0.1987    0.1504    0.0875    0.1289    0.0001    0.4311    0.2957        0.0993    0.0122  418.5831
    0.1643    0.3598    0.1968    0.1476    0.0822    0.1341    0.0001    0.4565    0.2381        0.1036    0.0082  376.5815
    0.1682    0.3587    0.2048    0.1616    0.0841    0.1156    0.0001    0.4760    0.2651        0.1156    0.0025  374.7906
    0.1622    0.3373    0.1482    0.1262    0.0811    0.1136    0.0001    0.3761    0.2213        0.0832    0.0096  443.4821
    0.1637    0.3345    0.1426    0.1434    0.0819    0.0910    0.0001    0.3743    0.2205        0.0845   -0.0065  441.5139
    0.1465    0.3545    0.1251    0.1437    0.0732    0.1213    0.0001    0.3541    0.2125        0.0846    0.0114  412.8551
    0.1501    0.3473    0.1216    0.1586    0.0750    0.0786    0.0001    0.3477    0.2068        0.0832   -0.0121  408.4792
    0.1662    0.3416    0.1741    0.1498    0.0831    0.0836    0.0001    0.3755    0.2234        0.1079    0.0109  483.0336
    0.1753    0.3403    0.1986    0.1609    0.0876    0.0764    0.0001    0.4069    0.2580        0.0963    0.0121  481.0642
    0.1535    0.3387    0.1239    0.1147    0.0767    0.0982    0.0001    0.3478    0.2590        0.0995    0.0115  317.8252
    0.1545    0.3265    0.1080    0.1041    0.0773    0.0484    0.0001    0.3290    0.2311        0.0870    0.0116  315.0263
    0.1498    0.3454    0.1330    0.1198    0.0749    0.1051    0.0001    0.3281    0.2036        0.0760    0.0087  350.1634
    0.1566    0.3418    0.1540    0.1204    0.0783    0.0961    0.0001    0.3562    0.2285        0.1171    0.0075  345.9076
    0.1603    0.3514    0.1675    0.1153    0.0801    0.1184    0.0001    0.4543    0.2339        0.1021    0.0112  329.5903
    0.1612    0.3380    0.1531    0.0954    0.0806    0.0780    0.0001    0.4079    0.2331        0.0921   -0.0102  325.3978
    0.1454    0.3414    0.1363    0.0734    0.0727    0.1157    0.0001    0.3271    0.2041        0.1036    0.0022  306.3463
    0.1472    0.3646    0.1734    0.1578    0.0736    0.1183    0.0001    0.3963    0.2519        0.1414    0.0019  300.4116
    0.1556    0.3447    0.1346    0.1103    0.0778    0.1095    0.0001    0.3681    0.2120        0.0351    0.0116  364.2285
    0.1571    0.3351    0.1220    0.0828    0.0786    0.1010    0.0001    0.3586    0.2213        0.0645    0.0188  359.3811
    0.1575    0.3404    0.1392    0.1270    0.0787    0.1088    0.0001    0.3360    0.2499        0.1273    0.0127  390.6846
    0.1614    0.3413    0.1400    0.1568    0.0807    0.0683    0.0001    0.3494    0.2548        0.1202    0.0132  387.8150
    0.1477    0.3697    0.1443    0.1405    0.0738    0.1266    0.0001    0.3927    0.2369        0.0969    0.0105  329.0955
    0.1497    0.3782    0.1631    0.1639    0.0749    0.1336    0.0001    0.4267    0.2585        0.1089   -0.0011  328.3037
    0.1614    0.3490    0.1938    0.1383    0.0807    0.1544    0.0001    0.4617    0.2788        0.1098    0.0076  339.8204
    0.1607    0.3536    0.1886    0.1700    0.0804    0.1358    0.0001    0.4730    0.2774        0.1120   -0.0341  335.0501
    0.1555    0.3394    0.1118    0.1263    0.0777    0.0985    0.0001    0.3726    0.2151        0.0784    0.0128  351.4400
    0.1688    0.3418    0.1603    0.1505    0.0844    0.1000    0.0001    0.4262    0.2827        0.1045    0.0138  347.3567
    0.1627    0.3531    0.1836    0.1440    0.0813    0.1414    0.0001    0.3928    0.2470        0.0878    0.0114  433.9535
    0.1621    0.3480    0.1743    0.1375    0.0811    0.1266    0.0001    0.3822    0.2398        0.0946    0.0009  433.3510
    0.1566    0.3627    0.1793    0.1482    0.0783    0.1246    0.0001    0.3948    0.2287        0.1155    0.0114  412.0168
    0.1564    0.3470    0.1559    0.1349    0.0782    0.0837    0.0001    0.3595    0.2001        0.1073   -0.0273  406.6886
    0.1639    0.3401    0.1655    0.1224    0.0819    0.1246    0.0001    0.4002    0.2330        0.1175    0.0090  414.1553
    0.1622    0.3298    0.1453    0.1064    0.0811    0.0988    0.0001    0.3683    0.2168        0.1022   -0.0374  407.8771
    0.1580    0.3348    0.1293    0.1257    0.0790    0.1014    0.0001    0.3546    0.2326        0.0784    0.0154  393.0049
    0.1597    0.3285    0.1291    0.1179    0.0799    0.0837    0.0001    0.3575    0.2292        0.0857    0.0079  392.1717
    0.1613    0.3477    0.1500    0.1636    0.0806    0.0803    0.0001    0.3461    0.2564        0.1045    0.0114  443.1708
    0.1590    0.3437    0.1376    0.1586    0.0795    0.0666    0.0001    0.3393    0.2360        0.0895    0.0144  442.3333
    0.1633    0.3467    0.1879    0.1315    0.0816    0.1264    0.0001    0.4303    0.2776        0.0907    0.0074  335.6066
    0.1629    0.3277    0.1682    0.0630    0.0815    0.0980    0.0001    0.3828    0.2526        0.0965   -0.0071  331.6730
    0.1643    0.3463    0.1813    0.1248    0.0821    0.1276    0.0001    0.4123    0.2280        0.1080    0.0078  437.5856
    0.1659    0.3443    0.1779    0.1401    0.0830    0.1055    0.0001    0.4136    0.2218        0.1048   -0.0340  433.1636
    0.1614    0.3387    0.1404    0.1153    0.0807    0.1089    0.0001    0.3638    0.2310        0.1314    0.0103  374.3452
    0.1644    0.3454    0.1533    0.1505    0.0822    0.1004    0.0001    0.3860    0.2503        0.1361    0.0239  372.9659
    0.1515    0.3511    0.1582    0.1143    0.0757    0.1284    0.0001    0.3893    0.2405        0.1147   -0.0030  337.2484
    0.1545    0.3815    0.1925    0.2147    0.0772    0.1202    0.0001    0.4765    0.2799        0.1304   -0.0027  329.1188
    0.1581    0.3490    0.1564    0.1397    0.0790    0.0877    0.0001    0.3734    0.2615        0.1078    0.0173  325.3415
    0.1569    0.3472    0.1521    0.1278    0.0784    0.0881    0.0001    0.3735    0.2549        0.1083    0.0196  325.1038
    0.1528    0.3481    0.1297    0.1211    0.0764    0.1335    0.0001    0.3137    0.2325        0.1010    0.0134  416.4005
    0.1549    0.3464    0.1339    0.1320    0.0774    0.1159    0.0001    0.3190    0.2385        0.1060   -0.0014  415.1081
    0.1530    0.3448    0.1383    0.1160    0.0765    0.1140    0.0001    0.3697    0.2410        0.0707    0.0066  328.6855
    0.1551    0.3322    0.1367    0.0736    0.0775    0.1042    0.0001    0.3514    0.2365        0.0866    0.0061  326.6812
    0.1506    0.3601    0.1474    0.1420    0.0753    0.1389    0.0001    0.3674    0.2226        0.0990    0.0114  408.2352
    0.1577    0.3703    0.1852    0.1822    0.0789    0.1468    0.0001    0.4214    0.2701        0.1207    0.0028  406.5781
    0.1544    0.3526    0.1757    0.1225    0.0772    0.1372    0.0001    0.4130    0.2611        0.0863    0.0071  335.4029
    0.1591    0.3615    0.1955    0.1791    0.0796    0.1214    0.0001    0.4573    0.2934        0.0925    0.0114  331.6234
    0.1563    0.3522    0.1900    0.1198    0.0782    0.1327    0.0001    0.3898    0.2861        0.1307    0.0021  319.6731
    0.1662    0.3715    0.2475    0.1865    0.0831    0.1451    0.0001    0.4793    0.3606        0.1602    0.0003  316.5346
    0.1686    0.3596    0.2550    0.1289    0.0843    0.1525    0.0001    0.5042    0.3556        0.1071    0.0112  296.0410
    0.1542    0.3497    0.1626    0.1217    0.0771    0.0929    0.0001    0.4178    0.2550        0.0946    0.0040  285.9918
    0.1544    0.3478    0.1119    0.1107    0.0772    0.1264    0.0001    0.3672    0.2278        0.0952    0.0086  353.6512
    0.1508    0.3424    0.0843    0.1055    0.0754    0.1120    0.0001    0.3357    0.2057        0.0814   -0.0175  349.9425
    0.1633    0.3434    0.1595    0.1010    0.0817    0.1216    0.0001    0.4021    0.2719        0.0937    0.0105  346.9624
    0.1643    0.3311    0.1463    0.0884    0.0821    0.0788    0.0001    0.3749    0.2559        0.0915    0.0230  343.2802
    0.1466    0.3729    0.1262    0.1638    0.0733    0.1201    0.0001    0.3652    0.2205        0.0530    0.0086  375.9516
    0.1486    0.3419    0.0920    0.1041    0.0743    0.0701    0.0001    0.3126    0.2067        0.0697    0.0183  367.6390
    0.1646    0.3451    0.1753    0.1227    0.0823    0.1299    0.0001    0.4014    0.2541        0.1096    0.0113  389.1348
    0.1611    0.3207    0.1410    0.0184    0.0805    0.1081    0.0001    0.3339    0.2187        0.0901    0.0115  385.7920
    0.1655    0.3440    0.1883    0.0808    0.0827    0.1343    0.0001    0.4084    0.2645        0.1197    0.0099  362.1414
    0.1612    0.3454    0.1643    0.1195    0.0806    0.1053    0.0001    0.3905    0.2545        0.1026   -0.0084  359.6133
    0.1536    0.3703    0.1825    0.1484    0.0768    0.1306    0.0001    0.4311    0.2224        0.0829    0.0128  378.4785
    0.1579    0.3632    0.1886    0.1450    0.0790    0.1144    0.0001    0.4270    0.2360        0.1010    0.0189  377.1734
    0.1580    0.3436    0.1468    0.1173    0.0790    0.1210    0.0001    0.3655    0.2456        0.0785    0.0114  397.3980
    0.1556    0.3368    0.1251    0.1101    0.0778    0.1012    0.0001    0.3366    0.2247        0.0695    0.0144  396.3860
    0.1522    0.3472    0.1509    0.1212    0.0761    0.1428    0.0001    0.3992    0.2406        0.1018    0.0042  346.7628
    0.1552    0.3494    0.1567    0.1489    0.0776    0.1184    0.0001    0.4101    0.2480        0.1043   -0.0468  339.5218
    0.1465    0.3669    0.1262    0.1433    0.0732    0.1370    0.0001    0.3915    0.2163        0.0992    0.0073  375.2290
    0.1518    0.3511    0.1181    0.1440    0.0759    0.0740    0.0001    0.3662    0.2248        0.0775    0.0091  368.7432
    0.1611    0.3508    0.1674    0.1315    0.0806    0.1242    0.0001    0.4249    0.2566        0.0865    0.0104  360.8703
    0.1645    0.3630    0.1919    0.1715    0.0823    0.1326    0.0001    0.4748    0.2788        0.0993   -0.0128  358.8809
    0.1568    0.3331    0.1284    0.1158    0.0784    0.0765    0.0001    0.3387    0.2256        0.0861    0.0113  400.7587
    0.1569    0.3321    0.1295    0.1222    0.0785    0.0625    0.0001    0.3400    0.2182        0.0824    0.0085  400.2030
    0.1542    0.3536    0.1547    0.1545    0.0771    0.1360    0.0001    0.4178    0.2386        0.1153    0.0181  339.5270
    0.1574    0.3543    0.1658    0.1620    0.0787    0.1333    0.0001    0.4360    0.2487        0.1280    0.0345  338.7595
    0.1643    0.3416    0.1844    0.1199    0.0821    0.1198    0.0001    0.4069    0.2645        0.1050    0.0055  380.3424
    0.1616    0.3364    0.1619    0.1289    0.0808    0.0914    0.0001    0.3919    0.2388        0.0985    0.0063  378.3265
    0.1587    0.3428    0.1456    0.1187    0.0793    0.1168    0.0001    0.3700    0.2266        0.0986    0.0123  394.4407
    0.1818    0.3892    0.2690    0.2778    0.0909    0.1414    0.0001    0.5906    0.3778        0.1758    0.0151  383.9425
    0.1633    0.3520    0.1392    0.1445    0.0817    0.0984    0.0001    0.3831    0.2166        0.1019    0.0103  412.9538
    0.1683    0.3522    0.1624    0.1399    0.0841    0.1080    0.0001    0.4115    0.2358        0.1147    0.0085  412.0971
    0.1586    0.3477    0.1336    0.1377    0.0793    0.0971    0.0001    0.3800    0.2263        0.1203    0.0097  369.2987
    0.1547    0.3430    0.1121    0.1250    0.0774    0.0865    0.0001    0.3528    0.2071        0.1080   -0.0002  368.5717
    0.1477    0.3420    0.1199    0.1020    0.0739    0.0975    0.0001    0.3224    0.2068        0.0824    0.0092  367.6255
    0.1508    0.3501    0.1393    0.1374    0.0754    0.0923    0.0001    0.3498    0.2302        0.0969    0.0020  366.0340
    0.1583    0.3542    0.1509    0.1399    0.0792    0.1263    0.0001    0.3861    0.2718        0.1009    0.0097  359.9822
    0.1643    0.3590    0.1703    0.1789    0.0822    0.1087    0.0001    0.4234    0.2882        0.1262    0.0014  357.3785
    0.1731    0.3322    0.2059    0.1426    0.0865    0.0706    0.0001    0.4202    0.2456        0.0969    0.0146  431.7241
    0.1626    0.3429    0.1754    0.1615    0.0813    0.0782    0.0001    0.4167    0.2173        0.0784    0.0013  429.2331
    0.1872    0.3284    0.2033    0.1195    0.0936    0.1060    0.0001    0.4233    0.2900        0.1216    0.0094  447.4071
    0.1856    0.3290    0.2007    0.1179    0.0928    0.1078    0.0001    0.4209    0.2894        0.1124   -0.0087  446.6787
    0.1520    0.3376    0.0864    0.1233    0.0760    0.1131    0.0001    0.2950    0.1804        0.0757    0.0055  463.2947
    0.1651    0.3413    0.1402    0.1539    0.0826    0.1139    0.0001    0.3623    0.2356        0.0956    0.0030  459.2742
    0.1595    0.3625    0.1870    0.1620    0.0797    0.1413    0.0001    0.4105    0.2936        0.0946    0.0063  376.7613
    0.1589    0.3492    0.1612    0.1498    0.0795    0.1061    0.0001    0.3764    0.2656        0.0957   -0.0091  374.8964
    0.1468    0.3692    0.1314    0.1520    0.0734    0.1396    0.0001    0.3774    0.2652        0.0987    0.0111  351.0255
    0.1488    0.3811    0.1486    0.1928    0.0744    0.1347    0.0001    0.4134    0.2863        0.0974   -0.0080  347.9379
    0.1568    0.3526    0.1674    0.1156    0.0784    0.1314    0.0001    0.3782    0.2565        0.1025    0.0105  354.3398
    0.1564    0.3477    0.1544    0.1182    0.0782    0.1085    0.0001    0.3632    0.2432        0.1000    0.0110  353.0067
    0.1743    0.3468    0.2167    0.1121    0.0871    0.1323    0.0001    0.3989    0.3073        0.1073    0.0089  410.5861
    0.1674    0.3418    0.1761    0.1336    0.0837    0.0794    0.0001    0.3584    0.2771        0.0955   -0.0081  405.6711
    0.1627    0.3306    0.1224    0.1229    0.0813    0.0481    0.0001    0.3266    0.2383        0.0985    0.0061  413.3815
    0.1653    0.3411    0.1374    0.1476    0.0827    0.0684    0.0001    0.3571    0.2546        0.1034   -0.0152  411.3715
    0.1666    0.3324    0.1219    0.1207    0.0833    0.0836    0.0001    0.3528    0.2201        0.0951    0.0086  439.4850
    0.1772    0.3525    0.1723    0.1950    0.0886    0.1014    0.0001    0.4383    0.2828        0.1243   -0.0111  434.3795
    0.1541    0.3644    0.1457    0.1459    0.0771    0.1410    0.0001    0.4273    0.2364        0.0824    0.0136  353.3019
    0.1551    0.3434    0.1209    0.1192    0.0775    0.0937    0.0001    0.3722    0.2204        0.0796    0.0078  351.5851
    0.1498    0.3683    0.1517    0.1384    0.0749    0.1525    0.0001    0.3845    0.2558        0.0926    0.0129  342.7975
    0.1503    0.3534    0.1324    0.1130    0.0751    0.1255    0.0001    0.3518    0.2344        0.0910    0.0163  341.6086
    0.1571    0.3703    0.1657    0.1702    0.0785    0.1106    0.0001    0.4332    0.2693        0.1213    0.0086  328.1018
    0.1583    0.3586    0.1556    0.1511    0.0791    0.0893    0.0001    0.4142    0.2629        0.1116   -0.0166  325.9635
    0.1522    0.3335    0.1183    0.0909    0.0761    0.0847    0.0001    0.3181    0.2325        0.0587    0.0297  355.8170
    0.1547    0.3445    0.1345    0.1430    0.0774    0.0616    0.0001    0.3550    0.2541        0.0810    0.0203  351.5600
    0.1678    0.3475    0.1764    0.1428    0.0839    0.0950    0.0001    0.4223    0.2832        0.1064    0.0082  326.8440
    0.1600    0.3446    0.1603    0.1189    0.0800    0.0882    0.0001    0.3899    0.2644        0.1047   -0.0019  325.4778
    0.1656    0.3739    0.2341    0.1688    0.0828    0.1566    0.0001    0.5122    0.3317        0.1263    0.0101  326.6071
    0.1609    0.3583    0.1890    0.1510    0.0805    0.1176    0.0001    0.4387    0.2850        0.1119   -0.0027  324.4606
    0.1506    0.3496    0.1480    0.1245    0.0753    0.1230    0.0001    0.3640    0.2510        0.0956    0.0040  337.8741
    0.1546    0.3518    0.1645    0.1439    0.0773    0.1158    0.0001    0.3846    0.2620        0.1048   -0.0001  337.3584
    0.1636    0.3334    0.1339    0.1134    0.0818    0.1095    0.0001    0.3533    0.2598        0.0744    0.0143  395.1197
    0.1704    0.3327    0.1593    0.1126    0.0852    0.1110    0.0001    0.3841    0.2840        0.0953    0.0056  393.5562
    0.1545    0.3604    0.1655    0.1414    0.0773    0.1336    0.0001    0.4043    0.2620        0.0992    0.0105  341.3132
    0.1520    0.3656    0.1538    0.1661    0.0760    0.1168    0.0001    0.4135    0.2457        0.0985    0.0049  339.2419
    0.1590    0.3403    0.1807    0.1240    0.0795    0.0705    0.0001    0.3328    0.2622        0.1257    0.0162  372.8459
    0.1637    0.3542    0.1939    0.1766    0.0818    0.0897    0.0001    0.3992    0.2974        0.1293    0.0110  368.8219
    0.1460    0.3734    0.1636    0.1233    0.0730    0.1628    0.0001    0.4196    0.2479        0.0814    0.0143  278.6310
    0.1483    0.3570    0.1408    0.1088    0.0741    0.1231    0.0001    0.3912    0.2370        0.1060   -0.0039  273.0956
    0.1568    0.3428    0.1414    0.1202    0.0784    0.1193    0.0001    0.3864    0.2149        0.0794    0.0127  373.5106
    0.1620    0.3475    0.1570    0.1621    0.0810    0.0951    0.0001    0.4194    0.2430        0.0921   -0.0026  370.1310
    0.1748    0.3299    0.1939    0.1228    0.0874    0.0984    0.0001    0.3783    0.2608        0.1126    0.0101  474.7818
    0.1757    0.3576    0.2120    0.2220    0.0878    0.0887    0.0001    0.4548    0.2813        0.1179    0.0014  466.3969
    0.1522    0.3490    0.1362    0.1450    0.0761    0.1197    0.0001    0.3699    0.2152        0.0880    0.0111  410.4574
    0.1543    0.3421    0.1294    0.1512    0.0772    0.0812    0.0001    0.3625    0.2072        0.0858   -0.0100  407.6563
    0.1481    0.3595    0.1269    0.1512    0.0741    0.0912    0.0001    0.3893    0.2520        0.0910    0.0159  315.6000
    0.1533    0.3489    0.1237    0.1465    0.0766    0.0775    0.0001    0.3899    0.2383        0.0820    0.0163  314.0985
    0.1507    0.3668    0.1112    0.1448    0.0753    0.1614    0.0001    0.3729    0.1953        0.0731    0.0103  432.3270
    0.1534    0.3600    0.1146    0.1381    0.0767    0.1401    0.0001    0.3770    0.1993        0.0803    0.0282  430.1908
    0.1501    0.3376    0.0898    0.1192    0.0751    0.0931    0.0001    0.3139    0.1876        0.0579    0.0062  432.6114
    0.1566    0.3515    0.1304    0.1601    0.0783    0.1077    0.0001    0.3742    0.2315        0.0703    0.0010  430.5212
    0.1617    0.3629    0.1895    0.1592    0.0808    0.1635    0.0001    0.5015    0.2894        0.1353    0.0019  313.4653
    0.1668    0.3688    0.2114    0.2019    0.0834    0.1485    0.0001    0.5425    0.3127        0.1548    0.0009  310.9785
    0.1559    0.3282    0.1068    0.1089    0.0780    0.0722    0.0001    0.3167    0.1856        0.0767    0.0005  442.5092
    0.1670    0.3467    0.1664    0.1718    0.0835    0.0879    0.0001    0.4046    0.2545        0.0956    0.0002  437.4445
    0.1557    0.3532    0.1349    0.1386    0.0778    0.1185    0.0001    0.3768    0.2368        0.0984    0.0138  387.2576
    0.1550    0.3532    0.1289    0.1427    0.0775    0.1109    0.0001    0.3743    0.2301        0.0914   -0.0104  385.4295
    0.1668    0.3444    0.1917    0.1324    0.0834    0.1246    0.0001    0.4431    0.2906        0.0858    0.0107  358.7107
    0.1689    0.3528    0.2066    0.1623    0.0845    0.1258    0.0001    0.4901    0.2943        0.0976    0.0097  357.5089
    0.1686    0.3423    0.1727    0.1207    0.0843    0.1126    0.0001    0.4048    0.2670        0.1319    0.0121  384.2692
    0.1669    0.3407    0.1564    0.1420    0.0835    0.0732    0.0001    0.3819    0.2508        0.1248    0.0092  382.0677
    0.1622    0.3458    0.1618    0.1122    0.0811    0.1186    0.0001    0.3879    0.2270        0.1057    0.0132  370.7624
    0.1666    0.3565    0.1896    0.1560    0.0833    0.1139    0.0001    0.4270    0.2684        0.1347    0.0098  368.1679
    0.1520    0.3389    0.0848    0.1324    0.0760    0.0798    0.0001    0.3414    0.1803        0.0687   -0.0046  383.7543
    0.1565    0.3418    0.1136    0.1303    0.0782    0.0927    0.0001    0.3661    0.2185        0.0802   -0.0047  380.8534
    0.1494    0.3473    0.1217    0.1362    0.0747    0.1077    0.0001    0.3362    0.2077        0.0955    0.0079  379.3873
    0.1610    0.3508    0.1671    0.1723    0.0805    0.0894    0.0001    0.3688    0.2751        0.1349    0.0090  373.3952
    0.1681    0.3409    0.2001    0.1162    0.0840    0.1193    0.0001    0.4489    0.2705        0.1195    0.0082  371.7176
    0.1712    0.3421    0.1996    0.1581    0.0856    0.0850    0.0001    0.4485    0.2760        0.1337    0.0194  367.9210
    0.1537    0.3615    0.1476    0.1369    0.0769    0.1555    0.0001    0.3810    0.2198        0.0814    0.0101  424.6075
    0.1556    0.3652    0.1494    0.1702    0.0778    0.1257    0.0001    0.4015    0.2315        0.0824   -0.0026  421.2204
    0.1705    0.3396    0.2085    0.1207    0.0853    0.1209    0.0001    0.4043    0.2907        0.1236    0.0147  401.4780
    0.1735    0.3556    0.2327    0.1871    0.0868    0.1195    0.0001    0.4480    0.3225        0.1459   -0.0081  398.2585
    0.1652    0.3366    0.1643    0.1264    0.0826    0.1284    0.0001    0.4030    0.2498        0.0963    0.0097  405.3526
    0.1675    0.3336    0.1641    0.1437    0.0838    0.0984    0.0001    0.3997    0.2519        0.1060    0.0095  403.7528
    0.1504    0.3454    0.1453    0.1127    0.0752    0.1162    0.0001    0.3692    0.2007        0.0605    0.0082  354.8445
    0.1571    0.3526    0.1679    0.1609    0.0785    0.0991    0.0001    0.4182    0.2401        0.1149    0.0067  347.1037
    0.1609    0.3553    0.1670    0.1423    0.0804    0.1384    0.0001    0.4276    0.2532        0.0983    0.0108  366.3805
    0.1582    0.3462    0.1483    0.1190    0.0791    0.1216    0.0001    0.3884    0.2426        0.0903   -0.0063  364.9177
