    0.1233    0.3709    0.0111    0.1327    0.0616    0.1514    0.0001    0.3330    0.1916        0.0994    0.0120  -49.4047
    0.1380    0.3460    0.0142    0.0513    0.0690    0.0660    0.0001    0.4301    0.2309        0.1225    0.0532 -138.8260
    0.1376    0.3537    0.0117    0.0751    0.0688    0.1179    0.0001    0.3579    0.3617        0.1362    0.0254 -200.0926
    0.1421    0.3380    0.0112    0.0036    0.0710    0.0753    0.0001    0.3461    0.3392        0.1080    0.0653 -220.3854
    0.1309    0.3560    0.0100    0.0738    0.0655    0.0953    0.0001    0.3098    0.2994        0.0723   -0.0009 -148.8437
    0.1399    0.3354    0.0101    0.0002    0.0699    0.0556    0.0001    0.3130    0.3025        0.0982   -0.0009 -165.4699
    0.1506    0.3864    0.1847    0.1804    0.0753    0.1421    0.0001    0.4098    0.4501        0.2790   -0.0153   22.3581
    0.1606    0.3472    0.1428    0.0007    0.0803    0.1209    0.0001    0.4460    0.3817        0.2106    0.0606  -24.4479
    0.1347    0.3579    0.0528    0.0895    0.0674    0.0795    0.0001    0.4448    0.2395        0.1133    0.0109  -60.6979
    0.1592    0.3521    0.1604    0.0489    0.0796    0.1033    0.0001    0.5175    0.4010        0.1871    0.1146 -106.9999
    0.1526    0.3425    0.1315    0.0026    0.0763    0.0975    0.0001    0.4355    0.3803        0.1933   -0.0012  -94.1775
    0.1606    0.3444    0.1462    0.0485    0.0803    0.1004    0.0001    0.4715    0.4101        0.2058    0.1095 -123.8173
    0.1433    0.3508    0.0878    0.0874    0.0716    0.0686    0.0001    0.4064    0.3007        0.1153    0.0179  -67.5964
    0.1595    0.3688    0.1684    0.1260    0.0797    0.1199    0.0001    0.5395    0.4068        0.2105    0.0839  -99.6003
    0.1357    0.3436    0.0100    0.0269    0.0678    0.0732    0.0001    0.3115    0.3028        0.0940    0.0056 -164.1847
    0.1379    0.3403    0.0104    0.0014    0.0689    0.0718    0.0001    0.3249    0.3101        0.0976    0.0527 -178.4628
    0.1165    0.3847    0.0122    0.1150    0.0583    0.1664    0.0001    0.3771    0.1903        0.1352    0.0126 -117.1628
    0.1369    0.3448    0.0145    0.0042    0.0684    0.0790    0.0001    0.4353    0.2373        0.1209    0.0535 -186.9841
    0.1333    0.3632    0.0145    0.1307    0.0667    0.1498    0.0001    0.4197    0.2600        0.1330    0.0107 -116.6301
    0.1320    0.3411    0.0137    0.0002    0.0660    0.0632    0.0001    0.4166    0.2202        0.1194    0.0169 -180.6710
    0.1328    0.3692    0.0895    0.1172    0.0664    0.1024    0.0001    0.4406    0.3245        0.1351    0.0106  -63.5013
    0.1488    0.3580    0.1447    0.0771    0.0744    0.1098    0.0001    0.4850    0.3543        0.1903    0.0973  -89.3270
    0.1071    0.4175    0.0120    0.1497    0.0536    0.1742    0.0001    0.3416    0.2154        0.1004    0.0115   -7.9719
    0.1366    0.3505    0.0146    0.0174    0.0683    0.1027    0.0001    0.4440    0.2314        0.1134    0.0633 -133.3075
    0.1318    0.3690    0.0111    0.1050    0.0659    0.1516    0.0001    0.3472    0.3310        0.0448    0.0058 -139.4788
    0.1405    0.3410    0.0107    0.0098    0.0703    0.0609    0.0001    0.3309    0.3245        0.0967    0.0033 -187.1779
    0.1306    0.3656    0.0306    0.0755    0.0653    0.1098    0.0001    0.4589    0.3064        0.1347    0.0130 -127.5031
    0.1365    0.3486    0.0225    0.0242    0.0682    0.0882    0.0001    0.3551    0.3412        0.1330    0.0657 -167.5140
    0.1665    0.3262    0.1406    0.0144    0.0833    0.0571    0.0001    0.4887    0.3460        0.1604    0.0074  -27.6037
    0.1826    0.3474    0.2363    0.0072    0.0913    0.1155    0.0001    0.6333    0.4956        0.2215    0.1157  -50.7651
    0.1370    0.3822    0.1108    0.1252    0.0685    0.1280    0.0001    0.4980    0.3506        0.0685    0.0166  -60.1620
    0.1614    0.3653    0.1615    0.1075    0.0807    0.1087    0.0001    0.5396    0.4351        0.2238    0.0551 -111.4618
    0.1534    0.3459    0.1281    0.0716    0.0767    0.0928    0.0001    0.4621    0.3414        0.1633    0.0046  -45.7822
    0.1556    0.3417    0.1274    0.0041    0.0778    0.0981    0.0001    0.4562    0.3453        0.1654    0.0982  -71.6111
    0.1541    0.3399    0.1126    0.0891    0.0770    0.0483    0.0001    0.4438    0.3303        0.1360    0.0104    0.6966
    0.1630    0.3487    0.1526    0.0803    0.0815    0.1014    0.0001    0.5052    0.3828        0.1992    0.0579  -23.6044
    0.1148    0.3873    0.0100    0.1338    0.0574    0.1435    0.0001    0.2645    0.2924        0.1075    0.0143  -98.4535
    0.1412    0.3380    0.0111    0.0382    0.0706    0.0615    0.0001    0.3445    0.3383        0.1099    0.0392 -220.1408
    0.1508    0.3371    0.1286    0.0601    0.0754    0.0695    0.0001    0.4385    0.3685        0.1648    0.0161 -112.8058
    0.1558    0.3358    0.1507    0.0039    0.0779    0.0815    0.0001    0.4729    0.3909        0.1952    0.0717 -122.6744
    0.1165    0.3926    0.0123    0.1384    0.0582    0.1676    0.0001    0.3506    0.2311        0.1103    0.0080  -21.5189
    0.1303    0.3535    0.0132    0.0599    0.0651    0.0814    0.0001    0.3972    0.2166        0.1197    0.0148 -106.5225
    0.1295    0.3757    0.0260    0.1020    0.0648    0.1764    0.0001    0.3926    0.2633        0.1486    0.0125  -45.7629
    0.1378    0.3402    0.0211    0.0307    0.0689    0.0795    0.0001    0.3384    0.3168        0.1314    0.0650  -98.5678
    0.0937    0.4265    0.0103    0.1163    0.0469    0.1718    0.0001    0.3510    0.2717        0.1531    0.0122  -93.1885
    0.1318    0.3529    0.0110    0.0677    0.0659    0.0959    0.0001    0.3419    0.3334        0.1646    0.0710 -248.6856
    0.1438    0.3506    0.0998    0.0358    0.0719    0.1058    0.0001    0.4120    0.3680        0.1729    0.0184 -126.4502
    0.1450    0.3235    0.0104    0.0508    0.0725    0.0450    0.0001    0.3281    0.3133        0.1560    0.0791 -265.6283
    0.1337    0.3748    0.0266    0.1402    0.0668    0.1408    0.0001    0.4076    0.2582        0.1016    0.0086   -5.0723
    0.1435    0.3322    0.0192    0.0225    0.0717    0.0693    0.0001    0.3046    0.2856        0.1034    0.0466  -49.8756
    0.1292    0.3683    0.0100    0.1212    0.0646    0.1257    0.0001    0.3055    0.3072        0.0914    0.0113 -109.1188
    0.1416    0.3306    0.0101    0.0016    0.0708    0.0603    0.0001    0.3120    0.3068        0.0969    0.0485 -142.7997
    0.1193    0.4111    0.0100    0.1158    0.0597    0.1859    0.0001    0.3320    0.2594        0.1598    0.0071  -86.4785
    0.1391    0.3402    0.0101    0.0037    0.0695    0.0668    0.0001    0.3119    0.3067        0.1547    0.0531 -221.9624
    0.1210    0.3728    0.0232    0.1011    0.0605    0.1226    0.0001    0.3640    0.1714        0.1164    0.0044  -22.5281
    0.1349    0.3566    0.0290    0.0533    0.0674    0.0926    0.0001    0.4469    0.2801        0.1252    0.0188  -74.4180
    0.1537    0.3299    0.0905    0.0500    0.0768    0.0453    0.0001    0.4147    0.2916        0.1329    0.0146  -60.2415
    0.1596    0.3404    0.1446    0.0098    0.0798    0.0850    0.0001    0.4848    0.3595        0.1873    0.0785  -77.7643
    0.1334    0.3515    0.0107    0.1254    0.0667    0.1340    0.0001    0.3226    0.1709        0.1142    0.0062  -44.8610
    0.1407    0.3446    0.0147    0.0578    0.0704    0.0929    0.0001    0.4453    0.2412        0.1300    0.0268 -123.4626
    0.1425    0.3451    0.1017    0.0152    0.0712    0.1010    0.0001    0.4071    0.3209        0.1124    0.0076  -53.4121
    0.1607    0.3425    0.1686    0.0165    0.0804    0.0887    0.0001    0.4832    0.3971        0.2005    0.1052  -85.5964
    0.1371    0.3675    0.0126    0.1168    0.0685    0.1126    0.0001    0.4065    0.3625        0.0698    0.0074 -132.6173
    0.1407    0.3356    0.0106    0.0027    0.0704    0.0466    0.0001    0.3294    0.3195        0.1043    0.0193 -176.9692
    0.1446    0.3460    0.1050    0.0492    0.0723    0.1396    0.0001    0.3556    0.3529        0.1494    0.0121  -63.9067
    0.1600    0.3458    0.1593    0.0334    0.0800    0.0962    0.0001    0.4972    0.4049        0.1964    0.1156 -110.3746
    0.1321    0.3598    0.0119    0.0593    0.0661    0.1636    0.0001    0.3907    0.3357        0.1331    0.0129 -132.7440
    0.1367    0.3489    0.0103    0.0290    0.0684    0.1043    0.0001    0.3210    0.3132        0.0947    0.0822 -194.7990
    0.1380    0.3547    0.0125    0.1334    0.0690    0.1407    0.0001    0.3589    0.2215        0.1258    0.0065  -52.1351
    0.1418    0.3393    0.0140    0.0051    0.0709    0.0732    0.0001    0.4204    0.2266        0.1227    0.0537 -132.8534
    0.1374    0.3776    0.1274    0.1229    0.0687    0.1237    0.0001    0.5134    0.3793        0.1034    0.0078  -72.2761
    0.1525    0.3692    0.1738    0.1150    0.0762    0.1218    0.0001    0.5517    0.4325        0.2052    0.0984 -100.2296
    0.1120    0.3972    0.0189    0.0862    0.0560    0.1814    0.0001    0.5688    0.1840        0.1391    0.0109 -170.0866
    0.1308    0.3623    0.0168    0.0590    0.0654    0.1176    0.0001    0.5097    0.2697        0.1358    0.0130 -242.0066
    0.1414    0.3736    0.1388    0.0528    0.0707    0.1249    0.0001    0.4832    0.4047        0.1759    0.0191 -153.9177
    0.1459    0.3657    0.1370    0.0084    0.0729    0.1150    0.0001    0.4731    0.3936        0.1819    0.0899 -167.1911
    0.1222    0.3703    0.0239    0.0871    0.0611    0.1392    0.0001    0.3722    0.2302        0.1240    0.0116  -45.5060
    0.1383    0.3459    0.0215    0.0541    0.0692    0.0871    0.0001    0.3425    0.3253        0.1295    0.0617  -93.1209
    0.1333    0.3720    0.0103    0.1213    0.0667    0.1291    0.0001    0.3038    0.1814        0.1202    0.0055  -39.2634
    0.1352    0.3528    0.0138    0.0953    0.0676    0.0744    0.0001    0.4215    0.2170        0.1242    0.0267 -115.5064
    0.1273    0.3660    0.0111    0.1321    0.0636    0.1413    0.0001    0.3129    0.2062        0.1026    0.0109  -35.8709
    0.1323    0.3645    0.0152    0.0780    0.0661    0.1064    0.0001    0.4516    0.2580        0.1075    0.0495 -132.2745
    0.1265    0.3929    0.0169    0.1254    0.0632    0.1592    0.0001    0.5212    0.2638        0.0980    0.0154  -40.0649
    0.1410    0.3530    0.0142    0.0644    0.0705    0.0864    0.0001    0.4299    0.2301        0.1276    0.0661  -82.8008
    0.1271    0.3695    0.0100    0.0907    0.0636    0.1184    0.0001    0.3113    0.3068        0.0943    0.0058 -189.7698
    0.1340    0.3498    0.0110    0.0485    0.0670    0.0869    0.0001    0.3430    0.3302        0.1000    0.0851 -227.7340
    0.1530    0.3571    0.1140    0.1155    0.0765    0.0959    0.0001    0.4629    0.3667        0.1134    0.0151   -7.7226
    0.1592    0.3388    0.1196    0.0150    0.0796    0.0901    0.0001    0.4332    0.3535        0.1685    0.0727  -30.0677
    0.1324    0.3604    0.0103    0.1324    0.0662    0.1429    0.0001    0.2980    0.2001        0.1208    0.0085    0.2998
    0.1355    0.3594    0.0144    0.1080    0.0678    0.0939    0.0001    0.4318    0.2381        0.1248    0.0363  -94.3110
    0.1263    0.3702    0.0113    0.0718    0.0632    0.1354    0.0001    0.3500    0.3422        0.1399    0.0168 -266.5321
    0.1375    0.3429    0.0108    0.0006    0.0688    0.0638    0.0001    0.3353    0.3307        0.1639    0.0439 -298.8099
    0.1309    0.3527    0.0111    0.1104    0.0654    0.1298    0.0001    0.3403    0.1738        0.1056    0.0105    4.8626
    0.1394    0.3421    0.0134    0.0681    0.0697    0.0718    0.0001    0.4094    0.2174        0.1111    0.0412  -36.7983
    0.1383    0.3549    0.0746    0.0909    0.0692    0.0784    0.0001    0.4182    0.3092        0.1194    0.0090 -128.7497
    0.1697    0.3546    0.1960    0.0816    0.0849    0.0995    0.0001    0.5921    0.4961        0.2465    0.1088 -170.6139
    0.1548    0.3412    0.1153    0.0793    0.0774    0.0764    0.0001    0.4617    0.3764        0.1715    0.0256 -118.5173
    0.1672    0.3495    0.1826    0.0157    0.0836    0.1205    0.0001    0.5656    0.4558        0.2186    0.1274 -144.3813
    0.1254    0.3823    0.0296    0.0850    0.0627    0.1535    0.0001    0.4574    0.2696        0.1778    0.0149 -135.9938
    0.1400    0.3390    0.0217    0.0281    0.0700    0.0682    0.0001    0.3552    0.3244        0.1546    0.0583 -176.0396
    0.1317    0.3549    0.0118    0.1435    0.0659    0.1541    0.0001    0.3381    0.2077        0.1146    0.0058   20.2676
    0.1399    0.3371    0.0127    0.0485    0.0700    0.0527    0.0001    0.3807    0.2062        0.1178    0.0520  -71.6407
    0.1163    0.4020    0.0667    0.1373    0.0582    0.1567    0.0001    0.3028    0.2085        0.0915    0.0112   21.1725
    0.1540    0.3514    0.1441    0.0502    0.0770    0.1072    0.0001    0.4420    0.3975        0.1696    0.0756  -72.1968
    0.1339    0.3695    0.0934    0.0901    0.0670    0.1271    0.0001    0.3904    0.3219        0.0511    0.0227  -18.5797
    0.1596    0.3476    0.1347    0.0500    0.0798    0.0942    0.0001    0.4583    0.3844        0.1796    0.0881  -73.0602
    0.1325    0.3695    0.0100    0.1231    0.0662    0.0901    0.0001    0.3226    0.3059        0.0847    0.0047 -196.7395
    0.1397    0.3429    0.0100    0.0181    0.0699    0.0444    0.0001    0.3160    0.3044        0.1545    0.0498 -254.0567
    0.1669    0.3737    0.1984    0.1814    0.0835    0.1103    0.0001    0.5441    0.5170        0.1541    0.0220  -23.3794
    0.1696    0.3471    0.1677    0.0278    0.0848    0.1172    0.0001    0.4921    0.4249        0.2111    0.1159  -59.1230
    0.1237    0.3841    0.0164    0.1084    0.0618    0.1720    0.0001    0.5017    0.2607        0.1198    0.0127 -144.2801
    0.1371    0.3453    0.0151    0.0540    0.0685    0.0856    0.0001    0.4562    0.2437        0.1351    0.0710 -188.8383
    0.1396    0.3574    0.0119    0.1164    0.0698    0.1076    0.0001    0.3792    0.3501        0.1035    0.0127 -115.2551
    0.1403    0.3346    0.0104    0.0017    0.0702    0.0835    0.0001    0.3256    0.3128        0.1024    0.0392 -140.1534
    0.1308    0.3568    0.0106    0.0579    0.0654    0.1019    0.0001    0.3265    0.3234        0.0926    0.0116 -212.5601
    0.1364    0.3454    0.0110    0.0007    0.0682    0.0741    0.0001    0.3418    0.3331        0.1030    0.0595 -232.1723
    0.1423    0.3436    0.0846    0.0504    0.0712    0.0869    0.0001    0.3802    0.3012        0.1413    0.0085  -66.4317
    0.1500    0.3515    0.1196    0.1137    0.0750    0.0846    0.0001    0.4054    0.3543        0.1694    0.0879  -90.9460
    0.1280    0.3441    0.0126    0.0659    0.0640    0.0470    0.0001    0.3657    0.2322        0.1915    0.0071 -163.3044
    0.1357    0.3431    0.0137    0.0540    0.0679    0.0681    0.0001    0.4220    0.2318        0.1988    0.0328 -201.4066
    0.1461    0.3764    0.1856    0.0997    0.0731    0.1407    0.0001    0.4974    0.4080        0.1857    0.0153  -48.9548
    0.1511    0.3590    0.1751    0.0290    0.0756    0.1198    0.0001    0.4647    0.3910        0.1788    0.0881  -62.1533
    0.1117    0.3981    0.0122    0.1379    0.0558    0.1493    0.0001    0.3740    0.1878        0.1124    0.0103  -37.6359
    0.1364    0.3400    0.0136    0.0640    0.0682    0.0675    0.0001    0.4096    0.2216        0.1194    0.0509  -95.7382
    0.1288    0.3653    0.0121    0.0803    0.0644    0.1280    0.0001    0.3736    0.3639        0.1228    0.0106 -235.1661
    0.1357    0.3508    0.0114    0.0411    0.0678    0.0880    0.0001    0.3543    0.3439        0.1111    0.0535 -252.3293
    0.1533    0.3540    0.1583    0.0454    0.0767    0.1157    0.0001    0.4915    0.3847        0.1617    0.0055  -49.9407
    0.1665    0.3674    0.2238    0.0818    0.0832    0.1493    0.0001    0.6029    0.4715        0.2289    0.1060  -72.1529
    0.1330    0.3715    0.0120    0.0690    0.0665    0.1561    0.0001    0.3843    0.3543        0.1489    0.0126 -176.1346
    0.1396    0.3430    0.0101    0.0473    0.0698    0.0683    0.0001    0.3175    0.3026        0.1538    0.0546 -223.2788
    0.1304    0.3846    0.0141    0.1341    0.0652    0.1933    0.0001    0.4178    0.2341        0.0738    0.0124   20.5989
    0.1311    0.3709    0.0143    0.1274    0.0656    0.0754    0.0001    0.4253    0.2197        0.0931    0.0138  -13.6566
    0.1543    0.3801    0.2404    0.0311    0.0772    0.1644    0.0001    0.6164    0.5117        0.2473    0.0152 -125.6901
    0.1555    0.3600    0.1769    0.0009    0.0777    0.1303    0.0001    0.5177    0.4248        0.2309    0.0997 -144.6801
    0.1416    0.3363    0.0840    0.0010    0.0708    0.0563    0.0001    0.3654    0.2963        0.1010    0.0075  -53.3310
    0.1605    0.3495    0.1673    0.0009    0.0802    0.1057    0.0001    0.5238    0.3878        0.1819    0.1083  -88.9064
    0.1368    0.3767    0.1177    0.1304    0.0684    0.1188    0.0001    0.4135    0.3364        0.0763    0.0046  -30.7468
    0.1753    0.3606    0.1851    0.1240    0.0877    0.1074    0.0001    0.5623    0.4446        0.2756    0.0729  -92.3458
    0.1432    0.3599    0.1519    0.0489    0.0716    0.1203    0.0001    0.4731    0.3809        0.1646    0.0185  -89.0876
    0.1462    0.3477    0.1310    0.0003    0.0731    0.1005    0.0001    0.4415    0.3471        0.1665    0.0915 -104.9404
    0.1031    0.4185    0.0100    0.1434    0.0516    0.1620    0.0001    0.3106    0.2382        0.1177    0.0105   -6.7705
    0.1415    0.3357    0.0104    0.0002    0.0707    0.0892    0.0001    0.3250    0.3170        0.1585    0.0181 -186.9421
    0.1453    0.3653    0.1400    0.0560    0.0726    0.1353    0.0001    0.5011    0.4114        0.1803    0.0164 -149.4248
    0.1491    0.3597    0.1422    0.0075    0.0745    0.1363    0.0001    0.4927    0.4009        0.2115    0.0659 -158.2673
    0.1264    0.3818    0.0118    0.1236    0.0632    0.1434    0.0001    0.3469    0.2055        0.1254    0.0119  -33.5503
    0.1331    0.3495    0.0127    0.0006    0.0665    0.1071    0.0001    0.3849    0.2049        0.1114    0.0567  -83.0892
    0.1586    0.3625    0.1838    0.0756    0.0793    0.1298    0.0001    0.5632    0.4728        0.1721    0.0144  -78.1411
    0.1661    0.3589    0.1897    0.0454    0.0830    0.1469    0.0001    0.5595    0.4781        0.2210    0.1193 -101.5838
    0.1527    0.3418    0.1174    0.0210    0.0764    0.0890    0.0001    0.4258    0.3276        0.1785    0.0088  -80.5651
    0.1648    0.3709    0.2071    0.1276    0.0824    0.1276    0.0001    0.6128    0.4822        0.2330    0.0878 -102.6445
    0.1196    0.3925    0.0170    0.0529    0.0598    0.1978    0.0001    0.5110    0.2755        0.1532    0.0117 -167.8837
    0.1345    0.3495    0.0147    0.0032    0.0673    0.0922    0.0001    0.4429    0.2379        0.1317    0.0615 -210.1530
    0.1390    0.3492    0.0839    0.0591    0.0695    0.0657    0.0001    0.3937    0.3390        0.1218    0.0105   -8.4774
    0.1441    0.3455    0.0848    0.0589    0.0720    0.0737    0.0001    0.3708    0.3494        0.1212    0.0110  -13.6807
    0.1349    0.3555    0.0108    0.0801    0.0674    0.1264    0.0001    0.3583    0.3043        0.1097    0.0229 -159.7612
    0.1402    0.3331    0.0100    0.0212    0.0701    0.0319    0.0001    0.3118    0.3021        0.1545    0.0560 -226.6782
    0.1208    0.3841    0.0110    0.1377    0.0604    0.1591    0.0001    0.3330    0.1739        0.0944    0.0126  -39.1105
    0.1396    0.3462    0.0147    0.0332    0.0698    0.0956    0.0001    0.4466    0.2367        0.1269    0.0604 -133.6268
    0.1434    0.3454    0.1225    0.0094    0.0717    0.0936    0.0001    0.4171    0.3624        0.1371    0.0075 -113.4365
    0.1490    0.3501    0.1477    0.0520    0.0745    0.1017    0.0001    0.4622    0.3848        0.1878    0.0797 -130.6435
    0.1171    0.4316    0.0132    0.1695    0.0585    0.1756    0.0001    0.4237    0.3661        0.1066    0.0078  -99.9385
    0.1415    0.3419    0.0112    0.0557    0.0707    0.0454    0.0001    0.3507    0.3352        0.1072    0.0173 -187.0969
    0.1347    0.3486    0.0122    0.0371    0.0673    0.1417    0.0001    0.3954    0.3523        0.0825    0.0081 -148.5673
    0.1354    0.3459    0.0104    0.0003    0.0677    0.0913    0.0001    0.3199    0.3139        0.1000    0.0587 -203.1798
    0.1192    0.4081    0.0177    0.1092    0.0596    0.1973    0.0001    0.5326    0.2885        0.1412    0.0067 -136.4731
    0.1341    0.3563    0.0147    0.0410    0.0671    0.0847    0.0001    0.4400    0.2398        0.1286    0.0073 -168.6382
    0.1386    0.3631    0.1146    0.0327    0.0693    0.1557    0.0001    0.4101    0.3580        0.1936    0.0229 -110.3413
    0.1496    0.3545    0.1457    0.0025    0.0748    0.1274    0.0001    0.4490    0.3761        0.2080    0.0906 -126.5830
    0.1542    0.3491    0.1475    0.0931    0.0771    0.0794    0.0001    0.4050    0.4347        0.1780    0.0174  -90.1140
    0.1777    0.3629    0.2457    0.0260    0.0888    0.1367    0.0001    0.6383    0.5447        0.2853    0.1300 -123.8903
    0.1383    0.3469    0.0192    0.1063    0.0691    0.1277    0.0001    0.3346    0.3070        0.1119    0.0118  -36.8604
    0.1425    0.3396    0.0215    0.0373    0.0713    0.0695    0.0001    0.3426    0.3242        0.1273    0.0470  -77.9344
    0.1249    0.3806    0.0160    0.0632    0.0624    0.1577    0.0001    0.4813    0.2603        0.1524    0.0095 -144.8354
    0.1326    0.3514    0.0145    0.0581    0.0663    0.0706    0.0001    0.4384    0.2359        0.1232    0.0636 -191.1750
    0.1411    0.3604    0.1337    0.0785    0.0706    0.1034    0.0001    0.4316    0.3644        0.1828    0.0194  -96.2454
    0.1538    0.3560    0.1775    0.0066    0.0769    0.1172    0.0001    0.5017    0.3900        0.2167    0.1162 -117.1052
    0.1286    0.3731    0.0126    0.1265    0.0643    0.1594    0.0001    0.3825    0.1984        0.1117    0.0097  -82.0996
    0.1422    0.3426    0.0143    0.0400    0.0711    0.0452    0.0001    0.4312    0.2327        0.1165    0.0681 -156.8979
    0.1350    0.3594    0.0100    0.0906    0.0675    0.0760    0.0001    0.3187    0.3023        0.0993    0.0062 -162.6875
    0.1393    0.3485    0.0107    0.0321    0.0697    0.0755    0.0001    0.3358    0.3219        0.1013    0.0627 -190.3701
    0.1327    0.3582    0.0113    0.0878    0.0664    0.1087    0.0001    0.3447    0.3457        0.1004    0.0119 -151.3261
    0.1370    0.3406    0.0105    0.0347    0.0685    0.0748    0.0001    0.3260    0.3199        0.0987    0.0453 -165.0694
    0.1400    0.3909    0.1773    0.1400    0.0700    0.1553    0.0001    0.5666    0.4209        0.0884    0.0134  -63.0565
    0.1635    0.3517    0.1644    0.0502    0.0817    0.1092    0.0001    0.5356    0.4191        0.2169    0.1076 -126.2989
    0.1256    0.3554    0.0107    0.0953    0.0628    0.1063    0.0001    0.3267    0.1651        0.0918    0.0024  -57.6010
    0.1347    0.3508    0.0144    0.0691    0.0673    0.0901    0.0001    0.4408    0.2391        0.1225    0.0295 -104.7916
    0.1171    0.3929    0.0100    0.1169    0.0586    0.1753    0.0001    0.3021    0.3005        0.0930    0.0096 -151.8400
    0.1388    0.3462    0.0104    0.0031    0.0694    0.0929    0.0001    0.3222    0.3149        0.1559    0.0503 -211.6010
    0.1319    0.3669    0.0117    0.0936    0.0659    0.1721    0.0001    0.3654    0.3518        0.0892   -0.0004 -206.9859
    0.1354    0.3528    0.0120    0.0524    0.0677    0.0845    0.0001    0.3716    0.3605        0.1095   -0.0003 -236.8804
    0.1496    0.3381    0.0121    0.0498    0.0748    0.1135    0.0001    0.3943    0.3533        0.1613    0.0149 -224.9436
    0.1368    0.3540    0.0112    0.0655    0.0684    0.0908    0.0001    0.3467    0.3416        0.1681    0.0521 -264.7705
    0.1301    0.3616    0.0100    0.1045    0.0650    0.1025    0.0001    0.3113    0.3079        0.0840    0.0158 -152.3764
    0.1411    0.3369    0.0107    0.0292    0.0705    0.0702    0.0001    0.3336    0.3203        0.1021    0.0569 -185.5242
    0.1448    0.3500    0.1311    0.0531    0.0724    0.0704    0.0001    0.4632    0.3294        0.1698    0.0151 -115.1976
    0.1557    0.3534    0.1827    0.0279    0.0779    0.0950    0.0001    0.5183    0.3975        0.2256    0.1190 -138.5818
    0.1397    0.3666    0.1040    0.1292    0.0698    0.0913    0.0001    0.4352    0.3019        0.0807    0.0130    1.8883
    0.1669    0.3523    0.1727    0.0996    0.0835    0.0964    0.0001    0.5275    0.4024        0.2169    0.1019  -50.8410
