    0.1187    0.4004    0.0180    0.1287    0.0593    0.1535    0.0001    0.5539    0.2119        0.1401    0.0104 -208.8756
    0.1390    0.3688    0.0177    0.0937    0.0695    0.1185    0.0001    0.5367    0.2902        0.1579    0.0833 -301.7042
    0.1385    0.3508    0.0100    0.0820    0.0692    0.0623    0.0001    0.3105    0.3126        0.1634    0.0177 -393.0864
    0.1513    0.3467    0.0132    0.0105    0.0756    0.0799    0.0001    0.4100    0.4038        0.2037    0.0818 -458.3536
    0.1302    0.3751    0.0170    0.0474    0.0651    0.1330    0.0001    0.5197    0.2658        0.0909    0.0072 -272.0485
    0.1452    0.3590    0.0184    0.0150    0.0726    0.1077    0.0001    0.5538    0.2969        0.1645    0.0710 -326.4053
    0.1286    0.3793    0.0152    0.0635    0.0643    0.1479    0.0001    0.4629    0.2427        0.1787    0.0130 -276.8062
    0.1407    0.3652    0.0176    0.0529    0.0704    0.1111    0.0001    0.5275    0.2895        0.1645    0.0852 -325.0897
    0.1298    0.3705    0.0100    0.1209    0.0649    0.2287    0.0001    0.3151    0.2935        0.1595    0.0090 -221.3667
    0.1604    0.3339    0.0129    0.0668    0.0802    0.0712    0.0001    0.4012    0.3987        0.2056    0.0739 -365.2037
    0.1105    0.4071    0.0100    0.1350    0.0552    0.1373    0.0001    0.3051    0.2897        0.1398    0.0078 -264.1670
    0.1549    0.3443    0.0135    0.0698    0.0775    0.0892    0.0001    0.4317    0.4042        0.2065    0.0707 -414.8233
    0.1275    0.4031    0.0129    0.1633    0.0638    0.2246    0.0001    0.3886    0.4018        0.1514    0.0083 -215.6347
    0.1638    0.3407    0.0139    0.0754    0.0819    0.0994    0.0001    0.4325    0.4176        0.2146    0.0691 -358.0517
    0.1227    0.4254    0.0100    0.1387    0.0614    0.2046    0.0001    0.7659    0.3106        0.0783    0.0093 -285.7599
    0.1351    0.4140    0.0103    0.1492    0.0675    0.1963    0.0001    0.7880    0.3237        0.1628    0.0882 -360.9555
    0.1378    0.3576    0.0150    0.0387    0.0689    0.2209    0.0001    0.4508    0.2362        0.1527    0.0101 -262.8205
    0.1397    0.3897    0.0216    0.1395    0.0698    0.1413    0.0001    0.6466    0.3440        0.1801    0.0760 -353.4687
    0.1345    0.3794    0.0184    0.0900    0.0673    0.2026    0.0001    0.5538    0.2977        0.1391    0.0064 -240.5463
    0.1417    0.3597    0.0170    0.0926    0.0709    0.0861    0.0001    0.5233    0.2898        0.1365    0.0544 -299.3912
    0.1394    0.3460    0.0102    0.0375    0.0697    0.1106    0.0001    0.3238    0.3198        0.1621    0.0138 -382.1609
    0.1490    0.3578    0.0139    0.0835    0.0745    0.0891    0.0001    0.4355    0.4221        0.2123    0.0725 -436.6036
    0.1354    0.3513    0.0100    0.0201    0.0677    0.1495    0.0001    0.3043    0.3104        0.1545    0.0201 -282.3688
    0.1503    0.3390    0.0120    0.0011    0.0751    0.0905    0.0001    0.3727    0.3625        0.1820    0.0826 -333.0775
    0.1289    0.3859    0.0162    0.1131    0.0645    0.1941    0.0001    0.4893    0.2574        0.1445    0.0070 -220.0875
    0.1473    0.3515    0.0166    0.0002    0.0736    0.1075    0.0001    0.4971    0.2829        0.1543    0.0609 -279.8026
    0.1211    0.4028    0.0114    0.1040    0.0606    0.2350    0.0001    0.3715    0.3157        0.1230    0.0030 -242.1064
    0.1451    0.3589    0.0128    0.0218    0.0725    0.1247    0.0001    0.3982    0.3906        0.1951    0.0045 -361.2506
    0.1309    0.3926    0.0152    0.1076    0.0654    0.1637    0.0001    0.4895    0.4406        0.0725    0.0071 -204.4075
    0.1506    0.3492    0.0137    0.0064    0.0753    0.1169    0.0001    0.4171    0.4051        0.1411    0.0398 -260.7928
    0.1130    0.4138    0.0120    0.1206    0.0565    0.1796    0.0001    0.3436    0.2218        0.1452    0.0088 -132.0307
    0.1422    0.3617    0.0189    0.0203    0.0711    0.1209    0.0001    0.5807    0.2956        0.1608    0.0205 -290.2935
    0.1394    0.3566    0.0103    0.1100    0.0697    0.1279    0.0001    0.3229    0.3184        0.0986    0.0104 -263.7530
    0.1374    0.3681    0.0126    0.0785    0.0687    0.1368    0.0001    0.4001    0.3753        0.1956    0.0366 -339.4757
    0.1301    0.3674    0.0148    0.0203    0.0650    0.1725    0.0001    0.4487    0.2356        0.1245    0.0093 -202.5736
    0.1449    0.3527    0.0165    0.0703    0.0725    0.1117    0.0001    0.4914    0.2733        0.1485    0.1037 -265.2440
    0.1188    0.4014    0.0112    0.1406    0.0594    0.1743    0.0001    0.3371    0.3399        0.1540    0.0120 -292.8995
    0.1469    0.3495    0.0128    0.0513    0.0735    0.0763    0.0001    0.3995    0.3888        0.1923    0.0674 -401.7336
    0.1287    0.4093    0.0199    0.1726    0.0644    0.1985    0.0001    0.6052    0.3160        0.1290    0.0074 -180.6632
    0.1500    0.3520    0.0178    0.0074    0.0750    0.1238    0.0001    0.5319    0.2911        0.1695    0.0656 -255.5840
    0.1317    0.4059    0.0404    0.1270    0.0659    0.1625    0.0001    0.6241    0.4308        0.1210    0.0188 -155.4073
    0.1571    0.3564    0.0273    0.0945    0.0785    0.1057    0.0001    0.4431    0.4026        0.2157    0.0863 -233.1448
    0.1310    0.3759    0.0146    0.1065    0.0655    0.1631    0.0001    0.4536    0.2213        0.0898    0.0150 -179.8359
    0.1450    0.3759    0.0200    0.1123    0.0725    0.1036    0.0001    0.6001    0.3279        0.1628    0.0843 -280.9707
    0.1275    0.4125    0.0103    0.1294    0.0638    0.2006    0.0001    0.7591    0.3381        0.0832    0.0085 -335.2520
    0.1277    0.4178    0.0105    0.1399    0.0638    0.1963    0.0001    0.8085    0.3289        0.1698    0.0542 -419.3306
    0.1276    0.3892    0.0127    0.1186    0.0638    0.1684    0.0001    0.3857    0.3924        0.0984    0.0149 -252.5778
    0.1494    0.3364    0.0114    0.0099    0.0747    0.0809    0.0001    0.3580    0.3471        0.1767    0.0481 -318.6793
    0.1046    0.4438    0.0170    0.1545    0.0523    0.1946    0.0001    0.5214    0.2660        0.1399    0.0056 -160.6915
    0.1460    0.3573    0.0170    0.0152    0.0730    0.1000    0.0001    0.5125    0.2665        0.1642    0.0547 -269.1907
    0.1416    0.3541    0.0172    0.0665    0.0708    0.0939    0.0001    0.4879    0.3105        0.1410    0.0064 -227.2628
    0.1420    0.3557    0.0168    0.0070    0.0710    0.1186    0.0001    0.5031    0.2757        0.1512    0.0700 -270.6501
    0.1260    0.4446    0.0100    0.1662    0.0630    0.2718    0.0001    0.7462    0.2963        0.1682    0.0014 -287.0108
    0.1275    0.4145    0.0100    0.1393    0.0638    0.1673    0.0001    0.7582    0.3146        0.1569    0.0015 -347.5198
    0.1335    0.3733    0.0319    0.0670    0.0668    0.1351    0.0001    0.4929    0.3306        0.0973    0.0116 -220.1994
    0.1537    0.3386    0.0259    0.0421    0.0768    0.0324    0.0001    0.4202    0.3847        0.1804    0.0763 -290.1516
    0.1283    0.3983    0.0179    0.1195    0.0641    0.1984    0.0001    0.5446    0.2843        0.1000    0.0062 -187.5765
    0.1492    0.3563    0.0177    0.0297    0.0746    0.1135    0.0001    0.5274    0.2940        0.1516    0.0834 -264.5009
    0.1249    0.4002    0.0191    0.1037    0.0625    0.1814    0.0001    0.5679    0.3217        0.0692    0.0099 -183.8543
    0.1469    0.3550    0.0173    0.0049    0.0735    0.1238    0.0001    0.5145    0.2863        0.1600    0.0714 -261.6323
    0.1174    0.4176    0.0210    0.0774    0.0587    0.1916    0.0001    0.5882    0.3642        0.1143    0.0041 -232.8162
    0.1383    0.3766    0.0187    0.0907    0.0692    0.1201    0.0001    0.5638    0.3043        0.1871    0.0256 -306.1733
    0.1348    0.3752    0.0126    0.1116    0.0674    0.1473    0.0001    0.3854    0.3903        0.0844    0.0051 -256.2767
    0.1496    0.3571    0.0141    0.0862    0.0748    0.0996    0.0001    0.4360    0.4265        0.1409    0.0716 -320.5921
    0.1207    0.3913    0.0139    0.0984    0.0603    0.2018    0.0001    0.4115    0.4215        0.1072   -0.0040 -251.0575
    0.1565    0.3483    0.0135    0.0819    0.0783    0.0936    0.0001    0.4253    0.4301        0.1997    0.0606 -347.0340
    0.1186    0.4067    0.0137    0.1096    0.0593    0.1931    0.0001    0.4140    0.2260        0.1551    0.0132 -200.6897
    0.1464    0.3653    0.0179    0.0884    0.0732    0.1333    0.0001    0.5396    0.2935        0.1733    0.0882 -291.4917
    0.1298    0.3878    0.0137    0.0957    0.0649    0.1954    0.0001    0.4267    0.4160        0.0832    0.0077 -254.0180
    0.1582    0.3330    0.0125    0.0008    0.0791    0.0764    0.0001    0.3891    0.3810        0.1894    0.0775 -355.2967
    0.1498    0.3819    0.0100    0.1273    0.0749    0.1067    0.0001    0.6935    0.3332        0.1521    0.0216 -299.2668
    0.1399    0.4043    0.0100    0.1553    0.0699    0.1588    0.0001    0.7636    0.3126        0.1572    0.0764 -348.3922
    0.1085    0.4052    0.0100    0.1201    0.0543    0.1535    0.0001    0.2735    0.2829        0.1034    0.0087 -162.7419
    0.1492    0.3452    0.0129    0.0003    0.0746    0.0871    0.0001    0.4133    0.3893        0.1924    0.0461 -344.1710
    0.1272    0.3978    0.0143    0.1789    0.0636    0.2457    0.0001    0.4212    0.2406        0.1441    0.0060  -95.5789
    0.1433    0.3653    0.0179    0.0871    0.0717    0.1247    0.0001    0.5353    0.2961        0.1595    0.0120 -227.0202
    0.1323    0.3549    0.0100    0.0784    0.0661    0.0718    0.0001    0.3141    0.3024        0.0824    0.0038 -270.4168
    0.1523    0.3440    0.0126    0.0029    0.0762    0.0963    0.0001    0.3950    0.3812        0.1904    0.0883 -373.4948
    0.1552    0.3645    0.0179    0.1157    0.0776    0.1494    0.0001    0.5106    0.3261        0.1887    0.0137 -268.0847
    0.1438    0.3632    0.0186    0.0711    0.0719    0.1167    0.0001    0.5550    0.3057        0.1718    0.0789 -336.7424
    0.1245    0.3853    0.0112    0.1057    0.0622    0.1901    0.0001    0.3458    0.3378        0.0695    0.0042 -199.5655
    0.1582    0.3305    0.0117    0.0410    0.0791    0.0754    0.0001    0.3830    0.3587        0.1822    0.0705 -326.8833
    0.1320    0.3929    0.0100    0.0492    0.0660    0.1614    0.0001    0.7517    0.3150        0.1560    0.0107 -420.1828
    0.1317    0.4100    0.0104    0.1428    0.0659    0.1784    0.0001    0.7958    0.3256        0.1648    0.0927 -470.8075
    0.1200    0.3729    0.0117    0.1070    0.0600    0.1464    0.0001    0.3547    0.1826        0.1244    0.0070 -168.4110
    0.1414    0.3710    0.0197    0.0927    0.0707    0.1478    0.0001    0.5883    0.3229        0.1784    0.0531 -286.0359
    0.1269    0.4064    0.0360    0.0969    0.0635    0.2148    0.0001    0.5627    0.3357        0.0971    0.0064 -146.7774
    0.1477    0.3512    0.0246    0.0065    0.0739    0.1052    0.0001    0.3995    0.3691        0.1784    0.0173 -218.9042
    0.1384    0.3663    0.0275    0.1083    0.0692    0.1254    0.0001    0.4474    0.3550        0.0800    0.0128 -127.9906
    0.1508    0.3649    0.0288    0.0936    0.0754    0.1500    0.0001    0.4592    0.4396        0.1776    0.0588 -197.8369
    0.1317    0.4002    0.0310    0.1171    0.0659    0.1713    0.0001    0.4984    0.4797        0.1282    0.0158 -226.9370
    0.1510    0.3573    0.0272    0.0624    0.0755    0.1030    0.0001    0.4331    0.4134        0.1698    0.0817 -271.6057
    0.1214    0.3993    0.0123    0.1367    0.0607    0.1825    0.0001    0.3831    0.3690        0.1060    0.0094 -267.3808
    0.1623    0.3430    0.0143    0.0288    0.0811    0.1012    0.0001    0.4482    0.4335        0.2185    0.0513 -395.9035
    0.1416    0.3386    0.0105    0.0548    0.0708    0.0564    0.0001    0.3299    0.3234        0.1613    0.0085 -304.9336
    0.1520    0.3381    0.0122    0.0347    0.0760    0.0812    0.0001    0.3822    0.3674        0.1849    0.0985 -358.0515
    0.1332    0.3929    0.0130    0.1372    0.0666    0.2161    0.0001    0.3983    0.3830        0.1957    0.0048 -251.4839
    0.1562    0.3366    0.0128    0.0002    0.0781    0.0738    0.0001    0.4023    0.3926        0.1911    0.0693 -353.3230
    0.1297    0.3945    0.0100    0.0771    0.0648    0.1560    0.0001    0.7658    0.3079        0.1144    0.0061 -402.8439
    0.1319    0.3996    0.0101    0.0819    0.0660    0.1676    0.0001    0.7518    0.3250        0.1316    0.0053 -412.2395
    0.1291    0.3740    0.0100    0.1204    0.0645    0.1673    0.0001    0.3126    0.3037        0.0889    0.0062 -217.3723
    0.1456    0.3503    0.0122    0.0707    0.0728    0.0846    0.0001    0.3839    0.3688        0.1836    0.0156 -314.6977
    0.1371    0.3889    0.0150    0.2018    0.0685    0.1385    0.0001    0.4472    0.2545        0.1960    0.0090 -195.2837
    0.1554    0.3342    0.0160    0.0032    0.0777    0.0594    0.0001    0.4885    0.2652        0.2304    0.0843 -345.6565
    0.1496    0.3733    0.0100    0.1232    0.0748    0.0969    0.0001    0.7142    0.3154        0.1626    0.0072 -335.6400
    0.1352    0.4107    0.0100    0.1347    0.0676    0.1764    0.0001    0.7655    0.3106        0.1580    0.0094 -369.6609
    0.1291    0.4061    0.0100    0.1032    0.0645    0.1576    0.0001    0.6734    0.3458        0.0693    0.0088 -267.6470
    0.1191    0.4518    0.0140    0.1481    0.0595    0.2373    0.0001    1.0752    0.4357        0.1323    0.0398 -346.6438
    0.1428    0.3574    0.0127    0.1047    0.0714    0.1522    0.0001    0.3861    0.3925        0.0981    0.0044 -269.0036
    0.1476    0.3456    0.0133    0.0007    0.0738    0.0757    0.0001    0.4113    0.4008        0.1338    0.0063 -318.4402
    0.1153    0.4245    0.0167    0.1423    0.0577    0.1594    0.0001    0.5125    0.2625        0.1135    0.0161 -219.3851
    0.1427    0.3693    0.0188    0.0750    0.0713    0.0998    0.0001    0.5636    0.3074        0.1582    0.0631 -303.8618
    0.1278    0.4185    0.0257    0.1478    0.0639    0.1962    0.0001    0.4211    0.3707        0.1275    0.0034 -157.5817
    0.1562    0.3409    0.0258    0.0563    0.0781    0.0595    0.0001    0.4151    0.4019        0.1696    0.0072 -236.1061
    0.1381    0.3806    0.0134    0.0679    0.0690    0.1955    0.0001    0.4572    0.3914        0.0861    0.0096 -247.9387
    0.1444    0.3568    0.0128    0.0830    0.0722    0.0834    0.0001    0.3996    0.3894        0.1959    0.0130 -349.0069
    0.1407    0.3351    0.0100    0.0356    0.0704    0.0473    0.0001    0.3157    0.3056        0.0943    0.0097 -273.2893
    0.1609    0.3269    0.0124    0.0593    0.0804    0.0343    0.0001    0.3883    0.3759        0.1891    0.0978 -365.6041
    0.1214    0.3722    0.0100    0.0913    0.0607    0.1265    0.0001    0.3239    0.2670        0.0462    0.0131 -173.7693
    0.1600    0.3480    0.0141    0.1201    0.0800    0.0466    0.0001    0.4358    0.4264        0.2078    0.0521 -357.1580
    0.1186    0.4059    0.0126    0.0830    0.0593    0.2222    0.0001    0.3998    0.3692        0.1215    0.0073 -260.6864
    0.1632    0.3251    0.0123    0.0270    0.0816    0.0480    0.0001    0.3836    0.3706        0.1944    0.0838 -394.5400
    0.1447    0.3713    0.0172    0.1299    0.0723    0.2162    0.0001    0.5187    0.2805        0.1239    0.0106 -151.4070
    0.1478    0.3520    0.0165    0.0648    0.0739    0.0956    0.0001    0.5004    0.2778        0.1563    0.0293 -221.5276
    0.1368    0.3441    0.0100    0.0433    0.0684    0.1519    0.0001    0.2937    0.2975        0.1731    0.0131 -288.2339
    0.1477    0.3665    0.0130    0.1410    0.0739    0.0649    0.0001    0.4068    0.3960        0.1984    0.0631 -375.2485
    0.1302    0.3876    0.0166    0.1427    0.0651    0.1646    0.0001    0.5149    0.2559        0.2050    0.0137 -211.5807
    0.1448    0.3611    0.0183    0.1016    0.0724    0.0954    0.0001    0.5493    0.2987        0.1659    0.0764 -276.8957
    0.1330    0.3658    0.0100    0.0641    0.0665    0.1277    0.0001    0.3088    0.3083        0.0650    0.0065 -231.3511
    0.1473    0.3456    0.0120    0.0303    0.0737    0.0774    0.0001    0.3714    0.3643        0.1819    0.0608 -319.3431
    0.1226    0.4050    0.0141    0.0845    0.0613    0.2044    0.0001    0.4068    0.2432        0.1480    0.0102 -218.8914
    0.1337    0.3846    0.0192    0.0804    0.0668    0.1289    0.0001    0.5760    0.3129        0.1638    0.0131 -303.7225
    0.1228    0.3950    0.0100    0.1393    0.0614    0.1919    0.0001    0.3177    0.2986        0.0559    0.0144 -190.0416
    0.1559    0.3373    0.0125    0.0344    0.0780    0.0672    0.0001    0.3887    0.3789        0.1880    0.1013 -381.6032
    0.1612    0.3218    0.0117    0.0226    0.0806    0.0376    0.0001    0.3662    0.3546        0.1780    0.0004 -254.1573
    0.1552    0.3376    0.0120    0.0177    0.0776    0.0853    0.0001    0.3762    0.3658        0.1826    0.0005 -259.2006
    0.1417    0.3427    0.0100    0.0738    0.0709    0.0300    0.0001    0.3099    0.3290        0.1420   -0.0016 -288.9624
    0.1461    0.3563    0.0129    0.0477    0.0731    0.0920    0.0001    0.4028    0.3913        0.1960   -0.0011 -335.5331
    0.1404    0.4094    0.0100    0.1917    0.0702    0.1511    0.0001    0.7489    0.3247        0.1615    0.0437 -398.7532
    0.1312    0.4176    0.0102    0.1467    0.0656    0.1912    0.0001    0.7827    0.3205        0.1628    0.0862 -421.9965
    0.1411    0.3610    0.0127    0.1084    0.0705    0.1231    0.0001    0.3898    0.3861        0.0700    0.0121 -216.9005
    0.1551    0.3438    0.0136    0.0746    0.0775    0.0849    0.0001    0.4208    0.4098        0.1320    0.0851 -286.0491
    0.1333    0.3819    0.0137    0.1358    0.0667    0.0819    0.0001    0.4244    0.4200        0.1394    0.0135 -355.8945
    0.1431    0.3496    0.0124    0.0393    0.0716    0.0783    0.0001    0.3818    0.3819        0.1936    0.0409 -403.9765
    0.1314    0.3447    0.0101    0.0525    0.0657    0.1251    0.0001    0.3036    0.3046        0.1409    0.0081 -305.0424
    0.1490    0.3611    0.0135    0.1275    0.0745    0.0756    0.0001    0.4158    0.4089        0.2068    0.0591 -377.3140
    0.1246    0.3827    0.0126    0.1194    0.0623    0.1903    0.0001    0.3897    0.2009        0.1692    0.0126 -201.1116
    0.1391    0.3537    0.0136    0.1119    0.0696    0.0820    0.0001    0.4250    0.2213        0.1996    0.0127 -252.8244
    0.1323    0.3870    0.0130    0.0815    0.0662    0.2053    0.0001    0.4324    0.3144        0.1328    0.0050 -196.1796
    0.1414    0.3522    0.0116    0.0689    0.0707    0.1110    0.0001    0.3715    0.3577        0.1807    0.0303 -345.9126
    0.1037    0.4303    0.0138    0.1454    0.0518    0.1752    0.0001    0.4210    0.4233        0.1466    0.0080 -280.9227
    0.1559    0.3355    0.0128    0.0592    0.0779    0.0347    0.0001    0.4025    0.3908        0.1915    0.0748 -394.3341
    0.1158    0.3979    0.0130    0.1224    0.0579    0.1920    0.0001    0.3984    0.1998        0.1050    0.0069 -158.5702
    0.1411    0.3647    0.0187    0.0021    0.0706    0.1488    0.0001    0.5678    0.3190        0.1681    0.0642 -296.4466
    0.1425    0.3522    0.0232    0.0605    0.0712    0.2114    0.0001    0.3704    0.3490        0.1370    0.0119 -161.1348
    0.1522    0.3425    0.0258    0.0443    0.0761    0.0860    0.0001    0.4142    0.3838        0.1626    0.0894 -247.4788
    0.1401    0.3610    0.0153    0.0108    0.0700    0.1609    0.0001    0.4738    0.2397        0.2113    0.0179 -281.4081
    0.1424    0.3595    0.0176    0.0047    0.0712    0.1014    0.0001    0.5290    0.2865        0.1625    0.0829 -334.9746
    0.1180    0.3788    0.0151    0.1139    0.0590    0.1945    0.0001    0.4343    0.2675        0.0815    0.0059 -148.1167
    0.1447    0.3694    0.0204    0.0843    0.0723    0.1192    0.0001    0.6169    0.3308        0.1683    0.0067 -282.2039
    0.1236    0.4184    0.0167    0.1061    0.0618    0.2309    0.0001    0.5261    0.4930        0.0859    0.0151 -259.4778
    0.1569    0.3416    0.0127    0.0128    0.0785    0.0638    0.0001    0.3916    0.3888        0.1962    0.0684 -367.6424
    0.1269    0.4029    0.0480    0.1332    0.0635    0.2026    0.0001    0.4456    0.3835        0.1017    0.0084  -96.3171
    0.1621    0.3441    0.0946    0.0052    0.0810    0.1040    0.0001    0.4716    0.3765        0.2097    0.1020 -193.6717
    0.1217    0.3900    0.0127    0.0972    0.0609    0.1524    0.0001    0.3924    0.3745        0.0725    0.0094 -247.6865
    0.1508    0.3408    0.0125    0.0531    0.0754    0.0698    0.0001    0.3888    0.3826        0.1889    0.0045 -323.1864
    0.1325    0.3860    0.0171    0.0792    0.0663    0.1634    0.0001    0.5098    0.2519        0.1480    0.0104 -261.5708
    0.1457    0.3671    0.0190    0.0228    0.0728    0.1399    0.0001    0.5664    0.3136        0.1742    0.0867 -325.1875
    0.1374    0.3494    0.0100    0.1040    0.0687    0.0318    0.0001    0.3215    0.3071        0.1532   -0.0081 -293.6790
    0.1449    0.3545    0.0126    0.0020    0.0724    0.1178    0.0001    0.3955    0.3824        0.1883    0.0415 -357.2989
    0.1301    0.3822    0.0281    0.0792    0.0651    0.2058    0.0001    0.4626    0.3560        0.1106    0.0007 -139.6543
    0.1479    0.3530    0.0269    0.0779    0.0740    0.1059    0.0001    0.4331    0.3986        0.1696    0.0010 -190.0902
    0.1313    0.3779    0.0117    0.1230    0.0657    0.1608    0.0001    0.3604    0.3547        0.0858    0.0179 -275.5181
    0.1520    0.3454    0.0128    0.0123    0.0760    0.0914    0.0001    0.4007    0.3881        0.1957    0.0726 -381.1273
    0.1201    0.4100    0.0182    0.0800    0.0600    0.2412    0.0001    0.5458    0.2935        0.1043    0.0108 -251.4919
    0.1404    0.3930    0.0215    0.1375    0.0702    0.1360    0.0001    0.6441    0.3531        0.1945    0.0530 -326.9595
    0.1394    0.4205    0.0100    0.1833    0.0697    0.2415    0.0001    0.7491    0.3226        0.1198    0.0085 -285.1881
    0.1383    0.4151    0.0107    0.1737    0.0692    0.1616    0.0001    0.8115    0.3354        0.1701    0.0839 -385.4823
    0.1312    0.3983    0.0131    0.1427    0.0656    0.1920    0.0001    0.4044    0.3866        0.1313    0.0109 -221.0123
    0.1589    0.3336    0.0124    0.0138    0.0795    0.0842    0.0001    0.3877    0.3781        0.1884    0.0700 -316.4225
    0.1153    0.4490    0.0100    0.1785    0.0576    0.2384    0.0001    0.7560    0.1659        0.1454    0.0136 -190.8416
    0.1218    0.4228    0.0101    0.1454    0.0609    0.1865    0.0001    0.7705    0.1685        0.1598    0.0829 -241.4980
    0.1367    0.3788    0.0167    0.1530    0.0683    0.1376    0.0001    0.5035    0.2711        0.1269    0.0103 -199.4574
    0.1472    0.3548    0.0176    0.0656    0.0736    0.0943    0.0001    0.5337    0.2886        0.1567    0.0775 -268.7348
    0.1357    0.3616    0.0100    0.0973    0.0679    0.1657    0.0001    0.3178    0.3104        0.1561    0.0123 -342.7700
    0.1548    0.3462    0.0138    0.0503    0.0774    0.1152    0.0001    0.4328    0.4180        0.2137    0.0811 -444.0607
    0.1351    0.3881    0.0111    0.1678    0.0675    0.1806    0.0001    0.3439    0.3347        0.1312    0.0070 -192.3657
    0.1543    0.3336    0.0116    0.0250    0.0771    0.0458    0.0001    0.3625    0.3495        0.1789    0.0690 -310.1432
    0.1367    0.3787    0.0160    0.0894    0.0684    0.2380    0.0001    0.4663    0.2682        0.1258    0.0034 -194.6133
    0.1432    0.3576    0.0172    0.0283    0.0716    0.1215    0.0001    0.5182    0.2828        0.1598    0.0059 -261.8400
    0.1387    0.3424    0.0104    0.0907    0.0693    0.0450    0.0001    0.3289    0.3197        0.1650    0.0018 -279.4879
    0.1506    0.3306    0.0118    0.0015    0.0753    0.0635    0.0001    0.3666    0.3581        0.1770    0.0019 -299.1088
    0.1458    0.3807    0.0153    0.1482    0.0729    0.1867    0.0001    0.4845    0.4578        0.0888    0.0141 -223.4359
    0.1590    0.3353    0.0129    0.0050    0.0795    0.1018    0.0001    0.4014    0.3824        0.1939    0.0732 -324.0076
    0.1316    0.4030    0.0187    0.1506    0.0658    0.1985    0.0001    0.5589    0.3040        0.1043    0.0083 -159.8070
    0.1487    0.3536    0.0180    0.0002    0.0744    0.1216    0.0001    0.5314    0.3092        0.1615    0.0672 -243.3860
    0.1409    0.4253    0.0101    0.2098    0.0705    0.2355    0.0001    0.7806    0.3064        0.1493    0.0454 -328.5782
    0.1361    0.4187    0.0100    0.1470    0.0681    0.2171    0.0001    0.7604    0.3146        0.1597    0.0900 -371.2647
