    0.1122    0.4055    0.0120    0.1168    0.0561    0.1797    0.0001    0.3520    0.2024        0.1329    0.0156 -100.5653
    0.1300    0.3617    0.0140    0.0516    0.0650    0.1100    0.0001    0.4211    0.2288        0.1217    0.0558 -161.2134
    0.1350    0.3474    0.0875    0.0165    0.0675    0.0713    0.0001    0.3690    0.2951        0.1500    0.0106 -116.6457
    0.1451    0.3511    0.1387    0.0051    0.0725    0.0799    0.0001    0.4358    0.3541        0.1901    0.0869 -136.2810
    0.1325    0.3574    0.0100    0.0582    0.0662    0.1672    0.0001    0.3109    0.3014        0.1456    0.0171 -207.8316
    0.1376    0.3411    0.0103    0.0012    0.0688    0.0799    0.0001    0.3210    0.3135        0.1554    0.0644 -245.7973
    0.1341    0.3692    0.0144    0.0003    0.0670    0.1600    0.0001    0.4549    0.4299        0.1555    0.0250 -228.4169
    0.1379    0.3366    0.0104    0.0002    0.0689    0.0494    0.0001    0.3235    0.3158        0.1571    0.0685 -288.8724
    0.1448    0.3701    0.1584    0.0819    0.0724    0.1150    0.0001    0.5167    0.3480        0.1842    0.0004  -86.6382
    0.1583    0.3588    0.1537    0.1057    0.0791    0.0888    0.0001    0.5288    0.3710        0.2279    0.0292  -96.9040
    0.1350    0.3828    0.1194    0.1779    0.0675    0.0712    0.0001    0.3604    0.3495        0.1035    0.0105  -22.7557
    0.1466    0.3639    0.1372    0.0619    0.0733    0.1123    0.0001    0.4581    0.3512        0.2036    0.0346  -77.4889
    0.1283    0.3817    0.0296    0.1314    0.0641    0.1639    0.0001    0.4469    0.3061        0.0925    0.0082  -19.0575
    0.1392    0.3442    0.0213    0.0421    0.0696    0.0903    0.0001    0.3400    0.3232        0.1197    0.0503  -72.8836
    0.1456    0.3478    0.1369    0.0051    0.0728    0.1035    0.0001    0.4508    0.3637        0.1827    0.0074  -85.6449
    0.1513    0.3442    0.1322    0.0011    0.0756    0.1028    0.0001    0.4505    0.3528        0.1842    0.0805 -102.6411
    0.1240    0.3988    0.0294    0.1282    0.0620    0.1912    0.0001    0.4522    0.2682        0.0983    0.0024  -15.7238
    0.1420    0.3401    0.0257    0.0371    0.0710    0.0713    0.0001    0.3916    0.2600        0.1386    0.0019  -57.9897
    0.1325    0.3562    0.0100    0.0717    0.0663    0.1022    0.0001    0.3444    0.2849        0.0690    0.0069 -147.4560
    0.1405    0.3403    0.0111    0.0138    0.0703    0.0758    0.0001    0.3435    0.3345        0.1070    0.0643 -222.5095
    0.1285    0.3941    0.0125    0.1153    0.0642    0.2135    0.0001    0.4094    0.3500        0.0649    0.0091  -82.2740
    0.1347    0.3518    0.0106    0.0021    0.0674    0.0938    0.0001    0.3312    0.3203        0.0945    0.0377 -172.0902
    0.1576    0.3647    0.1372    0.1803    0.0788    0.0778    0.0001    0.4972    0.4223        0.1267    0.0015  -68.3951
    0.1632    0.3531    0.1748    0.0523    0.0816    0.1000    0.0001    0.5022    0.4568        0.2223    0.0031 -101.7885
    0.1441    0.3577    0.1168    0.0710    0.0721    0.1085    0.0001    0.4580    0.3308        0.1524   -0.0071  -50.5468
    0.1654    0.3527    0.1704    0.0083    0.0827    0.1313    0.0001    0.5469    0.4188        0.2129    0.1043  -82.6893
    0.1273    0.3698    0.0111    0.1099    0.0637    0.1473    0.0001    0.3283    0.1854        0.1726    0.0084  -89.6089
    0.1356    0.3472    0.0121    0.0020    0.0678    0.1003    0.0001    0.3715    0.1971        0.1764    0.0469 -130.2588
    0.1313    0.3355    0.0100    0.0704    0.0656    0.0856    0.0001    0.2911    0.1832        0.1048    0.0110 -112.1299
    0.1365    0.3456    0.0147    0.0215    0.0682    0.0702    0.0001    0.4354    0.2299        0.1396    0.0575 -202.9319
    0.1298    0.3798    0.0799    0.0952    0.0649    0.1608    0.0001    0.3989    0.2670        0.0770    0.0108  -23.7371
    0.1554    0.3524    0.1407    0.0007    0.0777    0.1078    0.0001    0.4711    0.3567        0.1902    0.0924  -85.2036
    0.1429    0.3628    0.1098    0.0888    0.0714    0.1009    0.0001    0.4521    0.3157        0.1171    0.0153  -70.3435
    0.1571    0.3595    0.1723    0.0596    0.0785    0.1091    0.0001    0.4977    0.4021        0.2091    0.0757  -93.3537
    0.1278    0.3566    0.0124    0.0718    0.0639    0.1159    0.0001    0.3705    0.2013        0.0675    0.0103 -130.4481
    0.1342    0.3527    0.0150    0.0464    0.0671    0.0945    0.0001    0.4508    0.2416        0.1235    0.0574 -178.8120
    0.1407    0.3558    0.1105    0.0556    0.0703    0.0829    0.0001    0.4379    0.3542        0.1053    0.0035 -109.1643
    0.1595    0.3568    0.1644    0.1167    0.0797    0.0651    0.0001    0.5180    0.4376        0.2109    0.1112 -154.2570
    0.1437    0.3762    0.1691    0.0976    0.0718    0.1297    0.0001    0.4878    0.4287        0.0866   -0.0092  -66.8405
    0.1632    0.3474    0.1510    0.0906    0.0816    0.0598    0.0001    0.4940    0.4085        0.2078    0.0295 -114.1757
    0.1378    0.3553    0.0664    0.0567    0.0689    0.0982    0.0001    0.3804    0.2913        0.1209    0.0059  -82.1234
    0.1560    0.3607    0.1616    0.0477    0.0780    0.1200    0.0001    0.5052    0.4072        0.2027    0.0370 -103.2358
    0.1267    0.3756    0.0100    0.1134    0.0634    0.1066    0.0001    0.3176    0.3107        0.1274    0.0039 -190.8671
    0.1409    0.3354    0.0100    0.0592    0.0705    0.0300    0.0001    0.3099    0.3033        0.1544    0.0299 -231.3748
    0.1479    0.3641    0.1393    0.1080    0.0740    0.1113    0.0001    0.5539    0.3817        0.1645    0.0073 -111.6949
    0.1645    0.3609    0.1911    0.1034    0.0823    0.1243    0.0001    0.6017    0.4051        0.2545    0.0830 -129.4332
    0.1508    0.3344    0.0126    0.1077    0.0754    0.0332    0.0001    0.3797    0.3810        0.1273    0.0046 -163.9582
    0.1492    0.3375    0.0120    0.0412    0.0746    0.0590    0.0001    0.3745    0.3548        0.1149    0.0299 -193.5086
    0.1362    0.3658    0.1052    0.1214    0.0681    0.0825    0.0001    0.3716    0.3269        0.0739    0.0100  -29.1611
    0.1636    0.3599    0.2075    0.0658    0.0818    0.1073    0.0001    0.5358    0.4916        0.2459    0.0394  -85.5379
    0.1396    0.3789    0.1478    0.0899    0.0698    0.1736    0.0001    0.5309    0.3698        0.1439    0.0185 -128.9367
    0.1563    0.3602    0.1782    0.0321    0.0781    0.1215    0.0001    0.5433    0.4119        0.2188    0.1264 -174.0393
    0.1582    0.3478    0.1716    0.0267    0.0791    0.0771    0.0001    0.4899    0.4239        0.1773    0.0098  -87.1144
    0.1636    0.3460    0.1860    0.0096    0.0818    0.0732    0.0001    0.4965    0.4413        0.2076    0.0902 -100.1619
    0.1306    0.3520    0.0115    0.0074    0.0653    0.1465    0.0001    0.3467    0.1811        0.1745    0.0281 -167.9021
    0.1430    0.3374    0.0133    0.0156    0.0715    0.0668    0.0001    0.4066    0.2148        0.1950    0.0640 -204.7800
    0.1422    0.3495    0.0915    0.0742    0.0711    0.0698    0.0001    0.3337    0.3511        0.1134   -0.0007  -35.7108
    0.1672    0.3600    0.1922    0.1040    0.0836    0.0914    0.0001    0.5621    0.4805        0.2001   -0.0008  -63.7767
    0.1541    0.3697    0.1125    0.1694    0.0771    0.0824    0.0001    0.4808    0.3828        0.1283    0.0132  -79.9570
    0.1637    0.3574    0.1633    0.0634    0.0819    0.1025    0.0001    0.5487    0.3999        0.2294    0.0844 -120.4806
    0.1597    0.3665    0.1877    0.1377    0.0799    0.0931    0.0001    0.5132    0.4299        0.1316    0.0112   -6.5177
    0.1708    0.3461    0.1832    0.0073    0.0854    0.0961    0.0001    0.5151    0.3871        0.2254    0.1157  -50.5501
    0.1302    0.3685    0.0148    0.0953    0.0651    0.1167    0.0001    0.4506    0.2327        0.1440    0.0183 -149.7735
    0.1353    0.3531    0.0142    0.0626    0.0677    0.0850    0.0001    0.4262    0.2318        0.1309    0.0519 -162.9200
    0.1298    0.3642    0.0108    0.1203    0.0649    0.1359    0.0001    0.3173    0.1684        0.1146    0.0106  -74.5761
    0.1393    0.3397    0.0138    0.0525    0.0697    0.0609    0.0001    0.4156    0.2272        0.1182    0.0656 -161.8393
    0.1186    0.3813    0.0100    0.1144    0.0593    0.1478    0.0001    0.2753    0.2971        0.1199    0.0127 -110.2911
    0.1454    0.3309    0.0102    0.0322    0.0727    0.0653    0.0001    0.3145    0.3107        0.1541    0.0801 -207.3426
    0.1273    0.3575    0.0100    0.0461    0.0637    0.1034    0.0001    0.3059    0.3021        0.0815    0.0061 -219.5580
    0.1352    0.3462    0.0105    0.0002    0.0676    0.0658    0.0001    0.3260    0.3206        0.1594    0.0476 -253.1517
    0.1286    0.3779    0.0100    0.1138    0.0643    0.1943    0.0001    0.3228    0.2929        0.1633    0.0124 -152.6019
    0.1387    0.3393    0.0101    0.0041    0.0693    0.0600    0.0001    0.3156    0.3057        0.1516    0.0670 -230.1488
    0.1579    0.3889    0.1802    0.2144    0.0790    0.1219    0.0001    0.6267    0.4917        0.1792    0.0326  -66.8544
    0.1552    0.3598    0.1336    0.1137    0.0776    0.1083    0.0001    0.5044    0.4004        0.1858    0.0916  -87.4238
    0.1419    0.3591    0.1084    0.0717    0.0710    0.1246    0.0001    0.4845    0.3582        0.1062    0.0114  -95.1881
    0.1568    0.3464    0.1439    0.0071    0.0784    0.1053    0.0001    0.5113    0.3904        0.1832    0.0884 -123.4001
    0.1364    0.3520    0.0224    0.0472    0.0682    0.0864    0.0001    0.3599    0.3364        0.1060    0.0084  -95.0472
    0.1383    0.3445    0.0210    0.0029    0.0692    0.0834    0.0001    0.3355    0.3181        0.1178    0.0704 -118.4733
    0.1386    0.3654    0.0115    0.1368    0.0693    0.1333    0.0001    0.3629    0.3401        0.0908    0.0062 -140.4891
    0.1387    0.3453    0.0107    0.0129    0.0694    0.0895    0.0001    0.3318    0.3250        0.1036    0.0508 -187.3497
    0.1349    0.3676    0.0151    0.0952    0.0674    0.1520    0.0001    0.4415    0.2611        0.0913    0.0053  -85.6742
    0.1407    0.3430    0.0141    0.0600    0.0703    0.0531    0.0001    0.4240    0.2291        0.1315    0.0445 -131.4105
    0.1314    0.3736    0.0225    0.1172    0.0657    0.1354    0.0001    0.3492    0.3472        0.1583    0.0104  -42.1197
    0.1409    0.3387    0.0218    0.0479    0.0704    0.0814    0.0001    0.3467    0.3342        0.1098    0.0485  -75.3550
    0.1468    0.3541    0.1413    0.0091    0.0734    0.1459    0.0001    0.4394    0.3692        0.1356    0.0084  -44.8326
    0.1609    0.3372    0.1484    0.0153    0.0804    0.0920    0.0001    0.4450    0.3645        0.1914    0.1096  -82.2432
    0.1485    0.3678    0.1657    0.0599    0.0743    0.1181    0.0001    0.5319    0.4163        0.1653    0.0114 -106.8909
    0.1486    0.3411    0.0852    0.0046    0.0743    0.0580    0.0001    0.4031    0.3185        0.1401    0.0503 -124.2877
    0.1371    0.3529    0.0268    0.0402    0.0686    0.1026    0.0001    0.4113    0.2619        0.1192    0.0070  -53.6811
    0.1407    0.3436    0.0215    0.0048    0.0704    0.0859    0.0001    0.3419    0.3257        0.1132    0.0559  -85.0664
    0.1136    0.4072    0.0114    0.1228    0.0568    0.1795    0.0001    0.3457    0.1917        0.1542    0.0125 -124.2151
    0.1343    0.3548    0.0131    0.0549    0.0671    0.0922    0.0001    0.3991    0.2154        0.1912    0.0552 -192.9634
    0.1283    0.3657    0.0105    0.1139    0.0642    0.1443    0.0001    0.3238    0.3228        0.0852    0.0100 -184.0389
    0.1415    0.3425    0.0113    0.0031    0.0708    0.0692    0.0001    0.3492    0.3398        0.1082    0.0705 -246.2228
    0.1192    0.3939    0.0267    0.1444    0.0596    0.1628    0.0001    0.4064    0.2472        0.0863    0.0082  -17.3340
    0.1362    0.3465    0.0203    0.0451    0.0681    0.0786    0.0001    0.3243    0.3076        0.1112    0.0134  -75.2535
    0.1312    0.3611    0.0100    0.0949    0.0656    0.1199    0.0001    0.2982    0.3091        0.0991    0.0167 -137.0221
    0.1488    0.3237    0.0102    0.0197    0.0744    0.0579    0.0001    0.3168    0.3116        0.1569    0.0590 -191.5522
    0.1642    0.3722    0.2441    0.1071    0.0821    0.1295    0.0001    0.6364    0.5293        0.2102   -0.0190  -52.5294
    0.1691    0.3522    0.2112    0.0014    0.0845    0.1038    0.0001    0.5739    0.4606        0.2220    0.1114  -87.5278
    0.1248    0.3543    0.0104    0.0811    0.0624    0.0812    0.0001    0.3160    0.1695        0.0874    0.0026  -57.6074
    0.1388    0.3419    0.0137    0.0559    0.0694    0.0777    0.0001    0.4188    0.2231        0.1238    0.0515 -111.3016
    0.1370    0.3819    0.1531    0.0865    0.0685    0.1509    0.0001    0.4931    0.3676        0.0703    0.0109  -58.4539
    0.1583    0.3563    0.1632    0.0369    0.0792    0.1048    0.0001    0.5025    0.4142        0.2065    0.0673 -113.4861
    0.1279    0.3549    0.0100    0.0105    0.0640    0.1021    0.0001    0.3088    0.2846        0.1692    0.0665 -247.6033
    0.1379    0.3444    0.0100    0.0114    0.0690    0.0684    0.0001    0.3132    0.3068        0.1511    0.0855 -279.3561
    0.1289    0.3613    0.0124    0.0926    0.0645    0.1181    0.0001    0.3837    0.1994        0.1918    0.0128 -114.8251
    0.1383    0.3366    0.0121    0.0002    0.0692    0.0877    0.0001    0.3698    0.1988        0.1773    0.0561 -131.8714
    0.1295    0.3507    0.0106    0.0898    0.0648    0.1004    0.0001    0.3200    0.1686        0.0992    0.0055  -52.1076
    0.1368    0.3362    0.0127    0.0535    0.0684    0.0584    0.0001    0.3834    0.2087        0.1271    0.0457  -86.4668
    0.1271    0.3695    0.0120    0.0620    0.0635    0.1394    0.0001    0.3719    0.3591        0.1037    0.0122 -259.0865
    0.1397    0.3439    0.0111    0.0002    0.0699    0.0805    0.0001    0.3463    0.3366        0.1699    0.0602 -295.2980
    0.1188    0.3907    0.0123    0.1454    0.0594    0.1671    0.0001    0.3439    0.2201        0.1298    0.0073  -49.8374
    0.1326    0.3506    0.0134    0.0390    0.0663    0.0657    0.0001    0.4044    0.2127        0.1127    0.0116 -153.7049
    0.1053    0.4438    0.0129    0.1345    0.0527    0.1906    0.0001    0.4160    0.3590        0.0512    0.0090  -83.8909
    0.1358    0.3535    0.0112    0.0530    0.0679    0.0747    0.0001    0.3478    0.3357        0.1052    0.0125 -193.1006
    0.1128    0.4178    0.0100    0.1336    0.0564    0.1751    0.0001    0.3249    0.2698        0.1076    0.0066 -110.3765
    0.1417    0.3495    0.0115    0.0041    0.0709    0.0981    0.0001    0.3568    0.3435        0.1694    0.0188 -222.1374
    0.1318    0.3558    0.0100    0.0754    0.0659    0.1156    0.0001    0.3140    0.3070        0.1383    0.0106 -236.7797
    0.1382    0.3421    0.0104    0.0008    0.0691    0.0886    0.0001    0.3252    0.3125        0.1591    0.0540 -265.2394
    0.1355    0.3638    0.0980    0.0901    0.0678    0.1143    0.0001    0.4303    0.3101        0.0719    0.0038  -45.9260
    0.1570    0.3522    0.1525    0.0209    0.0785    0.1176    0.0001    0.4828    0.3807        0.2100    0.0904  -95.3756
    0.1229    0.3603    0.0117    0.0748    0.0615    0.0861    0.0001    0.3594    0.1847        0.0642    0.0107 -101.2478
    0.1370    0.3426    0.0137    0.0004    0.0685    0.0755    0.0001    0.4122    0.2227        0.1132    0.0649 -144.3968
    0.1408    0.3587    0.1110    0.0026    0.0704    0.1446    0.0001    0.3621    0.3500        0.1592    0.0036  -37.6788
    0.1612    0.3487    0.1582    0.0025    0.0806    0.0915    0.0001    0.5103    0.3982        0.1678    0.0928  -84.0337
    0.1513    0.3556    0.1584    0.0903    0.0757    0.0885    0.0001    0.4870    0.4058        0.1691    0.0144 -112.3512
    0.1562    0.3473    0.1539    0.0070    0.0781    0.1010    0.0001    0.4778    0.3999        0.1826    0.1352 -146.7621
    0.1519    0.3365    0.1112    0.0424    0.0760    0.0570    0.0001    0.4089    0.3104        0.1298   -0.0013  -13.0344
    0.1609    0.3486    0.1736    0.0329    0.0804    0.0988    0.0001    0.4811    0.4069        0.1864    0.0011  -21.2295
    0.1406    0.3508    0.0100    0.1024    0.0703    0.1006    0.0001    0.2891    0.1891        0.1078    0.0041    0.6711
    0.1380    0.3408    0.0135    0.0107    0.0690    0.0878    0.0001    0.4041    0.2216        0.1158    0.0058  -78.1495
    0.1379    0.3805    0.1490    0.1096    0.0690    0.1025    0.0001    0.5080    0.3763        0.1118    0.0065 -130.8588
    0.1556    0.3728    0.2021    0.0549    0.0778    0.1190    0.0001    0.5893    0.4547        0.2211    0.0977 -159.6269
    0.1347    0.3685    0.0103    0.1291    0.0673    0.1293    0.0001    0.3270    0.3158        0.1477    0.0099 -172.8349
    0.1391    0.3373    0.0100    0.0030    0.0696    0.0535    0.0001    0.3109    0.3034        0.1521    0.0526 -220.2959
    0.1413    0.3744    0.1538    0.1280    0.0706    0.1271    0.0001    0.4871    0.3742        0.0884   -0.0069    0.0406
    0.1699    0.3544    0.2071    0.0880    0.0850    0.0978    0.0001    0.5464    0.4491        0.2553    0.0130  -44.2023
    0.1423    0.3429    0.0963    0.0025    0.0711    0.0647    0.0001    0.4018    0.3124        0.1654    0.0155 -121.7210
    0.1525    0.3542    0.1582    0.0047    0.0763    0.1001    0.0001    0.4929    0.3908        0.1942    0.1005 -141.0497
    0.1544    0.3656    0.1914    0.0551    0.0772    0.1358    0.0001    0.5711    0.4816        0.1667    0.0017 -119.8973
    0.1631    0.3430    0.1619    0.0328    0.0815    0.0878    0.0001    0.5018    0.4219        0.2166    0.0916 -147.9687
    0.1305    0.3663    0.0112    0.0918    0.0653    0.1597    0.0001    0.3501    0.3367        0.1347    0.0074 -173.8936
    0.1392    0.3382    0.0102    0.0049    0.0696    0.0629    0.0001    0.3205    0.3092        0.1550    0.0479 -228.2739
    0.1361    0.3791    0.1381    0.0996    0.0680    0.1540    0.0001    0.3878    0.4017        0.0868    0.0160  -24.8301
    0.1581    0.3522    0.1543    0.0026    0.0790    0.1057    0.0001    0.4782    0.3902        0.1990    0.0923  -82.0451
    0.1312    0.3624    0.0108    0.1052    0.0656    0.0959    0.0001    0.3350    0.3255        0.0686    0.0048  -89.7067
    0.1407    0.3310    0.0100    0.0243    0.0703    0.0708    0.0001    0.3080    0.3051        0.0976    0.0470 -119.1542
    0.1328    0.3398    0.0114    0.0190    0.0664    0.0609    0.0001    0.3410    0.1878        0.1201    0.0086  -95.7530
    0.1361    0.3477    0.0144    0.0139    0.0681    0.0880    0.0001    0.4345    0.2336        0.1254    0.0569 -125.6254
    0.1367    0.3649    0.1184    0.0507    0.0684    0.1184    0.0001    0.4036    0.3308        0.1819    0.0141 -103.3844
    0.1427    0.3635    0.1401    0.0221    0.0713    0.1255    0.0001    0.4471    0.3562        0.1836    0.1007 -121.6404
    0.1322    0.3598    0.0100    0.0925    0.0661    0.1159    0.0001    0.3146    0.3055        0.0902    0.0101 -177.6111
    0.1475    0.3303    0.0102    0.0003    0.0737    0.0591    0.0001    0.3185    0.3096        0.1551    0.0694 -222.0061
    0.1328    0.3636    0.0158    0.0667    0.0664    0.1589    0.0001    0.4746    0.2614        0.1298    0.0124 -175.3932
    0.1340    0.3538    0.0151    0.0145    0.0670    0.1121    0.0001    0.4585    0.2437        0.1225    0.0693 -202.6810
    0.1192    0.3813    0.1441    0.0777    0.0596    0.1251    0.0001    0.3574    0.1844        0.1411    0.0124  -65.3002
    0.1379    0.3544    0.0114    0.1015    0.0690    0.0800    0.0001    0.3216    0.3266        0.1827    0.0148 -259.1399
    0.1463    0.3551    0.1396    0.0415    0.0732    0.0894    0.0001    0.4739    0.3794        0.1384    0.0025  -95.1773
    0.1564    0.3573    0.1750    0.0363    0.0782    0.1000    0.0001    0.5291    0.4404        0.1764    0.1014 -117.5012
    0.1521    0.3480    0.1225    0.0861    0.0760    0.0810    0.0001    0.4709    0.3876        0.1459    0.0054  -79.6594
    0.1660    0.3464    0.1467    0.0841    0.0830    0.1106    0.0001    0.5337    0.3979        0.1890    0.0713  -99.0909
    0.1196    0.3984    0.0100    0.0820    0.0598    0.1742    0.0001    0.3011    0.2508        0.1452    0.0113  -95.1590
    0.1387    0.3397    0.0103    0.0010    0.0693    0.0691    0.0001    0.3202    0.3121        0.1544    0.0547 -221.4944
    0.1178    0.3912    0.0105    0.1043    0.0589    0.1622    0.0001    0.3158    0.1928        0.1548    0.0092 -105.1063
    0.1381    0.3450    0.0128    0.0025    0.0691    0.0764    0.0001    0.3911    0.2071        0.1888    0.0575 -188.5497
    0.1470    0.3701    0.1399    0.0186    0.0735    0.1955    0.0001    0.4997    0.3556        0.2451    0.0305 -107.4024
    0.1458    0.3591    0.1313    0.0198    0.0729    0.1091    0.0001    0.4661    0.3731        0.1796    0.0861 -147.9650
    0.1250    0.3718    0.0119    0.1131    0.0625    0.1480    0.0001    0.3674    0.1802        0.1144    0.0076  -75.0689
    0.1372    0.3486    0.0144    0.0389    0.0686    0.0919    0.0001    0.4341    0.2308        0.1174    0.0613 -141.7931
    0.1368    0.3372    0.0113    0.1263    0.0684    0.1276    0.0001    0.3228    0.1965        0.1166    0.0077  -64.1411
    0.1393    0.3433    0.0150    0.0123    0.0696    0.1040    0.0001    0.4489    0.2494        0.1391    0.0222 -146.0081
    0.1249    0.3600    0.0100    0.0838    0.0625    0.0736    0.0001    0.3088    0.2115        0.0897    0.0104 -126.6646
    0.1358    0.3440    0.0101    0.0030    0.0679    0.0644    0.0001    0.3165    0.3059        0.1548    0.0170 -263.5860
    0.1376    0.3631    0.1321    0.0083    0.0688    0.1130    0.0001    0.4242    0.3357        0.1187    0.0156  -95.2192
    0.1554    0.3590    0.1713    0.0052    0.0777    0.1247    0.0001    0.5239    0.4014        0.2240    0.1078 -129.2413
    0.1439    0.3523    0.1082    0.0192    0.0720    0.0854    0.0001    0.4451    0.3590        0.1743    0.0187 -161.6989
    0.1479    0.3513    0.1238    0.0113    0.0739    0.0861    0.0001    0.4585    0.3703        0.1988    0.0548 -166.1913
    0.1354    0.3403    0.0103    0.0223    0.0677    0.0405    0.0001    0.3191    0.3095        0.0767    0.0042 -144.3572
    0.1383    0.3438    0.0107    0.0698    0.0691    0.0414    0.0001    0.3295    0.3233        0.1044    0.0313 -160.4050
    0.1357    0.3715    0.1181    0.0908    0.0679    0.1484    0.0001    0.3798    0.3299        0.0945    0.0086   50.0685
    0.1614    0.3402    0.1409    0.0005    0.0807    0.0952    0.0001    0.4408    0.3537        0.1782    0.0902   -3.8478
    0.1244    0.3747    0.0285    0.0865    0.0622    0.1200    0.0001    0.4440    0.2276        0.0839    0.0074  -37.6846
    0.1410    0.3393    0.0259    0.0417    0.0705    0.0414    0.0001    0.3979    0.2469        0.1280    0.0665  -81.9813
    0.1340    0.3617    0.1034    0.0607    0.0670    0.1172    0.0001    0.3809    0.3047        0.0699    0.0138  -13.8377
    0.1616    0.3475    0.1802    0.0479    0.0808    0.0944    0.0001    0.4855    0.4045        0.1970    0.1205  -68.4157
    0.1351    0.3689    0.0120    0.1158    0.0676    0.0533    0.0001    0.3799    0.3467        0.0628    0.0113 -159.0172
    0.1382    0.3469    0.0105    0.0003    0.0691    0.0644    0.0001    0.3271    0.3172        0.0998    0.0611 -209.6162
    0.1294    0.3741    0.0122    0.0927    0.0647    0.1341    0.0001    0.3770    0.3626        0.1092    0.0048 -217.5356
    0.1400    0.3441    0.0106    0.0085    0.0700    0.0869    0.0001    0.3279    0.3218        0.1587    0.0681 -260.6162
    0.1178    0.4057    0.0127    0.1440    0.0589    0.1869    0.0001    0.3901    0.2073        0.1758    0.0141 -104.4059
    0.1368    0.3432    0.0124    0.0007    0.0684    0.0602    0.0001    0.3759    0.2029        0.1881    0.0592 -175.7734
    0.1266    0.3464    0.0135    0.0721    0.0633    0.0710    0.0001    0.3803    0.2257        0.0764    0.0072 -102.8639
    0.1339    0.3541    0.0141    0.0631    0.0670    0.0645    0.0001    0.4241    0.2277        0.1260    0.0126 -145.1895
    0.1212    0.3963    0.0249    0.1339    0.0606    0.2101    0.0001    0.3825    0.2793        0.0671    0.0109   29.4186
    0.1366    0.3611    0.0281    0.0877    0.0683    0.0727    0.0001    0.4241    0.2480        0.0733    0.0122  -32.4734
    0.1477    0.3633    0.1639    0.0401    0.0738    0.1205    0.0001    0.5185    0.3887        0.1498    0.0174  -84.6119
    0.1566    0.3562    0.1761    0.0337    0.0783    0.1009    0.0001    0.5006    0.4048        0.1909    0.1177 -108.2810
