    0.1284    0.3491    0.0140    0.1136    0.0642    0.1507    0.0001    0.4121    0.2422        0.0976    0.0084  -38.3895
    0.1353    0.3397    0.0136    0.0666    0.0677    0.0966    0.0001    0.4144    0.2148        0.1243    0.0440  -80.3424
    0.1188    0.3880    0.0101    0.1502    0.0594    0.1614    0.0001    0.3039    0.2654        0.1323    0.0052  -26.9309
    0.1394    0.3457    0.0113    0.1043    0.0697    0.1024    0.0001    0.3451    0.3403        0.1669    0.0582 -122.0208
    0.1203    0.3827    0.0156    0.1106    0.0602    0.2034    0.0001    0.4657    0.2517        0.1563    0.0182  -68.0387
    0.1363    0.3330    0.0140    0.1006    0.0681    0.0541    0.0001    0.4238    0.2284        0.1194    0.0575 -103.7155
    0.1293    0.3680    0.0100    0.0891    0.0646    0.2111    0.0001    0.3133    0.2983        0.1172    0.0020  -66.4164
    0.1407    0.3262    0.0100    0.0362    0.0704    0.0875    0.0001    0.3112    0.3017        0.1522    0.0020 -117.5111
    0.1464    0.3598    0.1281    0.1382    0.0732    0.1251    0.0001    0.4758    0.3526        0.1560    0.0087    5.7804
    0.1516    0.3616    0.1580    0.1619    0.0758    0.1247    0.0001    0.5213    0.4038        0.2013    0.0907  -10.5060
    0.1534    0.3275    0.0114    0.0772    0.0767    0.1426    0.0001    0.3691    0.3064        0.1060    0.0081  -92.2799
    0.1414    0.3213    0.0100    0.0624    0.0707    0.0551    0.0001    0.3103    0.3048        0.0965    0.0807 -180.1346
    0.1646    0.3433    0.1939    0.1084    0.0823    0.1101    0.0001    0.5658    0.4222        0.2197   -0.0124  -27.2338
    0.1711    0.3558    0.2212    0.1899    0.0856    0.1013    0.0001    0.6106    0.4951        0.2714    0.1159  -51.3823
    0.1426    0.3462    0.1120    0.0950    0.0713    0.1634    0.0001    0.4140    0.3244        0.1304   -0.0051   62.6808
    0.1738    0.3495    0.1941    0.1821    0.0869    0.1039    0.0001    0.5350    0.4475        0.2387    0.0879   20.3334
    0.1295    0.3592    0.0136    0.1312    0.0648    0.1497    0.0001    0.4116    0.2157        0.1147    0.0066  -10.3743
    0.1348    0.3394    0.0137    0.0912    0.0674    0.1069    0.0001    0.4136    0.2216        0.1121    0.0543  -33.8692
    0.1371    0.3528    0.0102    0.1233    0.0686    0.1020    0.0001    0.3219    0.3109        0.0901    0.0104  -70.2168
    0.1450    0.3278    0.0105    0.0555    0.0725    0.0547    0.0001    0.3233    0.3176        0.0946    0.0685 -102.1559
    0.1235    0.3713    0.0116    0.1232    0.0617    0.1411    0.0001    0.3523    0.1821        0.0775    0.0104  -41.7830
    0.1361    0.3475    0.0140    0.1020    0.0681    0.0949    0.0001    0.4228    0.2273        0.1147    0.0570  -85.0342
    0.1378    0.3443    0.0864    0.0874    0.0689    0.1076    0.0001    0.4088    0.2740        0.1096    0.0035   33.0454
    0.1541    0.3390    0.1524    0.0781    0.0770    0.1195    0.0001    0.4768    0.3453        0.1891    0.0819   10.9805
    0.1425    0.3535    0.0122    0.0909    0.0712    0.1593    0.0001    0.4048    0.3394        0.0687    0.0054  -61.9493
    0.1432    0.3231    0.0100    0.0774    0.0716    0.0712    0.0001    0.3091    0.3041        0.0930    0.0296 -130.1687
    0.1382    0.3388    0.0100    0.1129    0.0691    0.1113    0.0001    0.2878    0.2919        0.0743    0.0180  -70.2969
    0.1505    0.3237    0.0107    0.0806    0.0753    0.0578    0.0001    0.3276    0.3253        0.1614    0.0527 -130.7359
    0.1101    0.3967    0.0100    0.1328    0.0551    0.1601    0.0001    0.3164    0.2509        0.1075    0.0118   33.9726
    0.1461    0.3359    0.0116    0.0908    0.0731    0.0840    0.0001    0.3585    0.3526        0.1063    0.0270 -108.9094
    0.1232    0.3642    0.0131    0.0992    0.0616    0.1665    0.0001    0.3914    0.2120        0.0986    0.0284  -43.2786
    0.1367    0.3331    0.0130    0.0744    0.0684    0.0763    0.0001    0.3921    0.2090        0.1163    0.0506  -67.0401
    0.1374    0.3702    0.1135    0.1583    0.0687    0.1269    0.0001    0.4120    0.3487        0.1042    0.0030   77.5043
    0.1597    0.3748    0.2084    0.2073    0.0799    0.1286    0.0001    0.5499    0.5207        0.2182    0.0504   55.9015
    0.1329    0.3526    0.0106    0.1121    0.0665    0.1502    0.0001    0.3260    0.3181        0.0873    0.0200  -67.4203
    0.1437    0.3260    0.0101    0.0887    0.0719    0.0671    0.0001    0.3144    0.3063        0.1566    0.0486 -112.1580
    0.1196    0.3862    0.0122    0.1466    0.0598    0.1509    0.0001    0.3713    0.1901        0.1148    0.0103  -24.0439
    0.1349    0.3527    0.0146    0.1280    0.0675    0.0845    0.0001    0.4377    0.2369        0.1295    0.0512  -70.0994
    0.1369    0.3260    0.0415    0.0556    0.0684    0.0951    0.0001    0.3424    0.2480        0.1508    0.0110  -18.2222
    0.1602    0.3462    0.1536    0.1833    0.0801    0.0828    0.0001    0.5070    0.3933        0.2396    0.0421  -39.2685
    0.1426    0.3427    0.0991    0.0812    0.0713    0.1235    0.0001    0.4280    0.3102        0.1315    0.0110  -60.1229
    0.1543    0.3563    0.1582    0.1427    0.0771    0.1100    0.0001    0.5236    0.3965        0.2166    0.1133  -89.3423
    0.1519    0.3429    0.0975    0.1366    0.0760    0.0931    0.0001    0.3927    0.3734        0.1257    0.0083   49.4856
    0.1736    0.3439    0.1669    0.1621    0.0868    0.0933    0.0001    0.5328    0.4307        0.2231    0.0873   21.5301
    0.1401    0.3465    0.0950    0.1118    0.0700    0.0921    0.0001    0.3787    0.3296        0.1310    0.0082   -9.5573
    0.1552    0.3523    0.1584    0.1492    0.0776    0.1013    0.0001    0.4734    0.4040        0.1979    0.0994  -30.8460
    0.1367    0.3352    0.0738    0.1142    0.0684    0.0587    0.0001    0.3643    0.3195        0.1232    0.0111  -14.6570
    0.1539    0.3650    0.2001    0.1992    0.0770    0.1093    0.0001    0.5848    0.4812        0.2099    0.0856  -32.3056
    0.1157    0.3889    0.1004    0.1414    0.0579    0.1522    0.0001    0.3259    0.1922        0.1210    0.0074   64.1698
    0.1309    0.3614    0.0115    0.1339    0.0654    0.0941    0.0001    0.3602    0.3467        0.0987    0.0087 -137.6570
    0.1521    0.3633    0.1690    0.1530    0.0761    0.1274    0.0001    0.5072    0.4078        0.1436    0.0064   59.5723
    0.1601    0.3524    0.1683    0.1527    0.0800    0.0911    0.0001    0.5015    0.3702        0.2069    0.0973   34.5077
    0.1187    0.4086    0.0103    0.1472    0.0593    0.1823    0.0001    0.3387    0.2709        0.1020    0.0117   37.9922
    0.1460    0.3268    0.0104    0.0546    0.0730    0.0800    0.0001    0.3207    0.3138        0.1507    0.0502  -80.7042
    0.1446    0.3378    0.1166    0.0749    0.0723    0.0935    0.0001    0.4326    0.3286        0.1792    0.0129  -42.3173
    0.1525    0.3529    0.1560    0.1574    0.0762    0.0895    0.0001    0.5013    0.3955        0.2034    0.0950  -59.1143
    0.1100    0.4072    0.0100    0.1619    0.0550    0.1833    0.0001    0.3046    0.2881        0.1407    0.0047  -43.7644
    0.1428    0.3265    0.0100    0.0766    0.0714    0.0529    0.0001    0.3123    0.3023        0.1505    0.0039 -118.6401
    0.1227    0.3781    0.0222    0.1399    0.0613    0.1493    0.0001    0.3631    0.3214        0.1040    0.0131   20.7334
    0.1381    0.3384    0.0194    0.0961    0.0690    0.0868    0.0001    0.3161    0.2922        0.1643    0.0363  -14.3997
    0.1479    0.3830    0.1837    0.1530    0.0739    0.1635    0.0001    0.5643    0.3991        0.2425    0.0063   -1.0266
    0.1526    0.3470    0.1242    0.1237    0.0763    0.0885    0.0001    0.4483    0.3453        0.1952    0.0792  -25.3154
    0.1036    0.4139    0.0126    0.1487    0.0518    0.1811    0.0001    0.3888    0.1850        0.1161    0.0079    2.3598
    0.1382    0.3382    0.0135    0.1133    0.0691    0.0518    0.0001    0.4042    0.2192        0.1185    0.0701  -85.7190
    0.1173    0.3932    0.0128    0.1521    0.0586    0.1841    0.0001    0.3829    0.2075        0.1346    0.0059  -26.6728
    0.1341    0.3486    0.0143    0.1106    0.0671    0.1078    0.0001    0.4329    0.2290        0.1277    0.0586  -81.3958
    0.1395    0.3304    0.0100    0.1121    0.0698    0.1504    0.0001    0.3109    0.2768        0.1645    0.0067  -66.3931
    0.1440    0.3342    0.0107    0.0941    0.0720    0.0805    0.0001    0.3338    0.3269        0.1584    0.0492 -131.5605
    0.1340    0.3672    0.0117    0.1158    0.0670    0.1827    0.0001    0.3723    0.3456        0.0732    0.0087 -105.3595
    0.1416    0.3305    0.0111    0.0734    0.0708    0.0670    0.0001    0.3446    0.3358        0.1106    0.0463 -162.9846
    0.1266    0.3716    0.0150    0.1401    0.0633    0.1719    0.0001    0.4492    0.2473        0.0991    0.0040  -44.9210
    0.1344    0.3453    0.0143    0.1110    0.0672    0.0933    0.0001    0.4329    0.2341        0.1211    0.0450  -68.8353
    0.1341    0.3553    0.0210    0.1306    0.0671    0.1117    0.0001    0.3355    0.3149        0.0903    0.0195   -0.3102
    0.1409    0.3267    0.0197    0.0585    0.0704    0.0550    0.0001    0.3142    0.2957        0.1221    0.0549  -26.4753
    0.1250    0.3762    0.0295    0.1092    0.0625    0.1622    0.0001    0.4521    0.2856        0.1420    0.0180  -61.0662
    0.1358    0.3472    0.0267    0.1031    0.0679    0.0685    0.0001    0.4083    0.2644        0.1528    0.0612  -89.5445
    0.1241    0.3878    0.0125    0.1545    0.0621    0.1710    0.0001    0.3706    0.2095        0.1104    0.0115   45.1424
    0.1361    0.3424    0.0129    0.0952    0.0681    0.0850    0.0001    0.3900    0.2078        0.1124    0.0353    8.3710
    0.1186    0.3850    0.0128    0.1558    0.0593    0.1862    0.0001    0.3733    0.2204        0.1512    0.0049   99.4464
    0.1446    0.3291    0.0128    0.0850    0.0723    0.0965    0.0001    0.3907    0.2093        0.1125    0.0584   17.9625
    0.1155    0.3893    0.0119    0.1369    0.0578    0.1579    0.0001    0.3612    0.1907        0.1017    0.0108  -23.4864
    0.1422    0.3374    0.0136    0.1121    0.0711    0.0687    0.0001    0.4112    0.2295        0.1255    0.0520  -66.5633
    0.1291    0.3634    0.0232    0.1007    0.0646    0.1588    0.0001    0.3815    0.3286        0.0836    0.0042   -8.0939
    0.1375    0.3416    0.0205    0.1082    0.0688    0.0375    0.0001    0.3306    0.3067        0.1366    0.0207  -50.8403
    0.1440    0.3597    0.1469    0.1281    0.0720    0.1120    0.0001    0.5036    0.3189        0.1350    0.0030   40.4555
    0.1577    0.3614    0.1953    0.1393    0.0789    0.1286    0.0001    0.5035    0.3926        0.2239    0.0605   15.7332
    0.1087    0.4130    0.0100    0.1527    0.0544    0.1818    0.0001    0.3231    0.2546        0.1430    0.0118   38.7849
    0.1406    0.3377    0.0107    0.1048    0.0703    0.0688    0.0001    0.3297    0.3222        0.1600    0.0498  -79.3206
    0.1308    0.3656    0.0253    0.1464    0.0654    0.1543    0.0001    0.3828    0.2587        0.1125    0.0086  100.4683
    0.1464    0.3238    0.0202    0.1026    0.0732    0.0536    0.0001    0.3229    0.3052        0.1137    0.0519   60.5826
    0.1420    0.3671    0.0147    0.1378    0.0710    0.1336    0.0001    0.4219    0.2665        0.1280    0.0118    1.2967
    0.1395    0.3401    0.0137    0.0704    0.0698    0.0913    0.0001    0.4144    0.2196        0.1128    0.0624  -54.0988
    0.1388    0.3388    0.0681    0.1001    0.0694    0.0792    0.0001    0.3652    0.2885        0.0969    0.0158    7.8085
    0.1690    0.3612    0.2089    0.1823    0.0845    0.1177    0.0001    0.6145    0.4863        0.2413    0.1295  -37.5417
    0.1370    0.3360    0.0687    0.0905    0.0685    0.0942    0.0001    0.3948    0.2399        0.1395    0.0058   34.6312
    0.1412    0.3667    0.1024    0.1710    0.0706    0.1098    0.0001    0.4924    0.3064        0.1953    0.0360   20.1152
    0.1442    0.3343    0.0100    0.1038    0.0721    0.1002    0.0001    0.3062    0.3047        0.0836    0.0109   -1.2548
    0.1517    0.3116    0.0101    0.0412    0.0759    0.0583    0.0001    0.3054    0.3069        0.0947    0.0667  -30.2447
    0.1368    0.3373    0.0372    0.0934    0.0684    0.0783    0.0001    0.3330    0.2762        0.1109    0.0087   27.1552
    0.1496    0.3652    0.1502    0.1677    0.0748    0.1187    0.0001    0.4904    0.4080        0.1819    0.0335   11.1690
    0.1104    0.4055    0.0119    0.1163    0.0552    0.1812    0.0001    0.3896    0.3194        0.1027    0.0093  -66.7165
    0.1374    0.3317    0.0105    0.0540    0.0687    0.0708    0.0001    0.3233    0.3175        0.0977    0.0472 -151.1219
    0.1389    0.3539    0.0102    0.1281    0.0695    0.1058    0.0001    0.3089    0.3129        0.1045    0.0083  -98.3962
    0.1458    0.3296    0.0100    0.0566    0.0729    0.0626    0.0001    0.3127    0.3026        0.1507    0.0105 -126.4792
    0.1503    0.3794    0.1737    0.1993    0.0751    0.1442    0.0001    0.5431    0.4874        0.1361    0.0206   14.0886
    0.1646    0.3481    0.1622    0.1730    0.0823    0.0741    0.0001    0.5149    0.4220        0.2275    0.1084  -28.8074
    0.1177    0.3795    0.0100    0.1007    0.0589    0.1401    0.0001    0.3027    0.2732        0.0903    0.0097  -42.2430
    0.1404    0.3349    0.0103    0.0821    0.0702    0.0860    0.0001    0.3184    0.3124        0.0991    0.0572 -102.1001
    0.1317    0.3622    0.0932    0.1102    0.0659    0.1137    0.0001    0.4366    0.3052        0.1025    0.0121  -33.4738
    0.1530    0.3369    0.1364    0.0081    0.0765    0.1054    0.0001    0.4498    0.3590        0.1832    0.0964  -62.8268
    0.1388    0.3582    0.1172    0.1139    0.0694    0.1530    0.0001    0.4196    0.3468        0.1727    0.0095   11.5092
    0.1574    0.3730    0.1822    0.2029    0.0787    0.1336    0.0001    0.5590    0.4628        0.2232    0.1283  -17.2764
    0.1449    0.3595    0.1480    0.1051    0.0724    0.1318    0.0001    0.4648    0.3841        0.1647   -0.0173  -10.7967
    0.1548    0.3490    0.1422    0.1281    0.0774    0.0985    0.0001    0.4839    0.3858        0.1813    0.0856  -39.6610
    0.1269    0.3669    0.0255    0.1142    0.0634    0.1563    0.0001    0.3951    0.2439        0.0838    0.0071   50.6114
    0.1440    0.3230    0.0194    0.0176    0.0720    0.1044    0.0001    0.3106    0.2935        0.1241    0.0484   10.8980
    0.1485    0.3326    0.0814    0.1133    0.0742    0.0740    0.0001    0.3824    0.2989        0.1005    0.0073   16.8245
    0.1692    0.3470    0.1738    0.1614    0.0846    0.0947    0.0001    0.5431    0.4303        0.2297    0.0901  -18.5680
    0.1368    0.3413    0.0100    0.0588    0.0684    0.0962    0.0001    0.3086    0.3057        0.0912    0.0092 -149.4229
    0.1381    0.3401    0.0108    0.0111    0.0690    0.1067    0.0001    0.3327    0.3286        0.0936    0.0672 -171.7178
    0.1432    0.3405    0.0969    0.0820    0.0716    0.0890    0.0001    0.3328    0.3435        0.1368    0.0050   25.9083
    0.1654    0.3560    0.1879    0.1550    0.0827    0.1156    0.0001    0.4994    0.4609        0.2081    0.1272   -7.9975
    0.1393    0.3427    0.0142    0.1023    0.0697    0.1202    0.0001    0.4182    0.2423        0.0681    0.0149   10.6127
    0.1420    0.3341    0.0136    0.0783    0.0710    0.0900    0.0001    0.4107    0.2208        0.1138    0.0452  -11.4874
    0.1399    0.3589    0.1287    0.1070    0.0700    0.1268    0.0001    0.4586    0.3129        0.1298   -0.0045   20.8674
    0.1597    0.3489    0.1631    0.1202    0.0799    0.1175    0.0001    0.4935    0.3517        0.2371    0.1119  -18.6543
    0.1600    0.3639    0.1907    0.1151    0.0800    0.1526    0.0001    0.5865    0.3943        0.1915    0.0670    1.9536
    0.1831    0.3660    0.2322    0.2215    0.0916    0.1083    0.0001    0.6510    0.5402        0.2914    0.1177  -18.3396
    0.1392    0.3559    0.0135    0.1242    0.0696    0.1902    0.0001    0.3900    0.2398        0.0968    0.0103   47.9622
    0.1371    0.3424    0.0136    0.0990    0.0686    0.1029    0.0001    0.4096    0.2193        0.1107    0.0592   -3.0854
    0.1475    0.3552    0.1243    0.1263    0.0738    0.1247    0.0001    0.4564    0.3641        0.1314    0.0187    7.0767
    0.1481    0.3429    0.1078    0.0948    0.0741    0.1094    0.0001    0.4078    0.3283        0.1584    0.0876  -13.5566
    0.1614    0.3446    0.1898    0.1296    0.0807    0.0985    0.0001    0.5253    0.4165        0.2098    0.0292  -10.8016
    0.1649    0.3373    0.1892    0.0983    0.0825    0.0968    0.0001    0.5222    0.4046        0.1971    0.1007  -21.8110
    0.1475    0.3442    0.1320    0.1213    0.0738    0.0807    0.0001    0.3979    0.3536        0.1949    0.0077   -2.4023
    0.1644    0.3478    0.1775    0.1544    0.0822    0.0863    0.0001    0.4802    0.4200        0.2286    0.1002  -23.4875
    0.1573    0.3403    0.1419    0.0883    0.0787    0.1262    0.0001    0.4459    0.3679        0.1748    0.0019   94.9016
    0.1698    0.3484    0.1717    0.1774    0.0849    0.0981    0.0001    0.4993    0.4209        0.1881    0.0620   73.2294
    0.1488    0.3363    0.1113    0.0949    0.0744    0.0892    0.0001    0.3899    0.3298        0.1454    0.0129   48.3677
    0.1589    0.3491    0.1625    0.1450    0.0794    0.0997    0.0001    0.4869    0.3915        0.1749    0.1086   27.0545
    0.1481    0.3459    0.1451    0.0037    0.0741    0.1607    0.0001    0.4255    0.3832        0.1698    0.0094  -17.2747
    0.1535    0.3220    0.1104    0.0088    0.0768    0.0986    0.0001    0.3942    0.3471        0.1794    0.0737  -39.2821
    0.1346    0.3455    0.0101    0.1084    0.0673    0.1534    0.0001    0.3072    0.3051        0.0869    0.0095  -44.4584
    0.1458    0.3262    0.0100    0.0996    0.0729    0.0754    0.0001    0.3088    0.3042        0.1508    0.0838  -89.9033
    0.1566    0.3543    0.1641    0.1160    0.0783    0.1349    0.0001    0.4804    0.4259        0.1491    0.0016    2.8070
    0.1757    0.3601    0.2261    0.1721    0.0878    0.1147    0.0001    0.6126    0.4900        0.2717    0.0064  -12.0026
    0.1313    0.3561    0.0103    0.1011    0.0656    0.1571    0.0001    0.3184    0.3113        0.0958    0.0073  -64.1878
    0.1389    0.3348    0.0103    0.0911    0.0694    0.0815    0.0001    0.3200    0.3108        0.0959    0.0444  -81.8449
    0.1384    0.3471    0.0835    0.1081    0.0692    0.1136    0.0001    0.3744    0.3271        0.0904    0.0070   19.1227
    0.1628    0.3577    0.1797    0.1803    0.0814    0.1006    0.0001    0.5564    0.4399        0.2122    0.0867  -13.3004
    0.1357    0.3431    0.0103    0.0853    0.0679    0.0850    0.0001    0.3145    0.3163        0.0949    0.0162 -137.0367
    0.1429    0.3344    0.0116    0.1037    0.0715    0.0701    0.0001    0.3578    0.3520        0.1118    0.0529 -154.5124
    0.1440    0.3356    0.0977    0.0384    0.0720    0.0837    0.0001    0.3792    0.2888        0.1282    0.0019   47.9158
    0.1606    0.3614    0.1972    0.1615    0.0803    0.1020    0.0001    0.5636    0.4243        0.1932    0.0161   33.8493
    0.1592    0.3502    0.1620    0.1130    0.0796    0.1202    0.0001    0.4697    0.3264        0.1754   -0.0069   90.0860
    0.1669    0.3563    0.1725    0.1698    0.0834    0.1067    0.0001    0.5032    0.3890        0.2417    0.0929   63.6038
    0.1523    0.3236    0.1196    0.0455    0.0761    0.0919    0.0001    0.4050    0.3085        0.1526    0.0051   40.9846
    0.1643    0.3501    0.1796    0.1642    0.0822    0.1054    0.0001    0.5347    0.4148        0.2019    0.0383   29.1564
    0.1375    0.3480    0.0792    0.1157    0.0688    0.0981    0.0001    0.4029    0.2587        0.1505    0.0117   -9.6129
    0.1497    0.3415    0.1240    0.1017    0.0748    0.0986    0.0001    0.4556    0.2991        0.1935    0.0984  -33.5882
    0.1608    0.3400    0.1875    0.1168    0.0804    0.1242    0.0001    0.5065    0.4113        0.2143    0.0149   42.8931
    0.1711    0.3518    0.2089    0.1926    0.0856    0.1183    0.0001    0.5565    0.4776        0.2285    0.1297   18.9049
    0.1576    0.3317    0.1288    0.1024    0.0788    0.0843    0.0001    0.4472    0.3823        0.1526    0.0009  -14.0950
    0.1609    0.3238    0.1140    0.0993    0.0805    0.0712    0.0001    0.4330    0.3895        0.1462    0.0463  -26.4726
    0.1414    0.3464    0.0958    0.1063    0.0707    0.0735    0.0001    0.4214    0.3028        0.1140    0.0029  -24.5057
    0.1511    0.3501    0.1275    0.1363    0.0755    0.0663    0.0001    0.4519    0.3615        0.1994    0.0238  -43.4268
    0.1247    0.3695    0.0100    0.1304    0.0624    0.1421    0.0001    0.3037    0.3010        0.0886    0.0068  -59.8749
    0.1420    0.3340    0.0108    0.0980    0.0710    0.0817    0.0001    0.3347    0.3272        0.1014    0.0408  -88.5288
    0.1309    0.3599    0.0259    0.0975    0.0654    0.1681    0.0001    0.3930    0.2798        0.1147    0.0064   52.2820
    0.1412    0.3308    0.0252    0.0746    0.0706    0.0795    0.0001    0.3845    0.2531        0.1085    0.0613   19.2365
    0.1373    0.3362    0.0100    0.1083    0.0686    0.0845    0.0001    0.3092    0.3033        0.0872    0.0147  -82.8086
    0.1436    0.3233    0.0104    0.0838    0.0718    0.0777    0.0001    0.3206    0.3139        0.0992    0.0558  -97.2754
    0.1392    0.3343    0.0758    0.0923    0.0696    0.0733    0.0001    0.3730    0.2783        0.1173    0.0070   37.6793
    0.1557    0.3507    0.1712    0.1551    0.0778    0.0911    0.0001    0.5163    0.3919        0.1819    0.0600   21.1299
    0.1312    0.3700    0.0100    0.1382    0.0656    0.1306    0.0001    0.3081    0.3020        0.0894    0.0060  -15.4769
    0.1500    0.3176    0.0102    0.0041    0.0750    0.0716    0.0001    0.3201    0.3077        0.0997    0.0492  -50.7393
    0.1270    0.3609    0.0112    0.1084    0.0635    0.1275    0.0001    0.3369    0.3292        0.1168    0.0094 -128.7294
    0.1413    0.3367    0.0103    0.0695    0.0706    0.0844    0.0001    0.3179    0.3140        0.1577    0.0335 -165.6894
    0.1259    0.3784    0.0170    0.1214    0.0630    0.2040    0.0001    0.5154    0.2711        0.1137    0.0032  -78.5402
    0.1417    0.3361    0.0146    0.1079    0.0708    0.1061    0.0001    0.4460    0.2337        0.1329    0.0578 -116.1265
    0.1337    0.3521    0.0813    0.0821    0.0669    0.1127    0.0001    0.4081    0.3499        0.0749    0.0084  -19.8069
    0.1631    0.3680    0.1894    0.2012    0.0816    0.1034    0.0001    0.6017    0.5106        0.2091    0.1265  -63.5844
    0.1514    0.3502    0.1398    0.0934    0.0757    0.1278    0.0001    0.4311    0.3843        0.1564   -0.0019   12.4069
    0.1672    0.3521    0.1798    0.1374    0.0836    0.1296    0.0001    0.4938    0.4502        0.2072    0.0475   -2.9209
    0.1474    0.3370    0.1227    0.0692    0.0737    0.1132    0.0001    0.4690    0.3572        0.1491    0.0114  -34.1170
    0.1546    0.3442    0.1429    0.1450    0.0773    0.0778    0.0001    0.4930    0.3961        0.1847    0.1073  -63.6954
    0.1317    0.3765    0.0108    0.1331    0.0658    0.2054    0.0001    0.3524    0.3211        0.1639    0.0091  -46.7797
    0.1421    0.3323    0.0100    0.0812    0.0710    0.0743    0.0001    0.3171    0.3009        0.1463    0.0701 -101.0642
    0.1582    0.3684    0.1884    0.1903    0.0791    0.1281    0.0001    0.5139    0.4161        0.2279    0.0064   94.6019
    0.1669    0.3468    0.1813    0.1602    0.0834    0.1094    0.0001    0.4875    0.3953        0.2035    0.0905   78.2422
    0.1231    0.3694    0.0106    0.0605    0.0615    0.1808    0.0001    0.3531    0.2887        0.1664    0.0137 -165.1601
    0.1420    0.3324    0.0105    0.0002    0.0710    0.1056    0.0001    0.3265    0.3178        0.1596    0.0901 -243.8672
    0.1203    0.3736    0.0244    0.1104    0.0602    0.1842    0.0001    0.3721    0.2392        0.1252    0.0130    1.1466
    0.1339    0.3408    0.0255    0.0947    0.0670    0.0795    0.0001    0.3917    0.2450        0.1481    0.0564  -35.4629
    0.1543    0.3383    0.1170    0.0850    0.0772    0.0843    0.0001    0.4289    0.3617        0.1301    0.0098   23.2449
    0.1633    0.3630    0.1815    0.1623    0.0816    0.1132    0.0001    0.5576    0.4690        0.1769    0.0732   11.6025
    0.1433    0.3371    0.1232    0.0151    0.0716    0.0949    0.0001    0.4327    0.3357        0.1491    0.0123  -65.3733
    0.1512    0.3386    0.1553    0.0003    0.0756    0.1041    0.0001    0.4667    0.3812        0.1812    0.0804  -76.8647
