    0.1630    0.3671    0.0963    0.1314    0.0815    0.0946    0.0001    0.4899    0.2886        0.1186    0.0010  138.8277
    0.1503    0.3631    0.0475    0.0555    0.0751    0.1245    0.0001    0.4192    0.2584        0.1020    0.0019  129.6720
    0.1729    0.3780    0.1470    0.1226    0.0865    0.1454    0.0001    0.5308    0.3527        0.1320    0.0115  187.5028
    0.1688    0.3765    0.1340    0.1162    0.0844    0.1426    0.0001    0.5013    0.3402        0.1352    0.0020  186.7207
    0.1588    0.3691    0.0963    0.1341    0.0794    0.1283    0.0001    0.4333    0.3030        0.0472    0.0073  245.3907
    0.1624    0.3368    0.0684    0.0035    0.0812    0.0928    0.0001    0.3875    0.2613        0.0850    0.0073  229.0871
    0.1670    0.3696    0.1332    0.1067    0.0835    0.1531    0.0001    0.4939    0.3101        0.0714    0.0077  265.2125
    0.1650    0.3489    0.0951    0.0528    0.0825    0.1232    0.0001    0.4177    0.2670        0.1020    0.0103  255.7331
    0.1607    0.3662    0.0717    0.1155    0.0804    0.1176    0.0001    0.4393    0.2668        0.0943    0.0031  201.0545
    0.1668    0.3834    0.1214    0.1279    0.0834    0.1624    0.0001    0.5199    0.3373        0.1261    0.0019  195.9170
    0.1566    0.3755    0.1080    0.1143    0.0783    0.1397    0.0001    0.4683    0.2885        0.1062    0.0127  203.5837
    0.1561    0.3686    0.0978    0.0911    0.0781    0.1394    0.0001    0.4430    0.2739        0.1025    0.0050  202.9545
    0.1704    0.3721    0.1163    0.1214    0.0852    0.1552    0.0001    0.5265    0.3351        0.1033    0.0107  190.2678
    0.1614    0.3355    0.0250    0.0015    0.0807    0.0882    0.0001    0.3861    0.2336        0.0796   -0.0034  170.0450
    0.1593    0.3605    0.0752    0.1233    0.0797    0.1060    0.0001    0.4295    0.2669        0.1032    0.0088  220.6076
    0.1533    0.3541    0.0448    0.0754    0.0766    0.1133    0.0001    0.3902    0.2378        0.0946   -0.0042  216.8612
    0.1842    0.3639    0.1465    0.1243    0.0921    0.0966    0.0001    0.5134    0.3466        0.0937    0.0017  205.5856
    0.1714    0.3806    0.1185    0.1212    0.0857    0.1473    0.0001    0.5176    0.3329        0.1206    0.0013  195.2800
    0.1719    0.3637    0.1501    0.1120    0.0859    0.1171    0.0001    0.5238    0.3057        0.0686    0.0046  186.7114
    0.1571    0.3620    0.0995    0.0173    0.0785    0.1435    0.0001    0.4422    0.2709        0.0806    0.0059  176.7855
    0.1609    0.3699    0.1232    0.0845    0.0805    0.1319    0.0001    0.4646    0.3008        0.1005    0.0046  228.0176
    0.1575    0.3570    0.0898    0.0601    0.0787    0.1033    0.0001    0.4162    0.2581        0.0868   -0.0011  226.4009
    0.1801    0.3865    0.1666    0.1855    0.0900    0.1767    0.0001    0.5089    0.3843        0.1154    0.0114  283.5461
    0.1632    0.3427    0.0762    0.0003    0.0816    0.1007    0.0001    0.3764    0.2646        0.0827    0.0123  263.8983
    0.1744    0.3612    0.1180    0.1332    0.0872    0.1028    0.0001    0.4611    0.2977        0.1291    0.0011  245.1604
    0.1688    0.3514    0.1005    0.0726    0.0844    0.1071    0.0001    0.4148    0.2700        0.1262    0.0016  243.0628
    0.1775    0.3722    0.1299    0.1705    0.0888    0.1273    0.0001    0.5208    0.3285        0.1701   -0.0085  198.9117
    0.1684    0.3390    0.0810    0.0140    0.0842    0.1075    0.0001    0.4066    0.2576        0.1375   -0.0233  190.1492
    0.1850    0.3641    0.1538    0.1837    0.0925    0.0992    0.0001    0.5437    0.3678        0.1089    0.0108  217.0745
    0.1587    0.3591    0.0774    0.0543    0.0793    0.1576    0.0001    0.4250    0.2770        0.0963    0.0141  201.1359
    0.1515    0.3870    0.0876    0.1402    0.0757    0.1510    0.0001    0.4294    0.2803        0.0761    0.0051  211.4728
    0.1554    0.3504    0.0689    0.0133    0.0777    0.1101    0.0001    0.3666    0.2485        0.0872    0.0009  203.5599
    0.1604    0.3694    0.1048    0.1222    0.0802    0.1218    0.0001    0.4783    0.2525        0.0939    0.0128  242.3295
    0.1601    0.3531    0.0837    0.0834    0.0801    0.1031    0.0001    0.4235    0.2416        0.1039   -0.0031  238.2529
    0.1635    0.3425    0.0470    0.0879    0.0817    0.0310    0.0001    0.4116    0.2305        0.0890    0.0059  184.0247
    0.1590    0.3469    0.0459    0.0469    0.0795    0.0746    0.0001    0.3969    0.2440        0.0925    0.0065  178.2214
    0.1728    0.3577    0.1274    0.0741    0.0864    0.1215    0.0001    0.4745    0.3195        0.1335    0.0007  213.7263
    0.1704    0.3454    0.1010    0.0334    0.0852    0.1025    0.0001    0.4371    0.2814        0.1169    0.0006  211.8726
    0.1615    0.3561    0.1130    0.1104    0.0807    0.0870    0.0001    0.4484    0.2641        0.1087    0.0035  157.0161
    0.1535    0.3545    0.0848    0.0157    0.0767    0.1189    0.0001    0.4158    0.2561        0.0998    0.0041  150.0654
    0.1891    0.3853    0.1968    0.1706    0.0946    0.1601    0.0001    0.6347    0.3952        0.1464    0.0075  241.1386
    0.1654    0.3638    0.1008    0.0859    0.0827    0.1288    0.0001    0.4572    0.2714        0.1087    0.0108  233.2262
    0.1784    0.3769    0.1583    0.1816    0.0892    0.0912    0.0001    0.5124    0.3294        0.1152    0.0071  221.7323
    0.1623    0.3733    0.1182    0.0885    0.0812    0.1328    0.0001    0.4515    0.2892        0.1233    0.0017  211.5678
    0.1624    0.3766    0.1223    0.1342    0.0812    0.1364    0.0001    0.5253    0.3179        0.1168    0.0052  182.6569
    0.1579    0.3552    0.0804    0.0602    0.0790    0.1230    0.0001    0.4387    0.2649        0.1017    0.0072  179.2032
    0.1759    0.3499    0.1288    0.1450    0.0879    0.0473    0.0001    0.4596    0.2754        0.0900    0.0062  252.4653
    0.1641    0.3486    0.0955    0.0922    0.0821    0.0726    0.0001    0.4133    0.2507        0.1063   -0.0130  244.2173
    0.1724    0.3756    0.1511    0.1659    0.0862    0.1020    0.0001    0.5175    0.3509        0.0981    0.0086  157.5782
    0.1595    0.3631    0.0958    0.0620    0.0798    0.1226    0.0001    0.4344    0.3062        0.1075    0.0073  146.0147
    0.1590    0.3506    0.0631    0.0923    0.0795    0.1195    0.0001    0.3983    0.2128        0.0671    0.0059  282.6730
    0.1604    0.3396    0.0421    0.0118    0.0802    0.0969    0.0001    0.3691    0.2100        0.0857   -0.0055  273.1770
    0.1690    0.3744    0.1056    0.1830    0.0845    0.1029    0.0001    0.5036    0.2685        0.0878    0.0105  270.7277
    0.1577    0.3413    0.0438    0.0046    0.0789    0.0971    0.0001    0.3855    0.2236        0.0769   -0.0097  256.4568
    0.1593    0.3870    0.1359    0.1535    0.0797    0.1199    0.0001    0.4429    0.3169        0.0602    0.0101  189.4329
    0.1645    0.3503    0.1071    0.0006    0.0823    0.1036    0.0001    0.4252    0.2856        0.1163    0.0242  165.7080
    0.1571    0.3554    0.0831    0.0865    0.0786    0.1149    0.0001    0.4295    0.2449        0.1093    0.0073  187.8311
    0.1583    0.3701    0.1154    0.0869    0.0791    0.1575    0.0001    0.4767    0.2857        0.1335    0.0059  183.8740
    0.1585    0.3840    0.1338    0.1394    0.0792    0.1265    0.0001    0.4564    0.2811        0.0343    0.0127  238.5934
    0.1599    0.3484    0.0867    0.0416    0.0799    0.1025    0.0001    0.4144    0.2408        0.0911   -0.0015  218.5416
    0.1599    0.3900    0.1323    0.1327    0.0799    0.1511    0.0001    0.5168    0.3446        0.0970    0.0109  188.6527
    0.1510    0.3553    0.0447    0.0503    0.0755    0.0862    0.0001    0.3865    0.2329        0.0771    0.0139  177.7661
    0.1727    0.3667    0.1168    0.1157    0.0863    0.1342    0.0001    0.5014    0.2967        0.1068    0.0156  271.6406
    0.1683    0.3415    0.0794    0.0041    0.0841    0.1016    0.0001    0.4239    0.2404        0.0870    0.0213  266.5766
    0.1662    0.3604    0.1016    0.1145    0.0831    0.1239    0.0001    0.4481    0.2776        0.1098    0.0090  241.9119
    0.1686    0.3474    0.0933    0.0323    0.0843    0.1243    0.0001    0.4144    0.2712        0.1021    0.0100  237.6273
    0.1714    0.3593    0.1148    0.1324    0.0857    0.0916    0.0001    0.4329    0.2779        0.0952    0.0141  245.1035
    0.1648    0.3548    0.1054    0.0308    0.0824    0.1158    0.0001    0.4102    0.2692        0.1028    0.0047  236.5772
    0.1720    0.3827    0.1418    0.1812    0.0860    0.1462    0.0001    0.5390    0.3161        0.1011    0.0044  233.5945
    0.1587    0.3460    0.0676    0.0069    0.0793    0.1024    0.0001    0.3909    0.2342        0.0907    0.0086  215.3690
    0.1662    0.3750    0.1162    0.1566    0.0831    0.1442    0.0001    0.4295    0.3189        0.1112    0.0014  225.8142
    0.1656    0.3578    0.1113    0.0803    0.0828    0.1180    0.0001    0.4324    0.2929        0.1087    0.0013  217.4597
    0.1682    0.3461    0.0821    0.0923    0.0841    0.0877    0.0001    0.4001    0.2520        0.1131   -0.0034  238.5418
    0.1629    0.3542    0.0880    0.0465    0.0815    0.1233    0.0001    0.3964    0.2552        0.1154   -0.0025  235.5264
    0.1899    0.3579    0.1799    0.1334    0.0949    0.0917    0.0001    0.5331    0.3421        0.1590    0.0017  178.5472
    0.1718    0.3521    0.1240    0.0431    0.0859    0.1155    0.0001    0.4623    0.2931        0.1593    0.0020  169.3995
    0.1660    0.3771    0.1205    0.1393    0.0830    0.1370    0.0001    0.4910    0.3335        0.1258    0.0111  230.7496
    0.1618    0.3493    0.0698    0.0831    0.0809    0.0844    0.0001    0.4042    0.2546        0.0998   -0.0030  223.5106
    0.1653    0.3609    0.1150    0.0686    0.0827    0.1442    0.0001    0.4676    0.2786        0.1243   -0.0010  209.2020
    0.1641    0.3513    0.0920    0.0799    0.0820    0.1092    0.0001    0.4324    0.2556        0.1168   -0.0011  207.0987
    0.1558    0.3589    0.0947    0.0378    0.0779    0.1438    0.0001    0.4267    0.2517        0.1134    0.0132  213.2583
    0.1558    0.3499    0.0780    0.0007    0.0779    0.1271    0.0001    0.4083    0.2354        0.1067   -0.0056  210.6510
    0.1667    0.3783    0.1139    0.1679    0.0834    0.1144    0.0001    0.5081    0.2855        0.1119   -0.0004  210.7588
    0.1526    0.3509    0.0244    0.0020    0.0763    0.1126    0.0001    0.3799    0.2112        0.0829   -0.0003  187.5522
    0.1726    0.3766    0.1269    0.1592    0.0863    0.1313    0.0001    0.5090    0.3157        0.0972    0.0106  255.0289
    0.1543    0.3660    0.0469    0.0547    0.0771    0.1482    0.0001    0.4064    0.2444        0.0775   -0.0157  243.7555
    0.1576    0.4031    0.1414    0.1411    0.0788    0.1869    0.0001    0.5600    0.2895        0.1306    0.0007  227.4519
    0.1537    0.3601    0.0452    0.0749    0.0768    0.1055    0.0001    0.3982    0.2221        0.0991    0.0012  212.1984
    0.1740    0.3655    0.1264    0.1598    0.0870    0.1237    0.0001    0.4985    0.3216        0.1313    0.0025  216.1814
    0.1712    0.3551    0.1194    0.0800    0.0856    0.1307    0.0001    0.4691    0.3116        0.1196    0.0030  212.1425
    0.1638    0.3675    0.1130    0.1427    0.0819    0.1045    0.0001    0.4681    0.3120        0.1051    0.0022  211.8574
    0.1586    0.3562    0.0864    0.0677    0.0793    0.1102    0.0001    0.4139    0.2710        0.0900    0.0023  208.1260
    0.1672    0.3738    0.1309    0.1332    0.0836    0.1444    0.0001    0.5234    0.3027        0.1227    0.0040  192.0631
    0.1579    0.3523    0.0828    0.0007    0.0789    0.1255    0.0001    0.4178    0.2512        0.1033    0.0045  183.8564
    0.1702    0.3642    0.1262    0.1445    0.0851    0.0866    0.0001    0.5094    0.2796        0.1153    0.0065  217.3117
    0.1659    0.3460    0.1050    0.0263    0.0830    0.0925    0.0001    0.4448    0.2576        0.1083   -0.0051  211.8464
    0.1636    0.3699    0.1058    0.1076    0.0818    0.1515    0.0001    0.4431    0.3167        0.1200    0.0053  233.0459
    0.1613    0.3438    0.0440    0.0723    0.0807    0.0744    0.0001    0.3775    0.2478        0.0910   -0.0143  221.4495
    0.1684    0.3724    0.1605    0.1320    0.0842    0.1269    0.0001    0.5108    0.3185        0.0828    0.0089  225.1702
    0.1629    0.3628    0.0887    0.1314    0.0814    0.1068    0.0001    0.4491    0.2861        0.0871    0.0111  214.2822
    0.1636    0.3644    0.0841    0.1030    0.0818    0.1440    0.0001    0.4787    0.2931        0.0953    0.0138  206.1946
    0.1632    0.3442    0.0683    0.0002    0.0816    0.1194    0.0001    0.4158    0.2672        0.0944    0.0044  202.9861
    0.1747    0.3778    0.1660    0.1311    0.0874    0.1250    0.0001    0.5348    0.2722        0.0935    0.0059  275.7762
    0.1569    0.3553    0.0622    0.0409    0.0785    0.1297    0.0001    0.3712    0.2211        0.1014    0.0057  256.7986
    0.1635    0.3829    0.1218    0.1219    0.0818    0.1537    0.0001    0.4956    0.3050        0.1262    0.0041  176.6321
    0.1552    0.3789    0.0900    0.0874    0.0776    0.1430    0.0001    0.4461    0.2670        0.1115    0.0071  174.7867
    0.1409    0.3542    0.0234    0.0882    0.0705    0.1189    0.0001    0.3485    0.1807        0.0744    0.0064  282.0874
    0.1535    0.3419    0.0221    0.0579    0.0767    0.1002    0.0001    0.3443    0.1928        0.0852    0.0046  268.6305
    0.1591    0.3535    0.0832    0.0199    0.0796    0.1436    0.0001    0.4245    0.2460        0.1060    0.0079  237.0616
    0.1612    0.3412    0.0721    0.0108    0.0806    0.1076    0.0001    0.4029    0.2342        0.1004    0.0143  235.1736
    0.1680    0.3666    0.1386    0.0981    0.0840    0.1509    0.0001    0.5102    0.3210        0.1292    0.0110  191.2375
    0.1577    0.3494    0.0729    0.0200    0.0788    0.1153    0.0001    0.4148    0.2512        0.1029    0.0056  182.9095
    0.1695    0.3590    0.1122    0.1555    0.0847    0.1016    0.0001    0.4664    0.2983        0.1064    0.0096  245.0917
    0.1562    0.3403    0.0427    0.0174    0.0781    0.1195    0.0001    0.3730    0.2330        0.0865   -0.0049  234.0657
    0.1690    0.3638    0.0983    0.1547    0.0845    0.1076    0.0001    0.4449    0.2935        0.1128    0.0000  254.8682
    0.1595    0.3372    0.0402    0.0204    0.0798    0.0955    0.0001    0.3493    0.2414        0.0924    0.0000  246.6196
    0.1563    0.3948    0.0854    0.1588    0.0782    0.1631    0.0001    0.4622    0.2651        0.0910    0.0157  231.5692
    0.1552    0.3653    0.0243    0.0638    0.0776    0.1311    0.0001    0.3769    0.2167        0.1036    0.0318  207.2687
    0.1625    0.3768    0.1013    0.1220    0.0812    0.1117    0.0001    0.5004    0.2808        0.1122    0.0048  175.7403
    0.1603    0.3582    0.0747    0.0027    0.0801    0.1128    0.0001    0.4174    0.2588        0.0938   -0.0086  167.3169
    0.1487    0.4037    0.0849    0.1284    0.0744    0.2146    0.0001    0.5126    0.2330        0.1045   -0.0053  264.2909
    0.1495    0.3517    0.0235    0.0238    0.0748    0.1191    0.0001    0.3681    0.1844        0.0891   -0.0123  241.1484
    0.1575    0.3902    0.1056    0.1423    0.0787    0.1716    0.0001    0.4673    0.2592        0.1042    0.0069  288.2321
    0.1525    0.3602    0.0405    0.0751    0.0763    0.0968    0.0001    0.3583    0.2028        0.0900    0.0031  276.3237
    0.1815    0.3855    0.1998    0.1951    0.0907    0.1483    0.0001    0.6219    0.3627        0.0828    0.0114  245.4194
    0.1512    0.3425    0.0127    0.0002    0.0756    0.0919    0.0001    0.3829    0.2034        0.0802    0.0141  148.4190
    0.1598    0.3790    0.1255    0.1203    0.0799    0.1501    0.0001    0.5081    0.2893        0.0962    0.0086  247.8191
    0.1573    0.3727    0.1068    0.1117    0.0787    0.1385    0.0001    0.4724    0.2653        0.0915    0.0000  247.1488
    0.1624    0.3696    0.1098    0.1347    0.0812    0.1216    0.0001    0.4753    0.3078        0.1111    0.0047  214.7801
    0.1567    0.3519    0.0731    0.0635    0.0784    0.1067    0.0001    0.4162    0.2558        0.0915    0.0046  211.1486
    0.1694    0.3590    0.1215    0.1211    0.0847    0.1121    0.0001    0.4454    0.2929        0.1249   -0.0005  276.0292
    0.1623    0.3464    0.0765    0.0974    0.0811    0.0705    0.0001    0.3715    0.2532        0.1028   -0.0005  272.8658
    0.1663    0.3726    0.1161    0.1415    0.0832    0.1145    0.0001    0.5126    0.3165        0.1150    0.0041  182.6660
    0.1585    0.3474    0.0684    0.0006    0.0792    0.0900    0.0001    0.4054    0.2581        0.0923    0.0086  172.7581
    0.1656    0.3747    0.1315    0.1018    0.0828    0.1394    0.0001    0.5240    0.2867        0.0877    0.0080  253.8570
    0.1629    0.3534    0.0927    0.0542    0.0814    0.1028    0.0001    0.4419    0.2381        0.0838    0.0051  250.1935
    0.1723    0.3910    0.1519    0.1542    0.0862    0.1116    0.0001    0.5592    0.3463        0.1022    0.0073  243.1014
    0.1663    0.3572    0.1028    0.0455    0.0831    0.1028    0.0001    0.4363    0.2613        0.0954    0.0073  238.8831
    0.1649    0.3772    0.1232    0.1288    0.0824    0.1447    0.0001    0.4920    0.3099        0.1029    0.0081  222.2338
    0.1549    0.3500    0.0435    0.0009    0.0775    0.1115    0.0001    0.3719    0.2304        0.0817   -0.0004  212.0071
    0.1626    0.3765    0.0900    0.1400    0.0813    0.1188    0.0001    0.4820    0.2797        0.1256   -0.0021  229.3962
    0.1607    0.3446    0.0448    0.0738    0.0803    0.0300    0.0001    0.3940    0.2281        0.0996   -0.0033  220.9722
    0.1525    0.3844    0.0948    0.1295    0.0762    0.1561    0.0001    0.4619    0.2744        0.1088    0.0062  216.6090
    0.1588    0.3600    0.0879    0.0930    0.0794    0.0992    0.0001    0.4293    0.2581        0.1069   -0.0030  211.8085
    0.1795    0.3671    0.1489    0.1688    0.0897    0.1049    0.0001    0.5441    0.3325        0.1297    0.0083  213.8952
    0.1649    0.3494    0.0991    0.0170    0.0824    0.1218    0.0001    0.4342    0.2728        0.1083    0.0066  206.5714
    0.1537    0.3730    0.0721    0.1336    0.0768    0.1276    0.0001    0.4095    0.2582        0.1040    0.0085  234.2638
    0.1514    0.3482    0.0394    0.0387    0.0757    0.1064    0.0001    0.3474    0.2190        0.0863    0.0080  227.8737
    0.2031    0.3791    0.2149    0.2187    0.1015    0.1142    0.0001    0.6089    0.4424        0.1584    0.0105  227.1087
    0.1727    0.3505    0.1182    0.0037    0.0863    0.1122    0.0001    0.4249    0.2966        0.1324    0.0113  211.7161
    0.1905    0.3877    0.1809    0.2102    0.0953    0.1411    0.0001    0.6321    0.3917        0.1593    0.0085  213.6964
    0.1644    0.3483    0.0734    0.0261    0.0822    0.1080    0.0001    0.4121    0.2431        0.1190    0.0084  195.1678
    0.1778    0.3907    0.1844    0.1677    0.0889    0.1602    0.0001    0.5821    0.3113        0.1421    0.0087  250.5596
    0.1615    0.3580    0.1026    0.0002    0.0808    0.1228    0.0001    0.4125    0.2386        0.1174    0.0072  236.3885
    0.1610    0.3537    0.0861    0.1046    0.0805    0.1166    0.0001    0.3886    0.2434        0.1328    0.0043  244.8659
    0.1616    0.3379    0.0709    0.0231    0.0808    0.1159    0.0001    0.3636    0.2310        0.1221   -0.0123  241.3828
    0.1660    0.3776    0.1475    0.1340    0.0830    0.1105    0.0001    0.4421    0.2931        0.1283    0.0128  251.5656
    0.1589    0.3476    0.0693    0.0031    0.0794    0.0991    0.0001    0.3719    0.2283        0.0942   -0.0001  238.1431
    0.1696    0.3737    0.1232    0.1454    0.0848    0.1133    0.0001    0.4848    0.3130        0.0941    0.0085  238.0095
    0.1604    0.3453    0.0694    0.0370    0.0802    0.1000    0.0001    0.3694    0.2409        0.1058   -0.0149  225.0770
    0.1640    0.3631    0.0823    0.1120    0.0820    0.0975    0.0001    0.4161    0.2731        0.1162    0.0140  227.2568
    0.1605    0.3616    0.0666    0.0900    0.0803    0.1211    0.0001    0.3915    0.2681        0.1072    0.0154  225.0890
    0.1699    0.3775    0.1314    0.1718    0.0850    0.1182    0.0001    0.5153    0.3276        0.1264    0.0057  202.5247
    0.1550    0.3648    0.0751    0.0721    0.0775    0.1308    0.0001    0.4232    0.2617        0.1037    0.0077  194.6581
    0.1590    0.3632    0.1031    0.0941    0.0795    0.1156    0.0001    0.4392    0.2629        0.1136    0.0018  229.5028
    0.1597    0.3540    0.0885    0.0920    0.0799    0.0861    0.0001    0.4166    0.2468        0.1082   -0.0040  228.1171
    0.1800    0.3673    0.1471    0.1863    0.0900    0.1082    0.0001    0.5144    0.3326        0.1213    0.0030  279.7133
    0.1639    0.3388    0.0787    0.0462    0.0820    0.0957    0.0001    0.3864    0.2522        0.0980    0.0030  270.4282
    0.1505    0.3441    0.0100    0.0320    0.0753    0.1092    0.0001    0.3342    0.1915        0.0476    0.0030  200.1928
    0.1522    0.3522    0.0122    0.0309    0.0761    0.1204    0.0001    0.3716    0.1962        0.0955    0.0035  140.1112
    0.1598    0.3541    0.1053    0.0144    0.0799    0.1121    0.0001    0.4238    0.2700        0.1005   -0.0014  195.1350
    0.1506    0.3617    0.0725    0.0165    0.0753    0.1363    0.0001    0.3865    0.2320        0.0961   -0.0018  190.3794
    0.1645    0.3861    0.1152    0.1494    0.0823    0.1522    0.0001    0.5085    0.3115        0.0960    0.0060  275.5111
    0.1634    0.3623    0.0856    0.1227    0.0817    0.0805    0.0001    0.4375    0.2602        0.0876    0.0056  269.1278
    0.1614    0.3760    0.1285    0.1179    0.0807    0.1206    0.0001    0.4736    0.2956        0.1067    0.0009  217.3624
    0.1545    0.3540    0.0732    0.0371    0.0772    0.0932    0.0001    0.3753    0.2341        0.0891    0.0024  212.1106
    0.1574    0.3711    0.1138    0.1321    0.0787    0.1266    0.0001    0.4633    0.2859        0.1058    0.0067  213.6456
    0.1528    0.3530    0.0772    0.0740    0.0764    0.1064    0.0001    0.3945    0.2398        0.0899   -0.0116  209.6179
    0.1690    0.3613    0.1230    0.0395    0.0845    0.1223    0.0001    0.4701    0.3229        0.0930    0.0143  155.8332
    0.1536    0.3630    0.0717    0.0397    0.0768    0.1333    0.0001    0.3963    0.2735        0.1099    0.0212  143.1492
    0.1648    0.3798    0.0999    0.1535    0.0824    0.1418    0.0001    0.4851    0.3143        0.1100    0.0086  211.3277
    0.1602    0.3534    0.0679    0.0426    0.0801    0.1209    0.0001    0.4059    0.2603        0.0962    0.0038  205.5400
    0.1572    0.3651    0.1061    0.0945    0.0786    0.1271    0.0001    0.4311    0.2696        0.1125    0.0093  205.2251
    0.1561    0.3519    0.0896    0.0014    0.0781    0.1210    0.0001    0.3970    0.2473        0.0992   -0.0095  201.6505
    0.1649    0.3836    0.1142    0.1438    0.0824    0.1556    0.0001    0.4942    0.3087        0.0982    0.0070  237.5541
    0.1595    0.3606    0.0812    0.0552    0.0798    0.1291    0.0001    0.4077    0.2619        0.0890   -0.0029  232.2522
    0.1687    0.3704    0.1110    0.1387    0.0843    0.0976    0.0001    0.4800    0.3052        0.1118    0.0019  240.1444
    0.1672    0.3538    0.0832    0.1063    0.0836    0.0600    0.0001    0.4330    0.2697        0.0953    0.0021  238.3090
    0.1574    0.3425    0.0423    0.0795    0.0787    0.0781    0.0001    0.3551    0.2356        0.0786   -0.0026  272.2371
    0.1592    0.3303    0.0392    0.0090    0.0796    0.0700    0.0001    0.3402    0.2281        0.0719    0.0082  269.7788
    0.1670    0.3675    0.1098    0.1053    0.0835    0.1493    0.0001    0.4172    0.2980        0.1515    0.0057  236.2896
    0.1669    0.3456    0.0836    0.0972    0.0835    0.0546    0.0001    0.3765    0.2588        0.1317    0.0070  233.4107
    0.1667    0.3816    0.1470    0.1328    0.0833    0.1332    0.0001    0.5233    0.3110        0.1051    0.0047  247.1645
    0.1573    0.3719    0.0941    0.1094    0.0787    0.1155    0.0001    0.4407    0.2642        0.0933    0.0112  244.2527
    0.1681    0.3745    0.1141    0.1618    0.0840    0.1105    0.0001    0.4697    0.3241        0.1136    0.0087  198.5739
    0.1577    0.3575    0.0654    0.0747    0.0788    0.1066    0.0001    0.3928    0.2626        0.0932   -0.0059  192.1522
    0.1703    0.3700    0.1256    0.1341    0.0851    0.1343    0.0001    0.4826    0.3173        0.1049    0.0082  262.6575
    0.1667    0.3423    0.0926    0.0015    0.0833    0.1036    0.0001    0.3960    0.2710        0.0918    0.0020  256.8267
