    0.1613    0.3689    0.1700    0.1309    0.0806    0.1296    0.0001    0.4044    0.2641        0.1479    0.0114  304.8527
    0.1607    0.3442    0.1374    0.0037    0.0803    0.1027    0.0001    0.3510    0.2474        0.1195    0.0039  298.0186
    0.1602    0.3579    0.1333    0.1154    0.0801    0.0780    0.0001    0.3864    0.2294        0.1193    0.0110  291.8235
    0.1571    0.3557    0.1377    0.0048    0.0786    0.1158    0.0001    0.3839    0.2370        0.1026    0.0133  286.3612
    0.1747    0.3600    0.2115    0.1240    0.0874    0.1060    0.0001    0.4689    0.3286        0.1251    0.0060  300.5403
    0.1745    0.3447    0.1970    0.0024    0.0872    0.1054    0.0001    0.4307    0.3035        0.1295    0.0062  296.3905
    0.1656    0.3567    0.1552    0.1182    0.0828    0.0866    0.0001    0.4350    0.2992        0.1224    0.0073  241.5392
    0.1606    0.3438    0.1348    0.0012    0.0803    0.0869    0.0001    0.3846    0.2640        0.1047   -0.0169  235.2281
    0.1578    0.3539    0.1575    0.0659    0.0789    0.0842    0.0001    0.3417    0.2887        0.0943    0.0163  263.8532
    0.1534    0.3505    0.1396    0.0031    0.0767    0.0913    0.0001    0.3189    0.2640        0.0917    0.0237  260.9550
    0.1603    0.3766    0.1991    0.1457    0.0802    0.1183    0.0001    0.4620    0.2958        0.1601   -0.0021  250.2797
    0.1528    0.3563    0.1409    0.0707    0.0764    0.1023    0.0001    0.3859    0.2483        0.1133   -0.0121  244.9436
    0.1569    0.3640    0.1720    0.1164    0.0784    0.1057    0.0001    0.4346    0.2720        0.0946    0.0078  285.5087
    0.1648    0.3376    0.1634    0.0023    0.0824    0.0693    0.0001    0.3858    0.2739        0.0906   -0.0325  276.0580
    0.1780    0.3604    0.2096    0.1324    0.0890    0.1088    0.0001    0.4528    0.2864        0.1207    0.0120  396.6204
    0.1699    0.3397    0.1629    0.0071    0.0850    0.0895    0.0001    0.3740    0.2480        0.0746   -0.0172  386.5837
    0.1597    0.3602    0.1780    0.1380    0.0798    0.0478    0.0001    0.4206    0.2770        0.1290    0.0065  242.3330
    0.1542    0.3436    0.1455    0.0459    0.0771    0.0525    0.0001    0.3635    0.2400        0.1157   -0.0034  238.2316
    0.1714    0.3766    0.2329    0.1145    0.0857    0.1186    0.0001    0.4996    0.3338        0.1043    0.0115  280.7532
    0.1650    0.3630    0.1996    0.0062    0.0825    0.1161    0.0001    0.4320    0.2934        0.1065    0.0181  276.3416
    0.1615    0.3664    0.1917    0.0973    0.0808    0.1266    0.0001    0.4867    0.2865        0.1012    0.0089  257.8748
    0.1599    0.3573    0.1715    0.0730    0.0799    0.1096    0.0001    0.4473    0.2649        0.0983   -0.0022  256.7815
    0.1596    0.3457    0.1434    0.0473    0.0798    0.0836    0.0001    0.3431    0.2547        0.1108    0.0034  290.5054
    0.1576    0.3497    0.1414    0.0444    0.0788    0.0943    0.0001    0.3438    0.2580        0.1003   -0.0098  289.4537
    0.1520    0.3709    0.1395    0.1207    0.0760    0.1164    0.0001    0.4176    0.2540        0.0903    0.0128  251.3727
    0.1535    0.3488    0.1278    0.0002    0.0768    0.0994    0.0001    0.3713    0.2325        0.1023    0.0245  245.3288
    0.1484    0.3497    0.1295    0.0460    0.0742    0.0762    0.0001    0.3586    0.2286        0.0602    0.0071  226.1261
    0.1501    0.3486    0.1336    0.0005    0.0750    0.0857    0.0001    0.3604    0.2476        0.0876   -0.0050  222.8172
    0.1511    0.3683    0.1465    0.1019    0.0755    0.1053    0.0001    0.3931    0.2585        0.1110    0.0043  219.5621
    0.1537    0.3657    0.1585    0.0627    0.0768    0.1216    0.0001    0.4037    0.2692        0.1144    0.0051  218.5003
    0.1643    0.3747    0.2046    0.1444    0.0821    0.1213    0.0001    0.4501    0.3023        0.1009    0.0121  289.2801
    0.1518    0.3519    0.1382    0.0339    0.0759    0.1074    0.0001    0.3488    0.2411        0.0731    0.0108  282.5761
    0.1521    0.3788    0.1744    0.1107    0.0761    0.1404    0.0001    0.4575    0.2941        0.1102    0.0049  221.8473
    0.1575    0.3812    0.2152    0.0684    0.0788    0.1632    0.0001    0.5042    0.3227        0.1288   -0.0037  220.1173
    0.1627    0.3722    0.2125    0.0700    0.0814    0.1185    0.0001    0.4922    0.3125        0.1282    0.0117  214.4349
    0.1610    0.3609    0.1901    0.0005    0.0805    0.1021    0.0001    0.4447    0.2853        0.1198   -0.0097  212.0026
    0.1628    0.3463    0.1647    0.0977    0.0814    0.0781    0.0001    0.3898    0.2642        0.1036    0.0078  305.6718
    0.1598    0.3395    0.1510    0.0002    0.0799    0.0961    0.0001    0.3622    0.2508        0.0922   -0.0066  301.1291
    0.1598    0.3627    0.1499    0.0630    0.0799    0.1412    0.0001    0.3960    0.2707        0.0993   -0.0056  289.7684
    0.1491    0.3558    0.0985    0.0003    0.0746    0.1318    0.0001    0.3362    0.2184        0.0663   -0.0158  284.4558
    0.1506    0.3652    0.1240    0.1068    0.0753    0.1038    0.0001    0.3929    0.2085        0.1112    0.0084  269.6730
    0.1507    0.3539    0.1138    0.0613    0.0754    0.1023    0.0001    0.3581    0.2003        0.1183   -0.0079  266.8452
    0.1617    0.3531    0.1544    0.1160    0.0809    0.0849    0.0001    0.4320    0.2224        0.1253    0.0080  280.3372
    0.1607    0.3557    0.1654    0.0396    0.0803    0.1275    0.0001    0.4491    0.2629        0.0905   -0.0084  271.4834
    0.1636    0.3733    0.1742    0.0632    0.0818    0.1830    0.0001    0.4543    0.2746        0.0732    0.0070  320.2319
    0.1634    0.3611    0.1541    0.0653    0.0817    0.1364    0.0001    0.4268    0.2555        0.0928    0.0060  316.0803
    0.1569    0.3624    0.1617    0.1161    0.0784    0.0784    0.0001    0.4153    0.2799        0.0918    0.0027  250.4479
    0.1537    0.3492    0.1404    0.0017    0.0768    0.0868    0.0001    0.3714    0.2526        0.0908    0.0032  246.5666
    0.1625    0.3684    0.1772    0.1146    0.0813    0.1268    0.0001    0.4243    0.2870        0.0902    0.0048  324.1135
    0.1689    0.3515    0.1741    0.0536    0.0844    0.1137    0.0001    0.4198    0.2752        0.1172    0.0056  320.4968
    0.1640    0.3818    0.2233    0.1390    0.0820    0.1189    0.0001    0.5311    0.3000        0.1319    0.0039  228.7390
    0.1570    0.3618    0.1735    0.0040    0.0785    0.1122    0.0001    0.4419    0.2577        0.1024    0.0090  222.9909
    0.1646    0.3655    0.1639    0.1418    0.0823    0.1005    0.0001    0.4426    0.2499        0.1094    0.0129  305.6680
    0.1638    0.3501    0.1604    0.0400    0.0819    0.1072    0.0001    0.4114    0.2330        0.1270    0.0154  300.8478
    0.1610    0.3579    0.1457    0.1130    0.0805    0.0891    0.0001    0.4013    0.2798        0.0807    0.0075  261.1902
    0.1640    0.3564    0.1681    0.0684    0.0820    0.1078    0.0001    0.4171    0.2986        0.1048    0.0296  257.4582
    0.1654    0.3668    0.1905    0.1387    0.0827    0.1098    0.0001    0.4459    0.3103        0.0671   -0.0021  290.5604
    0.1674    0.3456    0.1802    0.0010    0.0837    0.0928    0.0001    0.4208    0.2806        0.1022   -0.0017  280.4869
    0.1696    0.3613    0.2016    0.1365    0.0848    0.0984    0.0001    0.4541    0.3115        0.0890    0.0145  318.4585
    0.1630    0.3402    0.1600    0.0038    0.0815    0.0835    0.0001    0.3838    0.2589        0.0606    0.0165  312.5437
    0.1395    0.3710    0.0829    0.0876    0.0697    0.1407    0.0001    0.3270    0.2170        0.0665    0.0057  266.7662
    0.1558    0.3561    0.1409    0.0636    0.0779    0.1034    0.0001    0.3946    0.2615        0.0788    0.0017  257.2117
    0.1566    0.3539    0.1360    0.0975    0.0783    0.0626    0.0001    0.3907    0.2100        0.1039    0.0103  253.7398
    0.1533    0.3481    0.1268    0.0035    0.0767    0.0781    0.0001    0.3745    0.2083        0.0956    0.0073  248.7379
    0.1511    0.3695    0.1200    0.1093    0.0755    0.1262    0.0001    0.3585    0.2159        0.0762    0.0062  324.4198
    0.1544    0.3494    0.1197    0.0016    0.0772    0.1092    0.0001    0.3317    0.2093        0.0997    0.0179  318.3345
    0.1639    0.3622    0.1921    0.1109    0.0819    0.0970    0.0001    0.4231    0.2738        0.1063    0.0160  328.1395
    0.1584    0.3489    0.1590    0.0002    0.0792    0.0998    0.0001    0.3700    0.2431        0.0818    0.0032  323.5350
    0.1559    0.3639    0.1501    0.0951    0.0780    0.1354    0.0001    0.3972    0.2430        0.1090    0.0094  314.1503
    0.1599    0.3516    0.1548    0.0088    0.0799    0.1356    0.0001    0.3807    0.2503        0.1185   -0.0084  310.6874
    0.1608    0.3522    0.1617    0.0442    0.0804    0.0870    0.0001    0.4026    0.2708        0.0859    0.0121  275.7083
    0.1615    0.3527    0.1558    0.0990    0.0807    0.0387    0.0001    0.4008    0.2591        0.1196   -0.0001  269.7031
    0.1515    0.3761    0.1410    0.1301    0.0757    0.1252    0.0001    0.4064    0.2663        0.0634    0.0053  256.8021
    0.1480    0.3542    0.1123    0.0002    0.0740    0.1090    0.0001    0.3424    0.2346        0.0669    0.0055  249.0183
    0.1570    0.3541    0.1377    0.0934    0.0785    0.0928    0.0001    0.3772    0.2357        0.0890    0.0148  312.0926
    0.1545    0.3473    0.1253    0.0020    0.0772    0.1092    0.0001    0.3498    0.2230        0.0783   -0.0044  306.9400
    0.1672    0.3498    0.1717    0.0002    0.0836    0.1061    0.0001    0.4332    0.2995        0.1025    0.0070  241.9287
    0.1655    0.3558    0.1740    0.0002    0.0828    0.1227    0.0001    0.4424    0.3043        0.1139   -0.0111  240.4053
    0.1589    0.3681    0.1889    0.1407    0.0795    0.0959    0.0001    0.4517    0.2863        0.0879    0.0102  220.1794
    0.1563    0.3533    0.1593    0.0272    0.0781    0.0958    0.0001    0.4170    0.2582        0.1219    0.0101  210.0471
    0.1793    0.3519    0.2007    0.1317    0.0896    0.0992    0.0001    0.4724    0.3088        0.1039    0.0085  320.5405
    0.1726    0.3436    0.1841    0.0127    0.0863    0.1129    0.0001    0.4395    0.2878        0.1022   -0.0122  315.0486
    0.1598    0.3359    0.1220    0.0795    0.0799    0.0586    0.0001    0.3770    0.2212        0.0849    0.0104  286.8242
    0.1713    0.3547    0.1957    0.1038    0.0856    0.1084    0.0001    0.4886    0.3035        0.1271    0.0259  279.7070
    0.1690    0.3610    0.2135    0.1109    0.0845    0.1093    0.0001    0.5016    0.2807        0.1104    0.0062  270.9437
    0.1615    0.3499    0.1751    0.0004    0.0808    0.1042    0.0001    0.4238    0.2549        0.1077    0.0129  264.9443
    0.1696    0.3653    0.2085    0.1034    0.0848    0.1203    0.0001    0.4588    0.2696        0.1248    0.0053  334.9657
    0.1654    0.3517    0.1801    0.0244    0.0827    0.1078    0.0001    0.4091    0.2383        0.1015    0.0006  332.9342
    0.1453    0.3564    0.1044    0.0243    0.0727    0.1265    0.0001    0.3330    0.1654        0.0830    0.0018  287.6603
    0.1553    0.3591    0.1483    0.0172    0.0777    0.1173    0.0001    0.3747    0.2479        0.0817   -0.0135  276.7262
    0.1495    0.3539    0.1137    0.0518    0.0748    0.0895    0.0001    0.3754    0.1995        0.0889    0.0094  254.5709
    0.1673    0.3578    0.1933    0.0399    0.0836    0.1019    0.0001    0.4673    0.3005        0.0915    0.0083  244.6968
    0.1691    0.3669    0.2162    0.1512    0.0846    0.0760    0.0001    0.4777    0.2966        0.1067    0.0138  231.8063
    0.1479    0.3564    0.1363    0.0365    0.0740    0.0808    0.0001    0.3717    0.2251        0.0814    0.0019  221.6869
    0.1560    0.3725    0.1795    0.1112    0.0780    0.1234    0.0001    0.4431    0.2483        0.1128    0.0102  249.4077
    0.1557    0.3613    0.1760    0.0031    0.0778    0.1213    0.0001    0.4083    0.2448        0.1225   -0.0086  244.4773
    0.1602    0.3348    0.1300    0.0194    0.0801    0.0548    0.0001    0.3726    0.2290        0.0871    0.0080  284.4807
    0.1685    0.3425    0.1736    0.0212    0.0842    0.0868    0.0001    0.4300    0.2753        0.1076    0.0027  282.3258
    0.1625    0.3537    0.1517    0.1207    0.0812    0.0949    0.0001    0.4264    0.2438        0.1051    0.0133  258.8393
    0.1580    0.3547    0.1579    0.0023    0.0790    0.1335    0.0001    0.4143    0.2674        0.0764    0.0011  248.4716
    0.1552    0.3331    0.1047    0.0645    0.0776    0.0345    0.0001    0.3399    0.1918        0.0917    0.0029  312.4514
    0.1668    0.3411    0.1706    0.0002    0.0834    0.0882    0.0001    0.4191    0.2590        0.0917    0.0035  304.6053
    0.1501    0.3654    0.1354    0.0648    0.0750    0.1216    0.0001    0.4178    0.2159        0.0876    0.0081  257.6852
    0.1516    0.3642    0.1405    0.0575    0.0758    0.1203    0.0001    0.4077    0.2561        0.0652    0.0083  253.0730
    0.1644    0.3698    0.1990    0.1141    0.0822    0.1277    0.0001    0.4549    0.2858        0.1244    0.0103  293.6609
    0.1595    0.3663    0.1904    0.0510    0.0798    0.1437    0.0001    0.4256    0.2668        0.1246   -0.0123  290.2961
    0.1584    0.3605    0.1449    0.1251    0.0792    0.0565    0.0001    0.4037    0.2353        0.0743    0.0146  300.5874
    0.1614    0.3447    0.1472    0.0460    0.0807    0.0499    0.0001    0.3826    0.2315        0.0992    0.0266  295.7811
    0.1659    0.3556    0.1968    0.1023    0.0829    0.1076    0.0001    0.4144    0.2668        0.1281    0.0019  333.5980
    0.1612    0.3443    0.1641    0.0579    0.0806    0.0924    0.0001    0.3726    0.2328        0.1112    0.0034  332.1147
    0.1638    0.3443    0.1575    0.0002    0.0819    0.0930    0.0001    0.3999    0.2496        0.0720    0.0130  295.5018
    0.1679    0.3524    0.1867    0.0002    0.0840    0.1221    0.0001    0.4482    0.2752        0.0905   -0.0003  293.2003
    0.1646    0.3678    0.2011    0.1127    0.0823    0.1281    0.0001    0.4868    0.2871        0.0916    0.0156  264.1877
    0.1570    0.3500    0.1513    0.0275    0.0785    0.1068    0.0001    0.3922    0.2499        0.0940   -0.0377  251.4212
    0.1752    0.3759    0.2216    0.1542    0.0876    0.0971    0.0001    0.5145    0.2845        0.1374    0.0092  300.7381
    0.1747    0.3604    0.2118    0.0177    0.0873    0.1117    0.0001    0.4693    0.2737        0.1589    0.0125  295.2517
    0.1724    0.3594    0.2037    0.1102    0.0862    0.0874    0.0001    0.4925    0.2811        0.0976    0.0077  270.8924
    0.1656    0.3566    0.1915    0.0041    0.0828    0.1064    0.0001    0.4595    0.2778        0.0958    0.0091  265.2883
    0.1655    0.3486    0.1831    0.0436    0.0828    0.0972    0.0001    0.4150    0.2679        0.1113    0.0103  317.1589
    0.1596    0.3419    0.1470    0.0293    0.0798    0.0797    0.0001    0.3702    0.2453        0.0735    0.0028  314.5607
    0.1761    0.3578    0.2243    0.0407    0.0880    0.1209    0.0001    0.5044    0.2966        0.1330    0.0118  307.0679
    0.1754    0.3540    0.2163    0.0010    0.0877    0.1180    0.0001    0.4921    0.2894        0.1288   -0.0077  306.1740
    0.1740    0.3645    0.2093    0.1265    0.0870    0.1103    0.0001    0.4833    0.2594        0.1393    0.0028  322.2657
    0.1662    0.3511    0.1780    0.0461    0.0831    0.1059    0.0001    0.4199    0.2437        0.1262   -0.0276  317.3003
    0.1466    0.3688    0.1280    0.0668    0.0733    0.1290    0.0001    0.3748    0.2269        0.0989    0.0082  254.0169
    0.1555    0.3544    0.1452    0.0035    0.0778    0.1070    0.0001    0.4017    0.2428        0.0838   -0.0200  246.2040
    0.1632    0.3399    0.1359    0.0743    0.0816    0.0736    0.0001    0.3827    0.2265        0.0954    0.0108  301.4506
    0.1640    0.3447    0.1546    0.0117    0.0820    0.1093    0.0001    0.4009    0.2423        0.1189    0.0237  296.8697
    0.1666    0.3522    0.1819    0.0794    0.0833    0.1209    0.0001    0.4470    0.2897        0.0679    0.0240  274.7288
    0.1617    0.3432    0.1547    0.0383    0.0809    0.0944    0.0001    0.3993    0.2559        0.0919    0.0437  269.0619
    0.1580    0.3762    0.1926    0.1238    0.0790    0.1244    0.0001    0.4817    0.2703        0.1478    0.0089  237.6204
    0.1565    0.3575    0.1629    0.0087    0.0782    0.1164    0.0001    0.4155    0.2583        0.1156   -0.0040  233.0942
    0.1627    0.3524    0.1733    0.0716    0.0814    0.0772    0.0001    0.3909    0.2996        0.1089    0.0098  229.3151
    0.1597    0.3545    0.1688    0.0026    0.0798    0.1036    0.0001    0.3950    0.2876        0.1253    0.0179  225.9331
    0.1671    0.3482    0.1602    0.0793    0.0836    0.0926    0.0001    0.4137    0.2766        0.0703    0.0167  321.5246
    0.1715    0.3363    0.1616    0.0011    0.0858    0.0730    0.0001    0.4082    0.2645        0.0994    0.0037  317.2399
    0.1659    0.3489    0.1713    0.1034    0.0830    0.0741    0.0001    0.4107    0.2471        0.0948    0.0155  344.9745
    0.1684    0.3387    0.1728    0.0002    0.0842    0.0819    0.0001    0.4021    0.2464        0.0922    0.0133  342.8335
    0.1654    0.3667    0.2273    0.1126    0.0827    0.1030    0.0001    0.4530    0.2853        0.0864    0.0162  278.8798
    0.1629    0.3615    0.2133    0.0648    0.0814    0.1072    0.0001    0.4449    0.2792        0.1180   -0.0079  273.3679
    0.1541    0.3618    0.1698    0.0463    0.0770    0.1425    0.0001    0.4317    0.2691        0.1262    0.0223  218.8491
    0.1448    0.3508    0.1126    0.0218    0.0724    0.1086    0.0001    0.3419    0.2077        0.0995    0.0139  213.8394
    0.1628    0.3777    0.2046    0.1202    0.0814    0.1299    0.0001    0.5108    0.3079        0.1225    0.0110  229.0302
    0.1583    0.3591    0.1678    0.0483    0.0791    0.1060    0.0001    0.4357    0.2684        0.1103   -0.0033  226.0340
    0.1547    0.3683    0.1684    0.1110    0.0773    0.1119    0.0001    0.4390    0.2675        0.0913    0.0096  243.9998
    0.1547    0.3502    0.1506    0.0011    0.0773    0.0975    0.0001    0.3847    0.2496        0.1003   -0.0128  238.1100
    0.1536    0.3586    0.1352    0.0973    0.0768    0.0744    0.0001    0.3983    0.2064        0.0957    0.0072  269.5365
    0.1555    0.3584    0.1575    0.0289    0.0778    0.1051    0.0001    0.4115    0.2436        0.0743    0.0081  262.9935
    0.1613    0.3794    0.2083    0.1381    0.0807    0.1261    0.0001    0.4808    0.3070        0.1174    0.0103  220.0908
    0.1531    0.3575    0.1539    0.0003    0.0766    0.1145    0.0001    0.3936    0.2464        0.1228    0.0150  211.2991
    0.1758    0.3713    0.2537    0.1266    0.0879    0.1231    0.0001    0.4986    0.3478        0.1284    0.0087  278.0237
    0.1620    0.3558    0.1886    0.0171    0.0810    0.1064    0.0001    0.4218    0.2710        0.1018   -0.0166  272.1014
    0.1582    0.3684    0.1883    0.0975    0.0791    0.1227    0.0001    0.4620    0.2676        0.1025    0.0064  281.7832
    0.1521    0.3518    0.1416    0.0026    0.0760    0.1057    0.0001    0.3914    0.2093        0.0891    0.0088  276.9751
    0.1676    0.3723    0.1986    0.1221    0.0838    0.1051    0.0001    0.4710    0.2897        0.1187    0.0095  293.8313
    0.1685    0.3757    0.2011    0.1355    0.0842    0.1091    0.0001    0.4842    0.3032        0.1193   -0.0078  293.0670
    0.1670    0.3529    0.1721    0.0998    0.0835    0.0861    0.0001    0.3961    0.2796        0.0959    0.0128  298.3710
    0.1634    0.3523    0.1620    0.0953    0.0817    0.0746    0.0001    0.3886    0.2751        0.1083   -0.0016  296.8524
    0.1564    0.3600    0.1340    0.0748    0.0782    0.1717    0.0001    0.3719    0.2440        0.0526    0.0015  347.0371
    0.1593    0.3376    0.1206    0.0002    0.0797    0.0950    0.0001    0.3491    0.2242        0.0642    0.0021  336.3014
    0.1622    0.3753    0.1784    0.1350    0.0811    0.1313    0.0001    0.4333    0.3068        0.0967    0.0099  271.8669
    0.1631    0.3617    0.1748    0.0471    0.0816    0.1345    0.0001    0.4058    0.2906        0.1382   -0.0126  263.8112
    0.1506    0.3577    0.1078    0.1121    0.0753    0.0534    0.0001    0.3574    0.2020        0.0721    0.0073  275.8317
    0.1658    0.3442    0.1622    0.0002    0.0829    0.0609    0.0001    0.3921    0.2643        0.1430   -0.0024  258.4959
    0.1661    0.3721    0.2209    0.0776    0.0830    0.1379    0.0001    0.5272    0.2927        0.1245    0.0015  271.4105
    0.1520    0.3460    0.1303    0.0005    0.0760    0.0741    0.0001    0.3783    0.2087        0.0829    0.0022  260.8534
    0.1515    0.3450    0.1094    0.0740    0.0757    0.0841    0.0001    0.3326    0.2091        0.0757    0.0063  298.7959
    0.1609    0.3434    0.1548    0.0042    0.0805    0.1013    0.0001    0.3838    0.2444        0.1097   -0.0070  293.7318
    0.1612    0.3460    0.1436    0.0625    0.0806    0.0842    0.0001    0.3582    0.2585        0.0783    0.0056  319.0580
    0.1657    0.3515    0.1752    0.0079    0.0829    0.1143    0.0001    0.3950    0.2881        0.0911   -0.0130  315.1831
    0.1652    0.3544    0.1691    0.1070    0.0826    0.0791    0.0001    0.4373    0.2219        0.1140    0.0117  274.5625
    0.1741    0.3587    0.2188    0.0035    0.0870    0.1158    0.0001    0.4944    0.2788        0.1605    0.0140  263.5779
    0.1442    0.3674    0.1129    0.0943    0.0721    0.0995    0.0001    0.3726    0.1960        0.0789    0.0105  259.5016
    0.1469    0.3588    0.1174    0.0545    0.0735    0.0999    0.0001    0.3510    0.2077        0.0815    0.0198  257.1644
    0.1692    0.3698    0.2227    0.1210    0.0846    0.1308    0.0001    0.4736    0.2701        0.1051    0.0104  365.0468
    0.1626    0.3510    0.1744    0.0237    0.0813    0.1115    0.0001    0.4084    0.2118        0.0996   -0.0067  359.4178
    0.1711    0.3744    0.2375    0.1093    0.0855    0.1224    0.0001    0.5421    0.3577        0.1613    0.0066  207.3773
    0.1678    0.3554    0.1969    0.0056    0.0839    0.0949    0.0001    0.4639    0.3132        0.1293   -0.0362  201.2389
    0.1679    0.3528    0.1649    0.1217    0.0839    0.0735    0.0001    0.4634    0.2787        0.0818    0.0089  313.4442
    0.1580    0.3508    0.1320    0.0926    0.0790    0.0814    0.0001    0.3926    0.2425        0.0594    0.0232  309.0343
    0.1611    0.3501    0.1432    0.0474    0.0806    0.0832    0.0001    0.4129    0.2246        0.1385    0.0170  246.6019
    0.1689    0.3582    0.1923    0.0142    0.0844    0.1122    0.0001    0.4715    0.2976        0.1311   -0.0043  239.5884
    0.1412    0.3523    0.0602    0.0919    0.0706    0.0844    0.0001    0.2901    0.1951        0.0582    0.0091  277.4770
    0.1537    0.3352    0.1094    0.0018    0.0769    0.0527    0.0001    0.3363    0.2236        0.0996   -0.0028  262.0646
    0.1815    0.3549    0.2069    0.1348    0.0908    0.0852    0.0001    0.4872    0.2872        0.1183    0.0130  340.6415
    0.1673    0.3351    0.1456    0.0034    0.0837    0.0660    0.0001    0.3796    0.2348        0.0880   -0.0123  333.4133
    0.1545    0.3720    0.1623    0.0959    0.0772    0.1168    0.0001    0.4124    0.2726        0.0940    0.0045  231.4934
    0.1632    0.3652    0.1905    0.0111    0.0816    0.1286    0.0001    0.4292    0.3050        0.1397    0.0353  224.4607
    0.1653    0.3634    0.1753    0.0720    0.0827    0.1498    0.0001    0.4238    0.2682        0.1324    0.0129  336.7068
    0.1589    0.3356    0.1146    0.0016    0.0794    0.0580    0.0001    0.3392    0.2102        0.0877    0.0042  326.4728
    0.1624    0.3578    0.1646    0.0785    0.0812    0.0940    0.0001    0.4173    0.2409        0.0875    0.0132  315.4180
    0.1703    0.3540    0.1902    0.0005    0.0852    0.1057    0.0001    0.4421    0.2656        0.1061    0.0068  313.3723
    0.1665    0.3553    0.2045    0.0873    0.0833    0.1025    0.0001    0.4094    0.2843        0.1028    0.0093  298.2994
    0.1677    0.3473    0.1972    0.0017    0.0838    0.1014    0.0001    0.4052    0.2676        0.1431   -0.0278  290.9758
    0.1651    0.3729    0.1753    0.1699    0.0826    0.0817    0.0001    0.4589    0.2382        0.1289    0.0135  284.0838
    0.1578    0.3577    0.1534    0.0462    0.0789    0.0979    0.0001    0.4085    0.2514        0.0721    0.0034  266.3333
    0.1536    0.3621    0.1203    0.1187    0.0768    0.0657    0.0001    0.3835    0.2213        0.1057    0.0034  277.4579
    0.1481    0.3571    0.1013    0.0734    0.0740    0.0786    0.0001    0.3513    0.2121        0.0823    0.0004  274.5297
