    0.1545    0.3719    0.1677    0.1058    0.0773    0.1211    0.0001    0.4369    0.2749        0.0831    0.0082  242.1388
    0.1534    0.3629    0.1578    0.0291    0.0767    0.1287    0.0001    0.4060    0.2630        0.0826    0.0008  239.2187
    0.1675    0.3441    0.1612    0.0744    0.0837    0.0596    0.0001    0.3757    0.2446        0.0804    0.0105  341.0375
    0.1671    0.3460    0.1742    0.0020    0.0836    0.0847    0.0001    0.3905    0.2421        0.1173   -0.0061  335.8477
    0.1592    0.3552    0.1582    0.0878    0.0796    0.0890    0.0001    0.4139    0.2557        0.0939    0.0098  271.1983
    0.1569    0.3459    0.1382    0.0274    0.0784    0.0844    0.0001    0.3709    0.2398        0.1015    0.0071  269.3530
    0.1545    0.3451    0.1295    0.0671    0.0773    0.0463    0.0001    0.3692    0.2128        0.0906    0.0114  258.2208
    0.1581    0.3418    0.1414    0.0012    0.0790    0.0652    0.0001    0.3779    0.2367        0.0926   -0.0244  252.1261
    0.1569    0.3415    0.1235    0.0857    0.0785    0.0856    0.0001    0.3748    0.2261        0.0475    0.0046  311.4341
    0.1607    0.3361    0.1393    0.0047    0.0803    0.0823    0.0001    0.3813    0.2352        0.0775    0.0057  306.1740
    0.1742    0.3645    0.2029    0.1463    0.0871    0.1118    0.0001    0.4962    0.2963        0.1022    0.0192  336.6621
    0.1693    0.3491    0.1768    0.0497    0.0847    0.1128    0.0001    0.4444    0.2711        0.0780   -0.0316  328.0759
    0.1831    0.3476    0.2069    0.0602    0.0915    0.1159    0.0001    0.4549    0.2988        0.1341    0.0090  360.8704
    0.1695    0.3506    0.1746    0.0002    0.0848    0.1210    0.0001    0.4175    0.2712        0.0823    0.0093  355.4182
    0.1660    0.3705    0.1872    0.1033    0.0830    0.1083    0.0001    0.4607    0.3401        0.1288    0.0070  213.5160
    0.1610    0.3687    0.1616    0.1018    0.0805    0.0986    0.0001    0.4236    0.3175        0.1244   -0.0113  212.2819
    0.1702    0.3420    0.1705    0.0961    0.0851    0.0712    0.0001    0.4126    0.2271        0.1215    0.0123  370.2524
    0.1715    0.3389    0.1891    0.0123    0.0858    0.0993    0.0001    0.4247    0.2509        0.0893   -0.0085  364.0888
    0.1588    0.3495    0.1438    0.0927    0.0794    0.0771    0.0001    0.3925    0.2257        0.1195    0.0103  299.9273
    0.1684    0.3541    0.1870    0.0981    0.0842    0.0925    0.0001    0.4612    0.2837        0.1045   -0.0010  294.1353
    0.1690    0.3650    0.2127    0.1253    0.0845    0.1255    0.0001    0.4671    0.3038        0.1236    0.0080  321.0752
    0.1676    0.3452    0.1907    0.0015    0.0838    0.1110    0.0001    0.4048    0.2796        0.1183    0.0095  316.8657
    0.1530    0.3822    0.1953    0.1268    0.0765    0.1394    0.0001    0.4691    0.2468        0.0712    0.0124  264.6278
    0.1553    0.3563    0.1672    0.0289    0.0777    0.1120    0.0001    0.4113    0.2481        0.0984    0.0072  255.2745
    0.1535    0.3703    0.1458    0.1225    0.0768    0.0982    0.0001    0.4096    0.2512        0.1068    0.0128  293.4391
    0.1495    0.3544    0.1073    0.0741    0.0748    0.0780    0.0001    0.3543    0.2075        0.0885    0.0120  290.9766
    0.1727    0.3569    0.2212    0.0929    0.0863    0.1176    0.0001    0.5362    0.2920        0.1208    0.0063  286.4082
    0.1629    0.3331    0.1539    0.0018    0.0814    0.0565    0.0001    0.4162    0.2223        0.1038    0.0041  279.3568
    0.1537    0.3715    0.1688    0.1308    0.0769    0.1163    0.0001    0.4484    0.1996        0.1109    0.0126  299.0855
    0.1570    0.3517    0.1599    0.0593    0.0785    0.1042    0.0001    0.4046    0.2210        0.1120    0.0182  294.3827
    0.1642    0.3560    0.1891    0.0546    0.0821    0.1208    0.0001    0.4586    0.2592        0.1274    0.0070  339.2393
    0.1707    0.3517    0.1941    0.0109    0.0854    0.1292    0.0001    0.4314    0.2783        0.1076    0.0047  334.5049
    0.1548    0.3694    0.1644    0.0933    0.0774    0.1031    0.0001    0.4285    0.2620        0.1517    0.0110  224.1969
    0.1561    0.3713    0.1680    0.1057    0.0781    0.1194    0.0001    0.4256    0.2895        0.1339   -0.0187  218.9700
    0.1650    0.3661    0.2025    0.1124    0.0825    0.1011    0.0001    0.4646    0.2946        0.1227    0.0047  247.8618
    0.1567    0.3524    0.1574    0.0142    0.0784    0.0964    0.0001    0.4081    0.2377        0.0982   -0.0061  242.1478
    0.1560    0.3691    0.1674    0.0657    0.0780    0.1578    0.0001    0.4107    0.2550        0.1014    0.0105  295.3676
    0.1671    0.3554    0.1856    0.0057    0.0835    0.1335    0.0001    0.4360    0.2968        0.1008   -0.0004  290.5098
    0.1630    0.3545    0.1637    0.0889    0.0815    0.1024    0.0001    0.4316    0.2624        0.0935    0.0034  287.3625
    0.1564    0.3452    0.1332    0.0018    0.0782    0.0981    0.0001    0.3772    0.2270        0.0794    0.0043  284.7003
    0.1579    0.3541    0.1366    0.0804    0.0790    0.0908    0.0001    0.4098    0.2639        0.0863    0.0104  261.2891
    0.1549    0.3633    0.1460    0.0950    0.0774    0.1066    0.0001    0.4153    0.2870        0.0585   -0.0067  257.0951
    0.1559    0.3593    0.1712    0.1214    0.0779    0.1127    0.0001    0.4522    0.2612        0.0791    0.0029  272.7808
    0.1585    0.3524    0.1732    0.1102    0.0792    0.0962    0.0001    0.4421    0.2643        0.0930    0.0026  271.8694
    0.1534    0.3667    0.1683    0.1105    0.0767    0.1115    0.0001    0.3795    0.2458        0.1269    0.0088  257.4870
    0.1446    0.3645    0.1375    0.0309    0.0723    0.1377    0.0001    0.3513    0.2145        0.1004    0.0141  251.4641
    0.1600    0.3782    0.2090    0.1127    0.0800    0.1595    0.0001    0.5058    0.2929        0.1217    0.0027  252.4353
    0.1561    0.3570    0.1604    0.0682    0.0780    0.1181    0.0001    0.4271    0.2530        0.1046    0.0034  249.6398
    0.1580    0.3740    0.1814    0.1553    0.0790    0.1319    0.0001    0.4502    0.2900        0.0914    0.0146  285.5080
    0.1562    0.3398    0.1360    0.0141    0.0781    0.1019    0.0001    0.3559    0.2512        0.0962   -0.0248  274.2312
    0.1567    0.3760    0.1880    0.1366    0.0783    0.1346    0.0001    0.4976    0.2634        0.1488    0.0088  234.9511
    0.1465    0.3591    0.1204    0.0737    0.0732    0.1156    0.0001    0.4096    0.1979        0.1074    0.0080  230.4436
    0.1684    0.3701    0.2227    0.1189    0.0842    0.1231    0.0001    0.5105    0.3158        0.1203    0.0098  248.4036
    0.1563    0.3481    0.1491    0.0004    0.0782    0.0898    0.0001    0.4050    0.2333        0.1069   -0.0112  240.8897
    0.1616    0.3812    0.1855    0.1108    0.0808    0.1662    0.0001    0.4627    0.2304        0.1453    0.0084  307.4541
    0.1656    0.3507    0.1673    0.0019    0.0828    0.0723    0.0001    0.4192    0.2579        0.0924   -0.0008  281.5135
    0.1553    0.3656    0.1573    0.1331    0.0777    0.0933    0.0001    0.4117    0.2632        0.1056    0.0217  264.5180
    0.1617    0.3520    0.1721    0.0156    0.0808    0.1073    0.0001    0.3961    0.2826        0.1122    0.0235  257.1504
    0.1538    0.3780    0.1909    0.1317    0.0769    0.1374    0.0001    0.4353    0.2568        0.1271    0.0118  292.0724
    0.1518    0.3508    0.1456    0.0315    0.0759    0.1080    0.0001    0.3550    0.2199        0.1077    0.0336  285.7316
    0.1706    0.3512    0.1691    0.0828    0.0853    0.1313    0.0001    0.4478    0.2669        0.1073    0.0101  342.1407
    0.1641    0.3410    0.1365    0.0351    0.0821    0.1188    0.0001    0.3907    0.2364        0.0948    0.0023  340.6481
    0.1572    0.3701    0.1487    0.1120    0.0786    0.1449    0.0001    0.4221    0.2978        0.0678    0.0102  261.9746
    0.1604    0.3433    0.1371    0.0284    0.0802    0.0875    0.0001    0.3836    0.2630        0.0816   -0.0027  253.9961
    0.1674    0.3494    0.1676    0.1101    0.0837    0.0996    0.0001    0.4099    0.2445        0.0989    0.0159  352.4762
    0.1653    0.3450    0.1678    0.0702    0.0827    0.1092    0.0001    0.3874    0.2485        0.1059    0.0162  350.7371
    0.1610    0.3646    0.1939    0.0892    0.0805    0.1064    0.0001    0.4131    0.2609        0.0956    0.0121  299.5414
    0.1569    0.3578    0.1695    0.0576    0.0784    0.0971    0.0001    0.3877    0.2278        0.1040    0.0130  297.9120
    0.1666    0.3622    0.2158    0.0989    0.0833    0.1264    0.0001    0.4694    0.2986        0.1014    0.0120  276.6514
    0.1629    0.3476    0.1779    0.0023    0.0815    0.1089    0.0001    0.4054    0.2687        0.1157    0.0278  272.5897
    0.1528    0.3673    0.1339    0.1043    0.0764    0.1236    0.0001    0.3885    0.2628        0.1022    0.0070  279.3243
    0.1522    0.3671    0.1284    0.1093    0.0761    0.1168    0.0001    0.3888    0.2569        0.0888   -0.0029  278.5738
    0.1727    0.3496    0.1777    0.1114    0.0864    0.0879    0.0001    0.4559    0.2995        0.1510    0.0121  291.1797
    0.1738    0.3436    0.1770    0.0411    0.0869    0.1094    0.0001    0.4170    0.2912        0.1606    0.0115  287.7048
    0.1730    0.3590    0.2331    0.1248    0.0865    0.1002    0.0001    0.5576    0.3562        0.0835    0.0099  194.3795
    0.1537    0.3449    0.1465    0.0009    0.0768    0.1002    0.0001    0.4383    0.2540        0.0832    0.0110  184.8366
    0.1647    0.3583    0.1834    0.0988    0.0824    0.0968    0.0001    0.4527    0.2568        0.1164    0.0101  287.6785
    0.1561    0.3452    0.1385    0.0022    0.0781    0.0807    0.0001    0.3913    0.2130        0.0852    0.0112  283.2269
    0.1620    0.3733    0.2084    0.0905    0.0810    0.1430    0.0001    0.5214    0.2653        0.0867    0.0056  268.0311
    0.1674    0.3574    0.2043    0.0221    0.0837    0.1201    0.0001    0.4786    0.2830        0.0973    0.0058  264.3699
    0.1575    0.3545    0.1597    0.1083    0.0788    0.0977    0.0001    0.4119    0.2142        0.0875    0.0138  324.2004
    0.1604    0.3491    0.1711    0.0055    0.0802    0.1251    0.0001    0.4050    0.2422        0.0971   -0.0106  316.5710
    0.1547    0.3430    0.1111    0.0774    0.0773    0.0659    0.0001    0.3607    0.2123        0.0859    0.0091  300.0057
    0.1635    0.3580    0.1685    0.1009    0.0818    0.1082    0.0001    0.4416    0.2878        0.0909    0.0032  294.1970
    0.1679    0.3613    0.2078    0.1254    0.0840    0.1034    0.0001    0.4566    0.2896        0.0677    0.0134  328.7503
    0.1621    0.3541    0.1746    0.0946    0.0810    0.0973    0.0001    0.4210    0.2539        0.0727    0.0305  326.8100
    0.1766    0.3655    0.2094    0.1394    0.0883    0.1016    0.0001    0.4834    0.3125        0.1256    0.0104  338.9866
    0.1638    0.3446    0.1401    0.0636    0.0819    0.0647    0.0001    0.3818    0.2402        0.0837    0.0040  333.3644
    0.1651    0.3775    0.2218    0.1224    0.0825    0.1232    0.0001    0.5086    0.3391        0.1340    0.0119  223.0672
    0.1569    0.3556    0.1613    0.0002    0.0784    0.0974    0.0001    0.4076    0.2744        0.1087   -0.0111  215.7923
    0.1679    0.3816    0.2489    0.0967    0.0839    0.1518    0.0001    0.6232    0.3102        0.1404    0.0036  201.6338
    0.1685    0.3605    0.2112    0.0021    0.0842    0.1202    0.0001    0.5087    0.3242        0.1216    0.0033  192.9917
    0.1721    0.3599    0.1753    0.1136    0.0860    0.1184    0.0001    0.4751    0.2668        0.0902    0.0115  317.8217
    0.1633    0.3440    0.1397    0.0683    0.0816    0.0806    0.0001    0.4058    0.2337        0.0970    0.0069  312.8091
    0.1633    0.3590    0.1708    0.1074    0.0816    0.1124    0.0001    0.4037    0.2708        0.1013    0.0092  336.6851
    0.1599    0.3459    0.1501    0.0002    0.0800    0.1083    0.0001    0.3648    0.2428        0.0771   -0.0092  333.1529
    0.1569    0.3732    0.1572    0.1258    0.0784    0.1168    0.0001    0.4432    0.2569        0.1272    0.0126  247.8886
    0.1576    0.3652    0.1580    0.0768    0.0788    0.1239    0.0001    0.4215    0.2610        0.1348   -0.0274  242.2845
    0.1519    0.3747    0.1593    0.1312    0.0759    0.1248    0.0001    0.4192    0.2576        0.1104    0.0084  270.9690
    0.1468    0.3570    0.1178    0.0740    0.0734    0.1029    0.0001    0.3499    0.2245        0.0817    0.0090  267.5524
    0.1609    0.3521    0.1587    0.0568    0.0804    0.1042    0.0001    0.4012    0.2200        0.1211    0.0194  320.8179
    0.1614    0.3526    0.1541    0.0675    0.0807    0.1092    0.0001    0.4080    0.2178        0.1232    0.0066  319.9939
    0.1653    0.3703    0.2164    0.1113    0.0827    0.1344    0.0001    0.5194    0.2955        0.0656    0.0161  288.3737
    0.1631    0.3627    0.2016    0.0003    0.0815    0.1462    0.0001    0.4886    0.2678        0.0828    0.0157  284.4460
    0.1706    0.3504    0.2270    0.0701    0.0853    0.0989    0.0001    0.4403    0.2948        0.1010    0.0127  319.0943
    0.1722    0.3513    0.2363    0.0034    0.0861    0.1151    0.0001    0.4511    0.3054        0.1095   -0.0215  316.7921
    0.1627    0.3415    0.1617    0.1034    0.0813    0.0619    0.0001    0.3630    0.2430        0.1034    0.0070  327.3038
    0.1566    0.3303    0.1286    0.0223    0.0783    0.0695    0.0001    0.3286    0.2073        0.0981   -0.0094  321.8596
    0.1582    0.3624    0.1738    0.1317    0.0791    0.1154    0.0001    0.4355    0.2669        0.1170    0.0058  271.6183
    0.1570    0.3478    0.1680    0.0004    0.0785    0.1284    0.0001    0.3938    0.2572        0.1116   -0.0106  268.1724
    0.1702    0.3641    0.1903    0.1322    0.0851    0.0897    0.0001    0.4593    0.2847        0.1184    0.0095  288.3179
    0.1690    0.3542    0.1876    0.0230    0.0845    0.1070    0.0001    0.4343    0.2765        0.1254   -0.0142  283.7905
    0.1605    0.3714    0.1891    0.1451    0.0803    0.1093    0.0001    0.4547    0.2770        0.1091    0.0122  283.1691
    0.1615    0.3602    0.1803    0.1028    0.0807    0.1072    0.0001    0.4293    0.2644        0.1343    0.0231  280.3916
    0.1520    0.3668    0.1359    0.0975    0.0760    0.1170    0.0001    0.3943    0.2203        0.1331    0.0095  273.0301
    0.1508    0.3728    0.1346    0.1208    0.0754    0.1144    0.0001    0.4011    0.2249        0.1268   -0.0213  270.0897
    0.1682    0.3513    0.1554    0.0927    0.0841    0.1207    0.0001    0.4036    0.2583        0.1214    0.0136  374.7194
    0.1692    0.3458    0.1549    0.0798    0.0846    0.1136    0.0001    0.3975    0.2618        0.1050   -0.0202  371.0268
    0.1550    0.3897    0.2005    0.1549    0.0775    0.1336    0.0001    0.4728    0.2770        0.0976    0.0082  251.7949
    0.1522    0.3757    0.1769    0.0937    0.0761    0.1327    0.0001    0.4284    0.2612        0.1049    0.0104  248.5773
    0.1641    0.3583    0.1758    0.1163    0.0820    0.0984    0.0001    0.4252    0.2562        0.0892    0.0110  326.3226
    0.1613    0.3437    0.1562    0.0015    0.0806    0.1004    0.0001    0.3809    0.2378        0.0774    0.0046  323.0978
    0.1655    0.3603    0.1873    0.0999    0.0827    0.0809    0.0001    0.4821    0.3003        0.1110   -0.0013  182.6806
    0.1565    0.3581    0.1652    0.0012    0.0783    0.1004    0.0001    0.4349    0.2789        0.1103   -0.0019  177.0910
    0.1720    0.3590    0.1864    0.1142    0.0860    0.1124    0.0001    0.4665    0.2644        0.1120    0.0088  334.2330
    0.1712    0.3526    0.1839    0.0095    0.0856    0.1305    0.0001    0.4475    0.2690        0.1063    0.0067  330.6949
    0.1613    0.3587    0.1835    0.1231    0.0807    0.0716    0.0001    0.4400    0.2689        0.0916    0.0106  226.9690
    0.1547    0.3614    0.1619    0.0834    0.0774    0.1050    0.0001    0.4382    0.2634        0.1111   -0.0132  220.9419
    0.1621    0.3760    0.1937    0.1002    0.0810    0.1317    0.0001    0.4945    0.2751        0.1465    0.0111  258.9366
    0.1633    0.3572    0.1724    0.0005    0.0816    0.1078    0.0001    0.4301    0.2876        0.1047   -0.0080  251.5371
    0.1502    0.3602    0.1260    0.0318    0.0751    0.1318    0.0001    0.3849    0.2069        0.0812    0.0152  286.6211
    0.1646    0.3482    0.1666    0.0176    0.0823    0.0796    0.0001    0.4233    0.2505        0.1176    0.0206  276.2340
    0.1597    0.3550    0.1548    0.0909    0.0798    0.0941    0.0001    0.4144    0.2300        0.1080    0.0098  307.0793
    0.1620    0.3588    0.1704    0.0914    0.0810    0.1091    0.0001    0.4388    0.2504        0.1096    0.0009  306.4346
    0.1486    0.3617    0.1171    0.1052    0.0743    0.1042    0.0001    0.3795    0.2278        0.0900    0.0088  252.8615
    0.1552    0.3583    0.1432    0.0840    0.0776    0.1119    0.0001    0.4186    0.2526        0.0970   -0.0123  249.6689
    0.1586    0.3620    0.1655    0.0757    0.0793    0.1207    0.0001    0.4315    0.2571        0.1044    0.0134  259.1695
    0.1582    0.3558    0.1656    0.0052    0.0791    0.1213    0.0001    0.4223    0.2508        0.1059   -0.0073  257.2364
    0.1706    0.3609    0.1962    0.1412    0.0853    0.0989    0.0001    0.4539    0.2824        0.0972    0.0105  319.4932
    0.1724    0.3655    0.2303    0.1186    0.0862    0.1203    0.0001    0.4971    0.3139        0.1181   -0.0094  316.7499
    0.1623    0.3563    0.1850    0.0898    0.0811    0.1321    0.0001    0.4337    0.2552        0.1489    0.0073  294.2258
    0.1588    0.3456    0.1622    0.0018    0.0794    0.1264    0.0001    0.3952    0.2199        0.1413    0.0121  291.6603
    0.1474    0.3616    0.1403    0.0354    0.0737    0.1338    0.0001    0.4047    0.2391        0.1018    0.0094  200.2967
    0.1503    0.3596    0.1584    0.0029    0.0751    0.1264    0.0001    0.4099    0.2504        0.1149    0.0125  198.9338
    0.1559    0.3383    0.1308    0.0764    0.0779    0.0928    0.0001    0.3301    0.2094        0.1011    0.0138  331.6826
    0.1633    0.3464    0.1779    0.0252    0.0817    0.1295    0.0001    0.3865    0.2592        0.1205   -0.0123  323.8332
    0.1731    0.3537    0.2159    0.0941    0.0866    0.0845    0.0001    0.4609    0.3199        0.0986    0.0039  268.7185
    0.1649    0.3485    0.1850    0.0013    0.0824    0.0946    0.0001    0.4258    0.2836        0.0893    0.0043  265.5972
    0.1555    0.3709    0.1668    0.1065    0.0778    0.1182    0.0001    0.4233    0.2690        0.1219    0.0019  244.5713
    0.1579    0.3511    0.1513    0.0261    0.0789    0.0961    0.0001    0.3836    0.2510        0.1185    0.0011  242.4840
    0.1633    0.3566    0.1910    0.0741    0.0816    0.1066    0.0001    0.4869    0.2414        0.1167    0.0134  294.3089
    0.1644    0.3425    0.1757    0.0002    0.0822    0.0834    0.0001    0.4435    0.2392        0.0904    0.0121  291.4287
    0.1684    0.3638    0.2100    0.1160    0.0842    0.1160    0.0001    0.5315    0.3148        0.0987    0.0044  248.6326
    0.1622    0.3527    0.1707    0.0850    0.0811    0.0965    0.0001    0.4610    0.2792        0.0853   -0.0104  246.6961
    0.1579    0.3710    0.2219    0.1142    0.0789    0.1198    0.0001    0.4481    0.3110        0.0837    0.0117  259.9261
    0.1572    0.3631    0.2078    0.0865    0.0786    0.1138    0.0001    0.4239    0.2977        0.0842   -0.0364  256.0210
    0.1578    0.3461    0.1088    0.1055    0.0789    0.0952    0.0001    0.3722    0.2301        0.1112    0.0087  305.7313
    0.1576    0.3404    0.1131    0.0101    0.0788    0.1228    0.0001    0.3599    0.2284        0.1062   -0.0174  300.8728
    0.1659    0.3697    0.1706    0.1532    0.0829    0.1181    0.0001    0.4834    0.3029        0.1126    0.0163  242.6832
    0.1533    0.3665    0.1503    0.0178    0.0766    0.1495    0.0001    0.4242    0.2781        0.0882   -0.0130  227.4232
    0.1581    0.3517    0.1431    0.0931    0.0790    0.0737    0.0001    0.3848    0.2362        0.0901    0.0096  289.2026
    0.1562    0.3446    0.1364    0.0017    0.0781    0.0885    0.0001    0.3606    0.2249        0.1026   -0.0113  283.9147
    0.1544    0.3753    0.1644    0.1335    0.0772    0.0975    0.0001    0.4340    0.2408        0.1171    0.0127  261.9272
    0.1543    0.3500    0.1374    0.0013    0.0772    0.0843    0.0001    0.3663    0.2364        0.0867   -0.0065  253.8531
    0.1656    0.3560    0.1823    0.0774    0.0828    0.1026    0.0001    0.4296    0.2975        0.0884    0.0159  283.2580
    0.1676    0.3492    0.1778    0.0354    0.0838    0.1023    0.0001    0.4206    0.2784        0.0983   -0.0093  280.7483
    0.1582    0.3642    0.1462    0.1198    0.0791    0.1254    0.0001    0.4134    0.2499        0.0994    0.0120  289.7611
    0.1555    0.3517    0.1380    0.0002    0.0777    0.1307    0.0001    0.3839    0.2408        0.0592   -0.0004  283.4187
    0.1638    0.3829    0.2190    0.0963    0.0819    0.1603    0.0001    0.5090    0.3102        0.1147    0.0097  277.8898
    0.1579    0.3681    0.1692    0.0011    0.0790    0.1489    0.0001    0.4318    0.2519        0.1114   -0.0003  273.0986
    0.1539    0.3503    0.1247    0.0821    0.0770    0.0892    0.0001    0.3484    0.2406        0.0725    0.0103  283.3948
    0.1696    0.3562    0.1930    0.0650    0.0848    0.1161    0.0001    0.4517    0.3240        0.0839    0.0088  276.2249
    0.1555    0.3680    0.1802    0.1081    0.0778    0.1099    0.0001    0.4448    0.2800        0.1364    0.0073  232.1336
    0.1530    0.3474    0.1367    0.0567    0.0765    0.0628    0.0001    0.3829    0.2262        0.1142    0.0118  225.4801
    0.1609    0.3755    0.2068    0.1306    0.0805    0.1296    0.0001    0.5039    0.2667        0.1026    0.0149  266.3798
    0.1581    0.3480    0.1639    0.0043    0.0791    0.0953    0.0001    0.4033    0.2445        0.0862    0.0097  257.9487
    0.1672    0.3404    0.1733    0.0669    0.0836    0.0988    0.0001    0.4033    0.2417        0.1115    0.0105  318.1165
    0.1649    0.3397    0.1631    0.0023    0.0825    0.1091    0.0001    0.4083    0.2375        0.1120    0.0000  315.9909
    0.1552    0.3700    0.1796    0.0999    0.0776    0.1292    0.0001    0.4721    0.2714        0.1020    0.0115  262.4191
    0.1552    0.3466    0.1442    0.0566    0.0776    0.0721    0.0001    0.3948    0.2395        0.0959    0.0002  257.6817
    0.1796    0.3532    0.2186    0.1418    0.0898    0.1070    0.0001    0.4881    0.2428        0.1652    0.0055  368.2259
    0.1764    0.3389    0.1974    0.0627    0.0882    0.1027    0.0001    0.4457    0.2788        0.0917   -0.0263  352.4090
    0.1636    0.3741    0.2065    0.1270    0.0818    0.1513    0.0001    0.5118    0.3510        0.1196    0.0028  205.9733
    0.1560    0.3587    0.1575    0.0789    0.0780    0.1268    0.0001    0.4226    0.2891        0.1188    0.0024  202.6881
    0.1617    0.3480    0.1300    0.1142    0.0809    0.0849    0.0001    0.3763    0.2216        0.0841    0.0078  352.4323
    0.1679    0.3452    0.1563    0.0820    0.0840    0.0992    0.0001    0.4043    0.2413        0.1069   -0.0054  349.6684
    0.1687    0.3554    0.2107    0.1214    0.0843    0.0713    0.0001    0.4354    0.3023        0.0745    0.0125  243.4453
    0.1645    0.3615    0.2215    0.0002    0.0823    0.1237    0.0001    0.4710    0.3198        0.1000    0.0038  231.9456
    0.1633    0.3380    0.1737    0.0594    0.0816    0.0643    0.0001    0.4190    0.2571        0.0708    0.0101  274.8961
    0.1554    0.3434    0.1577    0.0002    0.0777    0.0946    0.0001    0.3982    0.2334        0.0628   -0.0021  270.5288
    0.1618    0.3628    0.1444    0.1322    0.0809    0.0767    0.0001    0.4483    0.2498        0.1026    0.0226  249.9421
    0.1571    0.3455    0.1239    0.0003    0.0785    0.0764    0.0001    0.3898    0.2404        0.0900    0.0180  244.8305
    0.1665    0.3647    0.1846    0.1187    0.0832    0.1113    0.0001    0.4787    0.2660        0.1173    0.0052  302.8957
    0.1668    0.3625    0.1886    0.0920    0.0834    0.1160    0.0001    0.4750    0.2675        0.1135    0.0054  302.3986
    0.1730    0.3657    0.2176    0.1260    0.0865    0.0944    0.0001    0.4853    0.2859        0.1303    0.0141  345.8883
    0.1676    0.3604    0.1888    0.1068    0.0838    0.0886    0.0001    0.4416    0.2683        0.0831    0.0165  343.0390
    0.1558    0.3737    0.1521    0.1295    0.0779    0.1111    0.0001    0.4433    0.2611        0.0981    0.0062  262.8351
    0.1561    0.3430    0.1199    0.0102    0.0780    0.0666    0.0001    0.3488    0.2421        0.1014    0.0127  251.7205
