    0.1582    0.3626    0.1060    0.0783    0.0791    0.1261    0.0001    0.4327    0.2864        0.1137    0.0050  209.6320
    0.1498    0.3416    0.0234    0.0110    0.0749    0.0853    0.0001    0.3599    0.2261        0.0690    0.0017  192.6533
    0.1559    0.3665    0.1134    0.1267    0.0780    0.0778    0.0001    0.4537    0.2724        0.1404    0.0059  125.5056
    0.1534    0.3485    0.0911    0.0492    0.0767    0.0564    0.0001    0.4038    0.2409        0.1170   -0.0033  121.4205
    0.1675    0.3802    0.1539    0.1414    0.0837    0.1358    0.0001    0.5553    0.3367        0.1344    0.0048  169.8781
    0.1582    0.3613    0.1012    0.0601    0.0791    0.1252    0.0001    0.4515    0.2681        0.1129    0.0056  165.6828
    0.1750    0.3768    0.1502    0.1651    0.0875    0.1233    0.0001    0.5127    0.3417        0.1409    0.0015  239.7092
    0.1520    0.3495    0.0229    0.0512    0.0760    0.0902    0.0001    0.3555    0.2059        0.0830    0.0023  212.1118
    0.1696    0.3872    0.1514    0.1351    0.0848    0.1734    0.0001    0.5040    0.3555        0.1409    0.0065  214.5581
    0.1649    0.3592    0.1112    0.0015    0.0824    0.1256    0.0001    0.4177    0.2909        0.1252    0.0085  206.6894
    0.1441    0.3796    0.0256    0.0820    0.0721    0.1646    0.0001    0.4012    0.2220        0.1294    0.0005  132.5790
    0.1507    0.3607    0.0260    0.0678    0.0754    0.1101    0.0001    0.4033    0.2325        0.1115    0.0005  123.6768
    0.1652    0.3815    0.1174    0.1549    0.0826    0.1298    0.0001    0.5668    0.3157        0.0979    0.0063  184.9212
    0.1586    0.3567    0.0807    0.0322    0.0793    0.1165    0.0001    0.4493    0.2705        0.0881    0.0048  179.3603
    0.1716    0.3628    0.1289    0.0960    0.0858    0.0942    0.0001    0.4820    0.3360        0.1268    0.0040  153.3346
    0.1615    0.3519    0.0855    0.0004    0.0807    0.0924    0.0001    0.4120    0.2749        0.1111   -0.0021  148.6273
    0.1680    0.3797    0.1452    0.1201    0.0840    0.1187    0.0001    0.5011    0.3356        0.1206    0.0134  174.6531
    0.1585    0.3577    0.0828    0.0330    0.0792    0.0871    0.0001    0.4054    0.2561        0.0970    0.0135  168.7975
    0.1667    0.3705    0.0923    0.1409    0.0834    0.1036    0.0001    0.4486    0.2982        0.1054    0.0053  237.6918
    0.1602    0.3486    0.0428    0.0550    0.0801    0.0874    0.0001    0.3733    0.2448        0.0851   -0.0024  233.0123
    0.1682    0.3698    0.1235    0.1514    0.0841    0.0808    0.0001    0.5192    0.2746        0.1059    0.0061  182.8087
    0.1516    0.3504    0.0243    0.0002    0.0758    0.0956    0.0001    0.3760    0.2225        0.0950    0.0012  151.8792
    0.1841    0.3657    0.1564    0.1493    0.0920    0.0768    0.0001    0.5018    0.3403        0.1372    0.0056  244.4500
    0.1675    0.3520    0.0948    0.0390    0.0838    0.0883    0.0001    0.4201    0.2656        0.1101    0.0021  237.8334
    0.1705    0.3585    0.0994    0.1355    0.0852    0.0594    0.0001    0.4606    0.2740        0.0954   -0.0011  228.5797
    0.1585    0.3441    0.0675    0.0015    0.0793    0.0546    0.0001    0.3830    0.2295        0.0817   -0.0038  219.0100
    0.1709    0.3734    0.1235    0.1409    0.0855    0.1443    0.0001    0.4987    0.3023        0.0975    0.0075  245.3443
    0.1638    0.3552    0.0959    0.0008    0.0819    0.1460    0.0001    0.4180    0.2696        0.1062    0.0060  235.4557
    0.1571    0.3704    0.1015    0.0812    0.0786    0.1495    0.0001    0.4754    0.2732        0.1168    0.0063  196.4693
    0.1562    0.3585    0.0720    0.0891    0.0781    0.0940    0.0001    0.4277    0.2477        0.1067   -0.0007  191.4870
    0.1734    0.3734    0.1226    0.1693    0.0867    0.1203    0.0001    0.4645    0.3067        0.1334    0.0052  265.8664
    0.1665    0.3420    0.0836    0.0577    0.0832    0.0819    0.0001    0.3717    0.2487        0.1125    0.0075  260.0638
    0.1705    0.3549    0.1349    0.0943    0.0852    0.1039    0.0001    0.4217    0.3068        0.1452   -0.0001  219.1093
    0.1661    0.3441    0.0931    0.0002    0.0830    0.0826    0.0001    0.3878    0.2711        0.1199   -0.0001  211.7491
    0.1771    0.3990    0.1882    0.2251    0.0886    0.1243    0.0001    0.6213    0.4001        0.1148    0.0101  214.3047
    0.1566    0.3598    0.0762    0.0819    0.0783    0.0767    0.0001    0.4117    0.2637        0.0872    0.0081  200.1444
    0.1684    0.3608    0.1053    0.1133    0.0842    0.0883    0.0001    0.4357    0.2829        0.1182    0.0137  211.6731
    0.1652    0.3492    0.0899    0.0044    0.0826    0.0988    0.0001    0.4167    0.2611        0.1111   -0.0077  204.2711
    0.1767    0.3718    0.1325    0.1413    0.0883    0.1558    0.0001    0.4814    0.3257        0.1252    0.0025  305.2143
    0.1662    0.3372    0.0650    0.0034    0.0831    0.0927    0.0001    0.3622    0.2451        0.0938   -0.0090  292.3137
    0.1833    0.3575    0.1352    0.1284    0.0916    0.0799    0.0001    0.5156    0.3560        0.1205    0.0010  166.6898
    0.1654    0.3556    0.0975    0.0014    0.0827    0.0978    0.0001    0.4409    0.2747        0.1273    0.0005  153.8126
    0.1724    0.3838    0.1548    0.1675    0.0862    0.1110    0.0001    0.5516    0.3038        0.1103    0.0085  234.2584
    0.1568    0.3481    0.0579    0.0378    0.0784    0.0664    0.0001    0.3672    0.2193        0.0992   -0.0009  219.3962
    0.1624    0.3924    0.1189    0.1495    0.0812    0.1741    0.0001    0.5075    0.3125        0.0986    0.0041  226.2327
    0.1643    0.3514    0.0853    0.0529    0.0821    0.0984    0.0001    0.4095    0.2555        0.1126   -0.0102  213.0055
    0.1778    0.3755    0.1560    0.1915    0.0889    0.0892    0.0001    0.5404    0.3407        0.1382    0.0032  231.0086
    0.1593    0.3520    0.0737    0.0832    0.0797    0.0719    0.0001    0.4008    0.2454        0.1052    0.0032  222.8128
    0.1577    0.3762    0.1200    0.0731    0.0788    0.1638    0.0001    0.5051    0.2967        0.1027    0.0056  186.1679
    0.1537    0.3556    0.0687    0.0266    0.0769    0.1238    0.0001    0.4132    0.2507        0.0872    0.0048  181.3174
    0.1818    0.3733    0.1739    0.1483    0.0909    0.1060    0.0001    0.5824    0.3881        0.1435    0.0003  143.3680
    0.1644    0.3561    0.0827    0.0393    0.0822    0.1055    0.0001    0.4416    0.2857        0.1221    0.0004  131.6844
    0.1713    0.3714    0.1119    0.1558    0.0857    0.0877    0.0001    0.4669    0.2873        0.1254   -0.0030  216.0753
    0.1561    0.3519    0.0424    0.0186    0.0780    0.0820    0.0001    0.3693    0.2211        0.0980    0.0127  205.8671
    0.1788    0.3877    0.1999    0.1470    0.0894    0.1509    0.0001    0.5523    0.3963        0.1426    0.0093  219.1747
    0.1639    0.3529    0.1045    0.0073    0.0820    0.1040    0.0001    0.4001    0.2663        0.1145    0.0113  205.0540
    0.1752    0.3763    0.1576    0.1296    0.0876    0.1533    0.0001    0.5532    0.2945        0.1470    0.0043  246.1952
    0.1700    0.3569    0.1268    0.0658    0.0850    0.1238    0.0001    0.4568    0.2624        0.1401    0.0068  242.8217
    0.1734    0.3754    0.1520    0.1319    0.0867    0.1209    0.0001    0.5573    0.3274        0.1047    0.0096  224.3818
    0.1654    0.3538    0.1005    0.0686    0.0827    0.1085    0.0001    0.4352    0.2745        0.1021   -0.0126  210.6790
    0.1852    0.3772    0.1953    0.1538    0.0926    0.1349    0.0001    0.5662    0.3363        0.1419    0.0029  255.5643
    0.1593    0.3579    0.0892    0.0384    0.0796    0.1229    0.0001    0.3912    0.2324        0.1148   -0.0115  241.7384
    0.1539    0.3690    0.0894    0.1132    0.0769    0.0935    0.0001    0.4334    0.2531        0.1132    0.0049  177.4311
    0.1527    0.3572    0.0697    0.0705    0.0763    0.0941    0.0001    0.3990    0.2401        0.1047   -0.0039  175.4336
    0.1657    0.3550    0.0855    0.1098    0.0828    0.1140    0.0001    0.4558    0.2680        0.1090    0.0038  178.8713
    0.1610    0.3561    0.0829    0.0005    0.0805    0.1425    0.0001    0.4554    0.2623        0.1091    0.0037  174.5314
    0.1751    0.3746    0.1475    0.1287    0.0875    0.1579    0.0001    0.5413    0.2984        0.1443    0.0066  278.0443
    0.1651    0.3494    0.0797    0.0571    0.0826    0.0969    0.0001    0.4206    0.2310        0.1083   -0.0044  267.7999
    0.1787    0.3628    0.1537    0.1443    0.0894    0.0943    0.0001    0.5491    0.2863        0.1411    0.0082  180.4318
    0.1564    0.3522    0.0745    0.0008    0.0782    0.1088    0.0001    0.4097    0.2352        0.1140    0.0053  163.9343
    0.1580    0.3670    0.0937    0.1071    0.0790    0.1249    0.0001    0.4521    0.2822        0.1189    0.0090  183.1935
    0.1619    0.3435    0.0829    0.0059    0.0810    0.0972    0.0001    0.4144    0.2572        0.1066    0.0272  178.7496
    0.1712    0.3709    0.1262    0.1623    0.0856    0.1031    0.0001    0.4920    0.3058        0.1193    0.0065  227.0018
    0.1598    0.3555    0.0804    0.0820    0.0799    0.1035    0.0001    0.4079    0.2565        0.0989   -0.0040  222.2143
    0.1544    0.3795    0.1002    0.1194    0.0772    0.1004    0.0001    0.4703    0.2849        0.0770    0.0093  205.8937
    0.1555    0.3543    0.0447    0.0715    0.0778    0.0765    0.0001    0.3948    0.2268        0.0974    0.0108  191.6269
    0.1761    0.3582    0.1240    0.1329    0.0881    0.1216    0.0001    0.4498    0.2915        0.1581    0.0075  239.4443
    0.1632    0.3442    0.0699    0.0013    0.0816    0.1042    0.0001    0.3740    0.2348        0.1200    0.0060  231.1566
    0.1513    0.4002    0.1343    0.1292    0.0757    0.1379    0.0001    0.5364    0.3079        0.0908    0.0058  165.1426
    0.1493    0.3694    0.0814    0.0055    0.0747    0.1118    0.0001    0.4324    0.2255        0.0954    0.0002  155.1161
    0.1599    0.3707    0.0743    0.1244    0.0799    0.1291    0.0001    0.4105    0.2691        0.0943    0.0090  221.7770
    0.1612    0.3523    0.0740    0.0003    0.0806    0.1215    0.0001    0.3833    0.2582        0.1042    0.0026  216.7023
    0.1650    0.3782    0.1262    0.1248    0.0825    0.1240    0.0001    0.5266    0.2841        0.1387    0.0040  194.0389
    0.1597    0.3515    0.0796    0.0019    0.0798    0.0892    0.0001    0.4165    0.2288        0.1195    0.0058  187.2665
    0.1646    0.3734    0.1384    0.0657    0.0823    0.1541    0.0001    0.4739    0.3312        0.1061    0.0047  209.1235
    0.1572    0.3621    0.0896    0.0057    0.0786    0.1319    0.0001    0.4091    0.2583        0.0939    0.0260  202.1611
    0.1579    0.3760    0.0846    0.1215    0.0789    0.1146    0.0001    0.4347    0.2686        0.1095    0.0037  210.3602
    0.1575    0.3677    0.0823    0.0791    0.0787    0.1167    0.0001    0.4145    0.2611        0.1070    0.0029  209.1257
    0.1670    0.3786    0.1263    0.1517    0.0835    0.1166    0.0001    0.5358    0.3173        0.1256    0.0181  160.2549
    0.1588    0.3596    0.0948    0.0010    0.0794    0.1211    0.0001    0.4444    0.2745        0.1116    0.0131  153.5322
    0.1746    0.3672    0.1400    0.1232    0.0873    0.0913    0.0001    0.4656    0.3603        0.1133    0.0027  202.1432
    0.1506    0.3557    0.0230    0.0033    0.0753    0.1004    0.0001    0.3529    0.2233        0.0825    0.0041  179.8536
    0.1572    0.3960    0.1795    0.1591    0.0786    0.1232    0.0001    0.4983    0.3269        0.0776    0.0111  205.7985
    0.1607    0.3589    0.0940    0.0707    0.0804    0.0974    0.0001    0.4267    0.2749        0.0975    0.0093  188.3314
    0.1733    0.3739    0.1413    0.1571    0.0866    0.1238    0.0001    0.5349    0.3460        0.1336    0.0060  184.1062
    0.1630    0.3469    0.0875    0.0003    0.0815    0.1076    0.0001    0.4182    0.2722        0.1101   -0.0019  176.0241
    0.1708    0.3653    0.1239    0.0921    0.0854    0.1209    0.0001    0.4639    0.3175        0.1332    0.0053  206.5198
    0.1608    0.3507    0.0794    0.0129    0.0804    0.1012    0.0001    0.3969    0.2448        0.1148    0.0034  201.4044
    0.1703    0.3672    0.1303    0.1391    0.0852    0.1115    0.0001    0.4843    0.3431        0.1231    0.0039  195.3016
    0.1598    0.3408    0.0710    0.0021    0.0799    0.0778    0.0001    0.3762    0.2671        0.0947    0.0052  184.6296
    0.1675    0.3738    0.1129    0.0930    0.0837    0.1592    0.0001    0.4778    0.3092        0.1203    0.0011  232.0051
    0.1611    0.3499    0.0639    0.0002    0.0806    0.1087    0.0001    0.3940    0.2482        0.0927    0.0006  226.4946
    0.1751    0.3675    0.1612    0.1182    0.0876    0.0975    0.0001    0.5307    0.3174        0.1367    0.0065  140.9689
    0.1589    0.3690    0.1155    0.0685    0.0795    0.1210    0.0001    0.4599    0.2880        0.1274    0.0078  134.8600
    0.1675    0.4009    0.1393    0.1800    0.0838    0.1608    0.0001    0.5477    0.3392        0.1250    0.0123  261.3464
    0.1605    0.3407    0.0414    0.0085    0.0803    0.0702    0.0001    0.3599    0.2204        0.0907    0.0161  247.6295
    0.1725    0.3792    0.1613    0.1528    0.0863    0.1404    0.0001    0.5335    0.3212        0.1339    0.0128  232.8564
    0.1575    0.3589    0.0957    0.0242    0.0787    0.1373    0.0001    0.4065    0.2527        0.1047    0.0165  225.9919
    0.1690    0.3983    0.1631    0.1702    0.0845    0.1877    0.0001    0.5813    0.3482        0.1208    0.0019  250.8799
    0.1564    0.3460    0.0244    0.0002    0.0782    0.1307    0.0001    0.3791    0.2130        0.0779    0.0008  223.5303
    0.1551    0.3809    0.0952    0.1392    0.0776    0.1151    0.0001    0.4607    0.2655        0.0736    0.0191  202.6406
    0.1549    0.3653    0.0757    0.0678    0.0774    0.1289    0.0001    0.4186    0.2507        0.1010    0.0086  193.0151
    0.1657    0.3640    0.1097    0.1407    0.0828    0.0865    0.0001    0.4736    0.3000        0.0932    0.0045  223.0046
    0.1615    0.3489    0.0797    0.0666    0.0808    0.0845    0.0001    0.3999    0.2645        0.1012   -0.0004  218.4412
    0.1629    0.3704    0.1111    0.1406    0.0815    0.1202    0.0001    0.4717    0.2772        0.0931    0.0056  252.6344
    0.1576    0.3572    0.0911    0.0076    0.0788    0.1431    0.0001    0.4154    0.2534        0.0851   -0.0307  242.8033
    0.1771    0.3821    0.1855    0.1591    0.0885    0.1020    0.0001    0.3813    0.3677        0.1045    0.0084  224.5873
    0.1584    0.3591    0.0636    0.0016    0.0792    0.1133    0.0001    0.3717    0.2609        0.0906    0.0115  182.7162
    0.1616    0.3661    0.0865    0.1481    0.0808    0.1112    0.0001    0.4005    0.2570        0.0650    0.0120  270.1906
    0.1576    0.3449    0.0591    0.0004    0.0788    0.1112    0.0001    0.3462    0.2394        0.0845    0.0138  256.7830
    0.1491    0.3822    0.0870    0.1138    0.0745    0.1261    0.0001    0.4017    0.2780        0.0596    0.0092  202.9237
    0.1484    0.3583    0.0405    0.0343    0.0742    0.1030    0.0001    0.3530    0.2273        0.0834    0.0051  192.3343
    0.1676    0.3865    0.1115    0.1536    0.0838    0.1385    0.0001    0.5153    0.3408        0.1093    0.0054  194.7789
    0.1600    0.3606    0.0702    0.0161    0.0800    0.1294    0.0001    0.4074    0.2784        0.0965   -0.0085  186.8414
    0.1640    0.3892    0.1357    0.1207    0.0820    0.1626    0.0001    0.5415    0.2968        0.1351    0.0038  189.9448
    0.1608    0.3684    0.1061    0.0003    0.0804    0.1402    0.0001    0.4389    0.2636        0.1245    0.0016  184.5494
    0.1783    0.3881    0.2188    0.1529    0.0891    0.0973    0.0001    0.5238    0.3978        0.1254    0.0109  214.0032
    0.1511    0.3682    0.0462    0.0735    0.0756    0.1076    0.0001    0.4024    0.2354        0.0925    0.0114  188.4972
    0.1651    0.3928    0.1431    0.1614    0.0825    0.1518    0.0001    0.6098    0.3176        0.0876    0.0113  192.7680
    0.1565    0.3581    0.0802    0.0293    0.0782    0.1125    0.0001    0.4464    0.2521        0.0758   -0.0074  182.7346
    0.1703    0.3903    0.1450    0.1486    0.0851    0.1621    0.0001    0.5413    0.3254        0.1285    0.0104  201.0961
    0.1614    0.3624    0.0950    0.0050    0.0807    0.1305    0.0001    0.4290    0.2632        0.1034   -0.0023  191.7222
    0.1630    0.3747    0.1172    0.1053    0.0815    0.1465    0.0001    0.4771    0.2762        0.1233    0.0068  213.5920
    0.1590    0.3628    0.0974    0.0454    0.0795    0.1328    0.0001    0.4261    0.2494        0.1136   -0.0012  211.8345
    0.1626    0.3518    0.0782    0.0778    0.0813    0.0970    0.0001    0.4005    0.2625        0.0969    0.0052  215.8170
    0.1612    0.3538    0.0839    0.0039    0.0806    0.1270    0.0001    0.4000    0.2662        0.1038    0.0098  211.9901
    0.1730    0.3812    0.1393    0.1621    0.0865    0.1385    0.0001    0.5427    0.3241        0.1136    0.0172  205.0806
    0.1563    0.3560    0.0261    0.0005    0.0781    0.1358    0.0001    0.4060    0.2349        0.0848   -0.0054  180.6779
    0.1642    0.3664    0.1144    0.1149    0.0821    0.1044    0.0001    0.4563    0.2885        0.1332    0.0015  196.2194
    0.1585    0.3522    0.0730    0.0578    0.0793    0.0934    0.0001    0.3912    0.2411        0.1065    0.0015  193.3635
    0.1748    0.3713    0.1470    0.1308    0.0874    0.1151    0.0001    0.5167    0.3377        0.1137    0.0126  223.6891
    0.1654    0.3595    0.1128    0.0174    0.0827    0.1263    0.0001    0.4469    0.2900        0.1009   -0.0058  218.0060
    0.1637    0.3792    0.1462    0.1167    0.0819    0.1369    0.0001    0.5151    0.3382        0.0824    0.0124  178.1630
    0.1545    0.3566    0.0879    0.0123    0.0773    0.1052    0.0001    0.4052    0.2653        0.0661    0.0040  170.7823
    0.1724    0.3732    0.1487    0.0964    0.0862    0.1516    0.0001    0.5400    0.3147        0.1663    0.0054  200.0906
    0.1646    0.3548    0.1017    0.0024    0.0823    0.1195    0.0001    0.4504    0.2591        0.1266   -0.0131  194.4540
    0.1678    0.3776    0.1430    0.1380    0.0839    0.1279    0.0001    0.4964    0.3270        0.0595    0.0119  236.8637
    0.1533    0.3576    0.0430    0.0661    0.0766    0.1053    0.0001    0.3792    0.2332        0.0862    0.0068  216.6131
    0.1624    0.3918    0.1274    0.1423    0.0812    0.1600    0.0001    0.5654    0.3026        0.1241    0.0026  193.1988
    0.1554    0.3695    0.0795    0.0580    0.0777    0.1442    0.0001    0.4513    0.2520        0.1082    0.0031  188.8536
    0.1885    0.3840    0.1941    0.1650    0.0942    0.1163    0.0001    0.6256    0.3662        0.1278    0.0040  214.7119
    0.1650    0.3596    0.0968    0.0186    0.0825    0.1002    0.0001    0.4400    0.2589        0.1151    0.0054  196.3438
    0.1697    0.3702    0.1339    0.1654    0.0849    0.0733    0.0001    0.4749    0.3047        0.0830    0.0070  191.5576
    0.1533    0.3566    0.0756    0.0067    0.0767    0.1054    0.0001    0.3896    0.2570        0.0861    0.0097  174.6621
    0.1737    0.3583    0.1355    0.1362    0.0869    0.0825    0.0001    0.5050    0.2902        0.0885    0.0088  217.9427
    0.1634    0.3313    0.0764    0.0091    0.0817    0.0300    0.0001    0.3777    0.2422        0.0949   -0.0056  204.8959
    0.1806    0.3757    0.1631    0.1943    0.0903    0.1004    0.0001    0.5377    0.3628        0.1273    0.0120  197.7658
    0.1594    0.3539    0.0773    0.0330    0.0797    0.1244    0.0001    0.3936    0.2688        0.1195   -0.0005  180.8412
    0.1694    0.3741    0.1306    0.1337    0.0847    0.1412    0.0001    0.5114    0.3048        0.1295    0.0013  238.3769
    0.1635    0.3449    0.0791    0.0687    0.0817    0.0760    0.0001    0.4033    0.2476        0.1010    0.0013  233.2705
    0.1691    0.3587    0.1228    0.1213    0.0845    0.0808    0.0001    0.4636    0.3048        0.0919    0.0047  215.5613
    0.1634    0.3512    0.1031    0.0552    0.0817    0.0971    0.0001    0.4189    0.2815        0.0891    0.0048  213.4673
    0.1592    0.3621    0.0833    0.0108    0.0796    0.1117    0.0001    0.4420    0.3032        0.0828   -0.0006  151.2532
    0.1550    0.3599    0.0485    0.0096    0.0775    0.1077    0.0001    0.4225    0.2519        0.0905   -0.0006  146.0796
    0.1766    0.3808    0.1697    0.1499    0.0883    0.1593    0.0001    0.5252    0.3545        0.1155    0.0057  278.0098
    0.1539    0.3470    0.0229    0.0277    0.0769    0.1151    0.0001    0.3544    0.2047        0.0747    0.0099  250.3784
    0.1615    0.3800    0.1429    0.1073    0.0808    0.1533    0.0001    0.4681    0.3167        0.1447    0.0068  192.0523
    0.1559    0.3577    0.0927    0.0487    0.0779    0.1147    0.0001    0.3830    0.2556        0.1188    0.0032  188.3377
    0.1742    0.3728    0.1439    0.1647    0.0871    0.1316    0.0001    0.5375    0.3441        0.1228    0.0086  181.7669
    0.1606    0.3543    0.0982    0.0158    0.0803    0.1312    0.0001    0.4270    0.2928        0.1039   -0.0102  171.7756
    0.1664    0.3722    0.1162    0.1441    0.0832    0.1035    0.0001    0.4866    0.2851        0.1189    0.0165  227.7072
    0.1600    0.3483    0.0753    0.0011    0.0800    0.0947    0.0001    0.3962    0.2382        0.0996    0.0165  221.3476
    0.1623    0.3616    0.0957    0.0926    0.0812    0.1233    0.0001    0.4573    0.2809        0.1037    0.0017  224.0729
    0.1597    0.3401    0.0699    0.0009    0.0798    0.0829    0.0001    0.3841    0.2348        0.1001   -0.0020  217.4748
    0.1633    0.3763    0.1292    0.1291    0.0816    0.1158    0.0001    0.4838    0.3005        0.0924    0.0165  250.5803
    0.1583    0.3528    0.0796    0.0526    0.0792    0.0920    0.0001    0.3928    0.2454        0.0868    0.0134  245.1939
    0.1701    0.3631    0.1315    0.1054    0.0850    0.1178    0.0001    0.5266    0.2586        0.1104    0.0057  226.1252
    0.1642    0.3492    0.0942    0.0513    0.0821    0.1082    0.0001    0.4463    0.2411        0.1065   -0.0091  220.8946
    0.1906    0.3756    0.2025    0.1664    0.0953    0.1275    0.0001    0.6337    0.3446        0.1223    0.0122  255.0805
    0.1673    0.3510    0.1214    0.0004    0.0836    0.1032    0.0001    0.4470    0.2669        0.0992   -0.0001  240.8517
    0.1689    0.3869    0.1306    0.1473    0.0845    0.1164    0.0001    0.5193    0.3318        0.0970    0.0068  198.5607
    0.1637    0.3589    0.0896    0.0006    0.0818    0.0997    0.0001    0.4147    0.2759        0.1074   -0.0047  185.9453
    0.1814    0.3661    0.1427    0.1573    0.0907    0.0901    0.0001    0.5100    0.3605        0.1124    0.0085  164.6288
    0.1521    0.3669    0.0496    0.0024    0.0761    0.1420    0.0001    0.4334    0.2540        0.0937    0.0100  139.8340
    0.1577    0.3574    0.0769    0.0852    0.0789    0.1031    0.0001    0.4127    0.2440        0.1026   -0.0002  181.5096
    0.1561    0.3565    0.0839    0.0007    0.0780    0.1018    0.0001    0.3975    0.2546        0.0995   -0.0002  175.6205
    0.1598    0.3745    0.0977    0.1152    0.0799    0.1469    0.0001    0.4610    0.2731        0.0785    0.0073  208.7822
    0.1613    0.3558    0.0861    0.0017    0.0806    0.1321    0.0001    0.4052    0.2726        0.1025   -0.0097  200.6408
    0.1781    0.3852    0.1360    0.1995    0.0890    0.1071    0.0001    0.5708    0.3317        0.1300    0.0053  208.6741
    0.1542    0.3685    0.0504    0.0621    0.0771    0.1222    0.0001    0.4386    0.2334        0.0868   -0.0006  198.1335
    0.1768    0.3742    0.1782    0.0819    0.0884    0.1622    0.0001    0.5755    0.3482        0.1223    0.0038  223.2991
    0.1633    0.3490    0.0945    0.0043    0.0817    0.1116    0.0001    0.4337    0.2536        0.1006    0.0056  213.9030
    0.1749    0.3752    0.1320    0.1489    0.0874    0.1270    0.0001    0.5121    0.3304        0.0859    0.0094  232.4181
    0.1526    0.3502    0.0130    0.0002    0.0763    0.1029    0.0001    0.3935    0.2084        0.0803    0.0057  143.5987
    0.1641    0.3547    0.1146    0.1266    0.0820    0.0640    0.0001    0.4268    0.2776        0.1054    0.0058  203.9087
    0.1598    0.3430    0.0856    0.0443    0.0799    0.0837    0.0001    0.3855    0.2500        0.1021    0.0063  199.3126
    0.2105    0.3720    0.2374    0.1576    0.1053    0.1327    0.0001    0.6507    0.4484        0.1482    0.0046  236.2815
    0.1675    0.3560    0.1060    0.0008    0.0838    0.1172    0.0001    0.4493    0.2767        0.1003    0.0027  216.6629
