    0.1441    0.3694    0.0225    0.1694    0.0721    0.1222    0.0001    0.3453    0.2079        0.0765    0.0102  337.0528
    0.1541    0.3428    0.0229    0.1294    0.0770    0.0831    0.0001    0.3534    0.2133        0.0724   -0.0125  325.6791
    0.1596    0.3814    0.1038    0.2052    0.0798    0.1433    0.0001    0.4873    0.2661        0.1011   -0.0005  348.8187
    0.1550    0.3606    0.0702    0.1557    0.0775    0.1167    0.0001    0.4115    0.2342        0.0791   -0.0007  346.5913
    0.1764    0.3586    0.1333    0.2145    0.0882    0.0835    0.0001    0.4409    0.3408        0.1173    0.0089  334.4759
    0.1603    0.3439    0.0696    0.1443    0.0802    0.0715    0.0001    0.3614    0.2586        0.0937    0.0068  330.0795
    0.1618    0.3499    0.0991    0.1253    0.0809    0.1610    0.0001    0.4135    0.2942        0.1029    0.0014  365.0046
    0.1593    0.3359    0.0407    0.1465    0.0797    0.0818    0.0001    0.3578    0.2410        0.0881    0.0016  347.6224
    0.1732    0.3559    0.1453    0.1327    0.0866    0.1259    0.0001    0.5153    0.3520        0.0997    0.0065  260.1136
    0.1631    0.3572    0.0866    0.1578    0.0815    0.1019    0.0001    0.4545    0.3021        0.1026    0.0141  251.5417
    0.1536    0.3498    0.0840    0.1283    0.0768    0.1096    0.0001    0.4129    0.2600        0.1221    0.0089  241.6504
    0.1557    0.3385    0.0712    0.1334    0.0779    0.0611    0.0001    0.3918    0.2511        0.1056    0.0018  239.1905
    0.1431    0.3539    0.0233    0.1284    0.0715    0.1286    0.0001    0.3606    0.2123        0.0701    0.0131  340.2505
    0.1480    0.3431    0.0227    0.1284    0.0740    0.1106    0.0001    0.3510    0.1994        0.0654    0.0003  337.1019
    0.1730    0.3639    0.1344    0.2143    0.0865    0.1135    0.0001    0.4636    0.2948        0.0755    0.0067  358.2512
    0.1604    0.3627    0.0839    0.1694    0.0802    0.1392    0.0001    0.4242    0.2613        0.1054    0.0029  345.3662
    0.1559    0.3409    0.0860    0.0827    0.0779    0.0888    0.0001    0.3793    0.2283        0.0809    0.0132  309.4184
    0.1558    0.3482    0.0828    0.1216    0.0779    0.0893    0.0001    0.3966    0.2223        0.0946   -0.0014  306.4046
    0.1681    0.3760    0.1522    0.2139    0.0841    0.1447    0.0001    0.5478    0.3294        0.1408    0.0065  307.0454
    0.1581    0.3654    0.1025    0.1860    0.0791    0.1109    0.0001    0.4698    0.2697        0.1067    0.0087  303.6487
    0.1616    0.3570    0.0973    0.1792    0.0808    0.1052    0.0001    0.4443    0.2598        0.1317    0.0164  313.7267
    0.1592    0.3320    0.0608    0.1339    0.0796    0.0506    0.0001    0.3752    0.2180        0.1043    0.0207  309.9754
    0.1685    0.3632    0.1027    0.2104    0.0842    0.1186    0.0001    0.4887    0.2772        0.0956    0.0032  378.6841
    0.1470    0.3732    0.0269    0.1647    0.0735    0.1542    0.0001    0.4185    0.2333        0.0767    0.0023  362.9445
    0.1593    0.3589    0.0844    0.1597    0.0796    0.1351    0.0001    0.3935    0.2615        0.0957    0.0094  363.5116
    0.1584    0.3428    0.0622    0.1325    0.0792    0.1041    0.0001    0.3538    0.2326        0.0877   -0.0040  361.1687
    0.1820    0.3733    0.1437    0.2546    0.0910    0.1096    0.0001    0.5382    0.3346        0.1425    0.0060  327.4993
    0.1550    0.3482    0.0234    0.1227    0.0775    0.1190    0.0001    0.3612    0.2171        0.0998    0.0082  302.8188
    0.1732    0.3509    0.1309    0.1788    0.0866    0.1013    0.0001    0.4444    0.2994        0.1241    0.0027  312.2986
    0.1656    0.3396    0.0893    0.1326    0.0828    0.0759    0.0001    0.4012    0.2571        0.1002    0.0024  309.1963
    0.1573    0.3736    0.1104    0.1831    0.0786    0.1096    0.0001    0.4869    0.2704        0.0987    0.0062  266.5301
    0.1477    0.3463    0.0230    0.1029    0.0738    0.0704    0.0001    0.3559    0.2095        0.0744   -0.0131  246.5657
    0.1571    0.3460    0.0668    0.1024    0.0786    0.1233    0.0001    0.3695    0.2373        0.0888   -0.0008  334.8080
    0.1610    0.3402    0.0702    0.1194    0.0805    0.1021    0.0001    0.3713    0.2337        0.0936   -0.0008  333.5428
    0.1649    0.3551    0.1011    0.1660    0.0825    0.1051    0.0001    0.4168    0.2480        0.1175    0.0105  359.9854
    0.1622    0.3476    0.0875    0.1463    0.0811    0.0870    0.0001    0.3892    0.2306        0.1066    0.0026  359.2941
    0.1628    0.3456    0.0823    0.1160    0.0814    0.1192    0.0001    0.4034    0.2304        0.0873    0.0119  403.3295
    0.1688    0.3656    0.1114    0.1914    0.0844    0.1202    0.0001    0.4774    0.2673        0.1017   -0.0033  397.3119
    0.1846    0.3533    0.1327    0.2055    0.0923    0.0875    0.0001    0.5428    0.3374        0.1254    0.0006  340.5474
    0.1600    0.3384    0.0458    0.1350    0.0800    0.1079    0.0001    0.3998    0.2286        0.0857    0.0002  332.5206
    0.1729    0.3495    0.1099    0.1631    0.0864    0.1125    0.0001    0.4541    0.2707        0.1139    0.0100  355.1284
    0.1677    0.3672    0.1113    0.1794    0.0839    0.1462    0.0001    0.4782    0.2789        0.1144   -0.0042  352.5484
    0.1585    0.3521    0.0779    0.1501    0.0793    0.1018    0.0001    0.4308    0.2375        0.0957    0.0062  283.4798
    0.1558    0.3505    0.0698    0.1330    0.0779    0.1119    0.0001    0.4174    0.2303        0.0939    0.0057  282.9740
    0.1634    0.3453    0.0851    0.1653    0.0817    0.1125    0.0001    0.3991    0.2501        0.1107    0.0070  378.2660
    0.1645    0.3456    0.0862    0.1699    0.0822    0.1099    0.0001    0.4020    0.2506        0.1098   -0.0074  377.2939
    0.1536    0.3725    0.0874    0.1553    0.0768    0.1723    0.0001    0.4134    0.2587        0.1321    0.0091  298.1726
    0.1549    0.3545    0.0677    0.1320    0.0775    0.1393    0.0001    0.3793    0.2368        0.1205    0.0105  296.6709
    0.1693    0.3458    0.0907    0.1677    0.0846    0.1063    0.0001    0.4211    0.2649        0.1002    0.0139  378.7517
    0.1736    0.3430    0.0972    0.1821    0.0868    0.0860    0.0001    0.4290    0.2708        0.1002    0.0148  378.0335
    0.1503    0.3437    0.0728    0.0909    0.0751    0.1126    0.0001    0.3752    0.2578        0.0852    0.0068  297.5254
    0.1533    0.3535    0.0749    0.1504    0.0766    0.0806    0.0001    0.4042    0.2523        0.0848    0.0042  290.3101
    0.1669    0.3658    0.1054    0.1854    0.0835    0.1435    0.0001    0.4582    0.2915        0.1063    0.0054  343.9856
    0.1642    0.3403    0.0711    0.1403    0.0821    0.0981    0.0001    0.3861    0.2478        0.0908   -0.0070  341.1350
    0.1520    0.3376    0.0242    0.1335    0.0760    0.0600    0.0001    0.3680    0.2243        0.0697    0.0196  290.6350
    0.1495    0.3379    0.0225    0.1170    0.0748    0.0541    0.0001    0.3490    0.2079        0.0672    0.0025  286.2401
    0.1576    0.3587    0.0899    0.1625    0.0788    0.1116    0.0001    0.4287    0.2769        0.1125    0.0066  289.2873
    0.1586    0.3484    0.0734    0.1566    0.0793    0.0849    0.0001    0.4127    0.2586        0.0962    0.0044  287.7191
    0.1597    0.3444    0.1057    0.1281    0.0798    0.0852    0.0001    0.4271    0.2687        0.0826    0.0042  298.8311
    0.1612    0.3488    0.1029    0.1576    0.0806    0.0844    0.0001    0.4266    0.2801        0.0966   -0.0157  295.2418
    0.1582    0.3861    0.1135    0.1956    0.0791    0.1432    0.0001    0.5396    0.2826        0.1202    0.0073  297.2018
    0.1590    0.3659    0.0874    0.1732    0.0795    0.1110    0.0001    0.4654    0.2542        0.1113   -0.0178  292.5736
    0.1547    0.3675    0.0841    0.1650    0.0773    0.1066    0.0001    0.4235    0.2777        0.1061    0.0008  253.7259
    0.1530    0.3602    0.0709    0.1453    0.0765    0.1023    0.0001    0.4040    0.2625        0.0987    0.0012  253.4113
    0.1582    0.3521    0.0905    0.1532    0.0791    0.1076    0.0001    0.3961    0.2575        0.0946    0.0044  331.3430
    0.1596    0.3480    0.0898    0.1499    0.0798    0.0989    0.0001    0.3900    0.2579        0.0936    0.0043  331.2420
    0.1634    0.3429    0.0804    0.1218    0.0817    0.1189    0.0001    0.4206    0.2382        0.0918    0.0070  321.0175
    0.1643    0.3573    0.0981    0.1573    0.0822    0.1375    0.0001    0.4606    0.2622        0.1003   -0.0017  319.6689
    0.1789    0.3657    0.1663    0.1936    0.0894    0.1497    0.0001    0.5314    0.3395        0.1515    0.0136  326.2375
    0.1597    0.3566    0.0794    0.1688    0.0798    0.1175    0.0001    0.4111    0.2649        0.1210   -0.0200  313.3609
    0.1850    0.2947    0.0100    0.0824    0.0925    0.1185    0.0001    0.3148    0.2907        0.1347    0.0153  332.1348
    0.1562    0.3429    0.0101    0.1418    0.0781    0.0903    0.0001    0.3121    0.2958        0.0857   -0.0114  277.6186
    0.1563    0.3522    0.0943    0.1048    0.0781    0.1275    0.0001    0.3847    0.2224        0.1137    0.0107  328.9201
    0.1529    0.3511    0.0718    0.1178    0.0765    0.1103    0.0001    0.3645    0.2120        0.0917    0.0094  326.6362
    0.1648    0.3621    0.1008    0.1877    0.0824    0.1316    0.0001    0.4584    0.2572        0.0979    0.0104  355.2134
    0.1555    0.3355    0.0225    0.1332    0.0777    0.0988    0.0001    0.3502    0.2016        0.0974    0.0107  336.5023
    0.1796    0.3523    0.1317    0.2171    0.0898    0.0793    0.0001    0.4506    0.3114        0.1363    0.0014  361.7791
    0.1695    0.3344    0.0918    0.1575    0.0848    0.0543    0.0001    0.3836    0.2576        0.1090    0.0015  359.5870
    0.1075    0.4604    0.0100    0.1713    0.0538    0.2355    0.0001    0.6952    0.2332        0.0949    0.0158  290.7109
    0.1238    0.4644    0.0100    0.2136    0.0619    0.2753    0.0001    0.7776    0.3042        0.0874    0.0040  153.8280
    0.1544    0.3601    0.0937    0.1198    0.0772    0.1574    0.0001    0.4524    0.2661        0.0918    0.0085  315.9661
    0.1528    0.3558    0.0484    0.1617    0.0764    0.0984    0.0001    0.4163    0.2433        0.0842    0.0093  302.9597
    0.1595    0.3502    0.0739    0.1404    0.0798    0.1038    0.0001    0.3990    0.2470        0.0863    0.0057  301.3671
    0.1515    0.3513    0.0431    0.1152    0.0758    0.1091    0.0001    0.3785    0.2188        0.0746    0.0007  299.1916
    0.1729    0.3697    0.1622    0.1588    0.0865    0.1780    0.0001    0.5262    0.3625        0.1034    0.0059  338.3346
    0.1629    0.3355    0.0741    0.1250    0.0814    0.0887    0.0001    0.3862    0.2595        0.0808    0.0052  328.8735
    0.1739    0.3508    0.0774    0.1784    0.0870    0.1133    0.0001    0.3898    0.2847        0.1201    0.0038  358.8819
    0.1704    0.3407    0.0618    0.1519    0.0852    0.0903    0.0001    0.3619    0.2621        0.1076    0.0046  357.8186
    0.1653    0.3594    0.1172    0.1624    0.0827    0.1319    0.0001    0.4299    0.2885        0.1111    0.0131  330.2950
    0.1602    0.3531    0.0906    0.1434    0.0801    0.1175    0.0001    0.3889    0.2594        0.0970    0.0269  328.7174
    0.1540    0.3744    0.0498    0.1698    0.0770    0.1384    0.0001    0.4323    0.2597        0.1204    0.0120  285.7121
    0.1570    0.3663    0.0486    0.1684    0.0785    0.1180    0.0001    0.4261    0.2514        0.1119   -0.0000  283.9545
    0.1405    0.3274    0.0100    0.0739    0.0703    0.0782    0.0001    0.3190    0.1878        0.0615    0.0053  268.1743
    0.1463    0.3414    0.0120    0.1123    0.0732    0.0958    0.0001    0.3648    0.1887        0.0766    0.0069  229.5598
    0.1603    0.3465    0.0904    0.1224    0.0801    0.1071    0.0001    0.3829    0.2300        0.1031    0.0080  346.4264
    0.1590    0.3474    0.0829    0.1285    0.0795    0.1027    0.0001    0.3715    0.2201        0.1109    0.0077  345.6078
    0.1567    0.3736    0.0956    0.1538    0.0783    0.1467    0.0001    0.4789    0.2884        0.1126    0.0087  249.3038
    0.1539    0.3385    0.0247    0.0840    0.0770    0.0920    0.0001    0.3848    0.2184        0.0908    0.0135  230.3700
    0.1745    0.3448    0.1138    0.1656    0.0872    0.1209    0.0001    0.4552    0.2749        0.1289    0.0071  309.5123
    0.1661    0.3259    0.0781    0.1078    0.0830    0.0886    0.0001    0.3918    0.2385        0.1150   -0.0011  306.0973
    0.1605    0.3645    0.1064    0.1606    0.0802    0.1312    0.0001    0.4775    0.2771        0.1295    0.0042  275.5313
    0.1611    0.3712    0.1075    0.1858    0.0805    0.1347    0.0001    0.4984    0.2800        0.1260    0.0006  274.4902
    0.1503    0.3329    0.0100    0.1113    0.0752    0.0855    0.0001    0.3078    0.2107        0.0903    0.0071  284.3414
    0.1510    0.3466    0.0122    0.1372    0.0755    0.1003    0.0001    0.3724    0.1943        0.0977    0.0134  234.0310
    0.1515    0.3596    0.0886    0.1534    0.0758    0.1471    0.0001    0.4129    0.2661        0.0957    0.0073  327.6928
    0.1577    0.3612    0.1042    0.1811    0.0788    0.1360    0.0001    0.4429    0.2838        0.1048    0.0093  326.3596
    0.1696    0.3448    0.1082    0.1804    0.0848    0.0687    0.0001    0.4211    0.2871        0.1014    0.0050  334.4872
    0.1701    0.3505    0.1149    0.1916    0.0850    0.0800    0.0001    0.4352    0.2976        0.1087    0.0047  334.2194
    0.1556    0.3323    0.0689    0.0972    0.0778    0.0865    0.0001    0.3633    0.2253        0.0802    0.0017  305.6777
    0.1546    0.3458    0.0706    0.1362    0.0773    0.1055    0.0001    0.3874    0.2375        0.0847    0.0015  303.6069
    0.1622    0.3753    0.1173    0.1842    0.0811    0.1481    0.0001    0.4610    0.2879        0.1257    0.0065  282.8929
    0.1557    0.3658    0.0857    0.1447    0.0779    0.1447    0.0001    0.4095    0.2555        0.1132    0.0097  281.6182
    0.1629    0.3732    0.1053    0.2079    0.0814    0.1181    0.0001    0.4610    0.2947        0.1205    0.0008  319.3455
    0.1548    0.3326    0.0225    0.1088    0.0774    0.0602    0.0001    0.3474    0.2078        0.0846    0.0007  298.1228
    0.1748    0.3541    0.1073    0.1758    0.0874    0.1063    0.0001    0.4334    0.2591        0.1055    0.0065  391.7687
    0.1687    0.3457    0.0860    0.1363    0.0844    0.1083    0.0001    0.3937    0.2315        0.0976    0.0053  390.7747
    0.1650    0.3472    0.0925    0.1605    0.0825    0.1027    0.0001    0.3981    0.2566        0.1269    0.0060  334.3941
    0.1640    0.3401    0.0812    0.1458    0.0820    0.0891    0.0001    0.3772    0.2433        0.1185   -0.0112  332.7090
    0.1625    0.3385    0.0753    0.1010    0.0812    0.1277    0.0001    0.3879    0.2252        0.0859    0.0112  379.0752
    0.1618    0.3361    0.0613    0.1202    0.0809    0.0980    0.0001    0.3758    0.2151        0.0812   -0.0014  376.4722
    0.1582    0.3623    0.0477    0.1700    0.0791    0.1155    0.0001    0.4086    0.2404        0.0835    0.0158  350.9456
    0.1611    0.3352    0.0413    0.1227    0.0805    0.0767    0.0001    0.3618    0.2227        0.0810    0.0123  348.4935
    0.1674    0.3615    0.1210    0.1426    0.0837    0.1513    0.0001    0.4284    0.2969        0.1171    0.0097  351.5181
    0.1605    0.3410    0.0642    0.1177    0.0803    0.0686    0.0001    0.3510    0.2331        0.0924   -0.0021  341.9346
    0.1589    0.3636    0.0785    0.1609    0.0794    0.1417    0.0001    0.4304    0.2551        0.0940    0.0088  345.5464
    0.1565    0.3526    0.0452    0.1478    0.0783    0.1149    0.0001    0.3950    0.2296        0.0759   -0.0092  340.9525
    0.1523    0.3345    0.0667    0.0908    0.0762    0.0997    0.0001    0.3796    0.2159        0.0555    0.0125  288.6762
    0.1524    0.3272    0.0390    0.1080    0.0762    0.0313    0.0001    0.3442    0.2195        0.0827    0.0016  275.5121
    0.1630    0.3487    0.1246    0.1175    0.0815    0.1331    0.0001    0.4349    0.2855        0.1308    0.0061  310.8450
    0.1541    0.3526    0.0750    0.1388    0.0771    0.1129    0.0001    0.3912    0.2381        0.1087    0.0033  305.0098
    0.1471    0.3543    0.0676    0.1216    0.0736    0.1248    0.0001    0.4146    0.2425        0.0984    0.0098  225.0438
    0.1507    0.3620    0.0889    0.1543    0.0753    0.1201    0.0001    0.4458    0.2730        0.1106    0.0011  223.4657
    0.1763    0.3649    0.1269    0.2204    0.0882    0.1178    0.0001    0.5089    0.2960        0.1270    0.0066  353.7208
    0.1639    0.3377    0.0672    0.1359    0.0819    0.0957    0.0001    0.3953    0.2314        0.0988    0.0105  349.2822
    0.1573    0.3413    0.0950    0.1170    0.0787    0.1141    0.0001    0.3858    0.2400        0.0787    0.0151  346.7181
    0.1603    0.3442    0.1046    0.1418    0.0802    0.1039    0.0001    0.4082    0.2452        0.0889    0.0083  345.5257
    0.1603    0.3606    0.1131    0.1781    0.0801    0.1041    0.0001    0.4599    0.2708        0.1110    0.0157  311.5925
    0.1550    0.3555    0.0881    0.1584    0.0775    0.1031    0.0001    0.4102    0.2492        0.1032    0.0187  310.4077
    0.1470    0.3582    0.0118    0.1250    0.0735    0.1531    0.0001    0.3526    0.1990        0.0860    0.0076  226.0091
    0.1491    0.3390    0.0121    0.0979    0.0745    0.0975    0.0001    0.3689    0.1898        0.0769   -0.0186  208.4924
    0.1510    0.3442    0.0651    0.1071    0.0755    0.1066    0.0001    0.4002    0.2328        0.0948    0.0121  242.5833
    0.1507    0.3555    0.0723    0.1356    0.0754    0.1179    0.0001    0.4276    0.2443        0.1011   -0.0054  240.4701
    0.1557    0.3592    0.0900    0.1630    0.0779    0.1243    0.0001    0.4315    0.2827        0.1251    0.0023  310.4756
    0.1577    0.3359    0.0651    0.1460    0.0788    0.0667    0.0001    0.3722    0.2380        0.1013    0.0035  306.3000
    0.1587    0.3537    0.0610    0.1376    0.0794    0.1253    0.0001    0.3714    0.2332        0.1032    0.0102  358.1184
    0.1564    0.3578    0.0425    0.1460    0.0782    0.1303    0.0001    0.3651    0.2254        0.1012    0.0081  357.0196
    0.1750    0.3505    0.1446    0.1843    0.0875    0.0769    0.0001    0.4949    0.2960        0.1162    0.0008  306.6818
    0.1639    0.3479    0.1048    0.1498    0.0820    0.0874    0.0001    0.4470    0.2604        0.1067    0.0006  304.5701
    0.1625    0.3351    0.0698    0.0920    0.0812    0.1408    0.0001    0.3654    0.2399        0.0825    0.0073  386.2505
    0.1583    0.3427    0.0417    0.1437    0.0792    0.0801    0.0001    0.3596    0.2213        0.0794   -0.0064  373.6723
    0.1647    0.3589    0.1363    0.1208    0.0823    0.1518    0.0001    0.4440    0.3023        0.1229    0.0104  315.6517
    0.1631    0.3509    0.1145    0.1325    0.0816    0.1093    0.0001    0.4208    0.2735        0.1115    0.0003  312.0465
    0.1451    0.3609    0.0243    0.1446    0.0726    0.1341    0.0001    0.3935    0.1995        0.1026    0.0004  373.7572
    0.1583    0.3492    0.0246    0.1613    0.0791    0.0957    0.0001    0.3834    0.2179        0.0859    0.0004  360.8073
    0.1658    0.3541    0.0980    0.1432    0.0829    0.1103    0.0001    0.4354    0.2542        0.1091    0.0049  310.7687
    0.1614    0.3451    0.0770    0.0972    0.0807    0.1206    0.0001    0.3936    0.2327        0.1018   -0.0009  308.5938
    0.1639    0.3575    0.1155    0.1774    0.0819    0.0968    0.0001    0.4653    0.2769        0.0887    0.0132  304.8838
    0.1618    0.3658    0.1136    0.1851    0.0809    0.1188    0.0001    0.4768    0.2799        0.0981   -0.0008  303.1691
    0.1654    0.3795    0.1201    0.2062    0.0827    0.1409    0.0001    0.5031    0.2915        0.1255    0.0108  326.7450
    0.1626    0.3628    0.0948    0.1749    0.0813    0.1162    0.0001    0.4426    0.2608        0.1143    0.0119  326.1041
    0.1511    0.3773    0.0161    0.1603    0.0756    0.1803    0.0001    0.4912    0.2565        0.1118    0.0078  284.9572
    0.1470    0.3540    0.0116    0.1406    0.0735    0.0791    0.0001    0.3531    0.1836        0.0978    0.0038  239.2092
    0.1615    0.3623    0.0873    0.2092    0.0808    0.0898    0.0001    0.4231    0.2852        0.1120    0.0161  302.8665
    0.1571    0.3500    0.0634    0.1726    0.0785    0.0805    0.0001    0.3743    0.2610        0.1052    0.0170  301.6107
    0.1575    0.3432    0.0907    0.1199    0.0788    0.1220    0.0001    0.3760    0.2403        0.0728    0.0072  385.0428
    0.1624    0.3683    0.1175    0.1872    0.0812    0.1494    0.0001    0.4460    0.2844        0.0833    0.0013  381.0253
    0.1806    0.3661    0.1463    0.2385    0.0903    0.1216    0.0001    0.5584    0.3453        0.0859    0.0054  346.6002
    0.1647    0.3421    0.0686    0.1581    0.0823    0.0925    0.0001    0.4095    0.2633        0.0930    0.0063  336.0676
    0.1665    0.3298    0.0834    0.1354    0.0833    0.0552    0.0001    0.4062    0.2233        0.1000    0.0057  366.9113
    0.1662    0.3218    0.0657    0.1085    0.0831    0.0617    0.0001    0.3724    0.2136        0.0892   -0.0062  364.3077
    0.1646    0.3471    0.0670    0.1578    0.0823    0.1253    0.0001    0.4181    0.2354        0.0921    0.0041  382.2946
    0.1635    0.3263    0.0417    0.1060    0.0818    0.1041    0.0001    0.3638    0.2150        0.0809    0.0014  379.2694
    0.1480    0.3738    0.0256    0.1423    0.0740    0.1630    0.0001    0.3942    0.2063        0.0978    0.0095  362.6675
    0.1555    0.3414    0.0231    0.1159    0.0778    0.0734    0.0001    0.3599    0.2033        0.0698   -0.0070  347.4808
    0.1652    0.3528    0.0924    0.1419    0.0826    0.1233    0.0001    0.4154    0.2612        0.0800    0.0088  370.6163
    0.1640    0.3386    0.0669    0.1099    0.0820    0.1084    0.0001    0.3874    0.2366        0.0741   -0.0032  368.4402
    0.1752    0.3322    0.1065    0.1437    0.0876    0.0733    0.0001    0.4013    0.2711        0.1047    0.0105  355.6334
    0.1730    0.3389    0.1065    0.1470    0.0865    0.0934    0.0001    0.4064    0.2789        0.1100    0.0022  354.7249
    0.1730    0.3393    0.1147    0.1158    0.0865    0.1324    0.0001    0.4113    0.3130        0.1133    0.0089  329.5835
    0.1704    0.3218    0.0789    0.1017    0.0852    0.0686    0.0001    0.3620    0.2656        0.0984    0.0105  323.4969
    0.1539    0.3552    0.0889    0.1280    0.0770    0.1274    0.0001    0.3994    0.2260        0.1234    0.0029  294.6448
    0.1567    0.3768    0.1227    0.1726    0.0784    0.1601    0.0001    0.4672    0.2672        0.1454   -0.0173  291.7822
    0.1526    0.3514    0.0124    0.1241    0.0763    0.1255    0.0001    0.3865    0.1927        0.0982    0.0099  244.7196
    0.1457    0.3693    0.0128    0.1443    0.0728    0.1464    0.0001    0.3902    0.2011        0.0861    0.0103  241.1893
    0.1536    0.3759    0.0563    0.1489    0.0768    0.1711    0.0001    0.4607    0.2715        0.0860    0.0138  313.7820
    0.1562    0.3605    0.0489    0.1396    0.0781    0.1437    0.0001    0.4260    0.2491        0.0815    0.0125  311.7681
    0.1738    0.3664    0.1382    0.2198    0.0869    0.1091    0.0001    0.5291    0.3081        0.1257    0.0039  325.5081
    0.1655    0.3669    0.1036    0.2051    0.0828    0.1103    0.0001    0.4752    0.2876        0.1245    0.0026  322.8341
    0.1510    0.3756    0.0265    0.1723    0.0755    0.1427    0.0001    0.4108    0.2507        0.0859    0.0079  314.8211
    0.1528    0.3500    0.0238    0.1369    0.0764    0.0836    0.0001    0.3664    0.2214        0.0829    0.0071  310.5299
    0.1692    0.3229    0.0788    0.0989    0.0846    0.0805    0.0001    0.3459    0.2180        0.1057    0.0095  446.5136
    0.1629    0.3488    0.0739    0.1603    0.0814    0.0953    0.0001    0.3731    0.2291        0.0861    0.0077  440.0492
    0.1792    0.3919    0.2068    0.2783    0.0896    0.1559    0.0001    0.6079    0.4035        0.1638    0.0088  351.5723
    0.1571    0.3342    0.0421    0.1440    0.0785    0.0614    0.0001    0.3666    0.2199        0.0872    0.0166  330.4310
    0.1673    0.3450    0.0990    0.1667    0.0836    0.0968    0.0001    0.4249    0.2804        0.0877    0.0095  343.8475
    0.1666    0.3626    0.1158    0.1992    0.0833    0.1267    0.0001    0.4680    0.3128        0.1051    0.0099  341.6877
    0.1752    0.3671    0.1344    0.2047    0.0876    0.1314    0.0001    0.5245    0.3316        0.1128   -0.0075  342.7276
    0.1735    0.3346    0.0966    0.1573    0.0868    0.0549    0.0001    0.4282    0.2728        0.0945    0.0008  337.4802
